4299
37
237
3018
1680
2837
2371
3753
1601
2738
4068
4242
4953
3540
3832
348
648
197
4960
3505
4767
3994
4905
2579
5383
690
5243
594
3418
4409
4371
3183
1376
4317
372
3460
2675
978
2531
4976
1466
3918
140
3749
2517
2562
3569
4604
1672
2250
3140
3624
2885
917
2193
3484
612
239
3064
1629
1493
2061
3939
191
1147
5
213
391
1898
2442
3561
5134
5123
323
899
3694
1049
5261
2978
830
3213
2483
2617
2132
5312
1358
3270
859
2779
1821
3754
4676
61
4765
3740
4901
314
1065
1360
945
798
1579
4697
970
1939
1522
4280
1633
3253
1231
4686
2068
1050
4868
2454
3905
2283
2665
2982
967
941
1345
4141
4285
2640
2800
2382
4756
2794
4885
2153
4287
5031
3922
880
3118
4384
1230
2891
3626
716
519
3175
689
2854
5260
3465
4059
162
975
2225
4889
4361
4621
4055
1596
5148
4616
3501
524
1374
3827
4940
23
2117
294
4627
1384
4971
3615
1428
4491
2478
1598
2919
4528
5385
2816
3530
1477
1167
5395
657
1595
4112
2806
2464
3850
3826
962
4768
991
4685
3794
1896
2370
1395
1205
4117
2561
3934
2374
2101
5015
171
3685
3786
3299
767
4701
14
3776
384
4172
9
478
5215
377
3960
3276
3113
3179
696
3524
3352
940
2440
835
622
3016
1261
2583
4488
4546
938
4601
3737
189
563
3457
4878
980
277
1931
4644
4586
3288
3143
3443
1469
254
898
3646
1859
2403
4962
590
271
3077
5096
4690
2342
1138
758
2284
4617
2213
5235
86
4612
2134
3999
233
2638
2757
3592
2295
4805
3736
2417
5306
3073
1966
4959
406
2463
5157
2832
2741
3828
3812
1220
4566
52
2197
3978
1650
4164
2479
4866
2963
1552
1615
461
4925
4139
1369
430
4171
4853
825
3209
2515
889
2646
881
2927
1226
4192
2995
811
3527
1392
2203
1876
580
1426
1997
4520
1381
1893
2853
1818
4700
3554
3892
595
4352
1076
876
5371
1262
2825
4469
2444
4250
2673
5135
2609
5128
685
1275
4118
1221
3702
2922
218
2007
3989
824
2258
4377
2768
2780
3214
1972
3485
3829
1753
3882
2137
2349
1759
5287
2585
3359
2363
5259
2643
1884
3808
4222
4190
2351
5392
1666
22
5348
2950
2451
1605
5086
3855
3239
493
3521
1323
3856
464
1077
4849
3692
4395
1913
3697
1343
3542
4827
812
785
3747
2333
1892
914
4609
781
2312
4904
1181
3900
1904
947
386
1073
322
221
831
1063
963
3409
724
216
4965
2145
1743
1999
4836
678
3953
4229
4516
2798
5250
871
735
3815
4502
1962
2899
3342
1133
4526
4543
956
1702
3719
2105
1645
3084
124
1054
4610
2073
2839
3937
4552
4753
4367
4494
3394
2909
2536
764
2389
1676
4788
4924
5022
5204
5267
559
5007
2756
3451
1251
3511
2943
3687
4927
875
748
3943
193
2069
2297
4675
3426
646
567
3332
1883
2622
4800
4651
5376
1208
5078
3841
770
2954
4099
3139
3936
2903
837
2118
506
385
3547
1945
4292
1207
2967
3450
2711
4058
4446
2520
5191
409
5209
5331
664
2997
1813
2471
3727
2902
3799
1512
3396
2529
4783
3190
2207
4293
4108
3751
1387
1416
660
3621
2335
2365
2822
4682
2372
248
2864
1770
2522
510
3348
3940
4883
774
2972
2215
1433
4577
3884
1923
112
2063
1162
1935
1271
802
730
3675
815
3323
2323
5327
5067
3387
4309
1180
2168
608
982
4383
1001
3041
4729
3560
4262
5199
3919
4091
3986
3516
3712
3304
4295
1745
1127
1609
447
1306
5352
4871
3975
3671
5046
820
2681
2691
4284
3346
4359
4024
249
993
2276
2078
586
998
3089
3893
5213
3845
3830
1926
4773
4611
11
1838
4917
1188
4399
2945
1176
3074
604
1465
1613
741
965
1622
3744
269
2826
2480
649
3887
3186
2856
1246
1439
4811
2100
5275
355
2546
1378
1600
1938
4549
617
2396
1895
4943
319
4022
1436
3500
286
3908
2810
165
3436
353
786
4082
1992
360
1870
717
2450
619
5380
858
1593
2288
2570
635
1815
1580
2547
2668
2222
4427
3759
906
383
1474
3997
2298
4882
5241
4746
472
2693
342
3375
517
4553
948
3149
5143
4182
465
759
1846
2214
4109
5194
2360
4757
5044
2694
187
1909
172
4857
1587
2266
2328
2127
311
4823
4954
5258
958
4198
638
4588
2226
1144
4822
1284
128
2085
2313
642
996
3593
2083
1195
2013
994
153
675
56
4000
41
3648
4514
4732
4018
5075
346
4369
1696
1824
2949
1736
3417
2380
4425
3632
1274
795
2558
2039
1616
1444
673
3448
3203
4657
253
3752
3257
1097
3746
5008
4538
390
1823
3017
1971
850
2805
109
520
3134
110
1865
907
3617
2155
4240
2887
2924
4967
5315
2762
2973
458
4472
913
1819
979
1840
1146
4440
4459
4392
3928
445
806
4894
2632
3029
3337
1591
2498
4223
1196
2301
264
1644
329
3522
1927
1321
4996
1312
1984
1363
3224
2216
3067
307
1019
592
4744
113
1499
1435
1568
1089
1100
2306
5092
2345
3189
1016
4603
939
3987
2861
1006
333
1442
5053
5033
1330
5305
1278
5355
3722
4786
2925
365
1342
2614
2274
97
3005
5296
3056
3684
2881
4353
1799
851
643
5051
4631
2688
62
2005
985
3923
5104
1829
2235
4847
756
3650
2419
1919
3982
3131
5013
2817
2054
1503
2979
3603
2282
5069
4576
625
2409
3410
3873
437
2008
610
2921
3679
1866
3871
2032
2625
1236
1258
3456
2341
2937
2202
606
605
4224
1843
5203
3700
2291
4766
658
306
1529
924
4481
4124
2106
3807
1647
4776
977
1861
3564
3836
611
2248
2292
2270
1700
1588
2256
1149
4370
1294
2808
2869
1159
3970
3037
5057
4394
4646
4814
111
1051
714
704
309
2009
3714
1367
2748
919
4774
4511
2319
1385
3157
4388
247
3653
550
5320
3742
3944
2067
2588
2189
4512
2878
1232
5071
3363
3075
3367
3042
5227
5107
570
2425
4288
1242
4372
626
3767
91
1710
3360
2415
780
1295
4043
3652
1894
4121
1842
298
299
2264
1413
4140
2604
2048
1602
5077
750
4683
1029
474
2469
1254
2240
5073
4702
4720
5027
3008
2125
2416
2156
818
4745
4258
5319
3126
2914
2578
4945
4812
3883
1924
1656
5276
368
637
4736
2821
1095
1281
2378
20
3377
2855
1004
411
1026
1351
3019
3338
3406
2940
1785
4670
5054
3326
4004
5133
1388
1717
908
5403
2302
194
4092
4869
2385
1691
2390
3101
2458
5268
3357
2422
4255
3762
1104
3680
4792
151
2354
1007
3720
1835
2651
4116
5357
5095
3601
2236
4638
1237
4970
1399
653
4920
3672
1649
2015
1338
3000
1375
1525
4997
2712
4150
4385
784
3302
2273
2587
263
3421
2142
4490
1329
1719
1245
515
4912
53
5097
2696
5189
3885
2685
4413
3600
3633
4160
607
3981
3076
4923
5218
1141
4887
1880
1015
161
5272
3087
1192
4865
1227
4987
1071
5334
1625
1402
4688
1780
1566
2830
4294
4841
3150
3959
703
1978
3241
2707
1906
1751
1947
344
531
2755
1652
2394
5109
2001
2989
2986
5034
4306
380
3969
4931
5103
2257
1950
3577
4239
5309
3130
451
3946
2227
1406
4050
4424
487
4452
1383
5386
5026
4484
2466
4709
2434
1109
2790
2234
4763
1628
4779
3863
3711
599
4312
4649
3972
5098
1828
4504
4724
3234
3612
4687
2606
5202
2976
4684
1729
4421
129
5362
2438
2535
4998
289
3834
4606
4769
5356
5360
5373
5257
3052
3849
2002
3092
3248
4796
4489
2725
5237
2135
4236
340
1440
2747
4185
1212
2467
5364
1483
3274
4821
866
2230
1875
224
2071
4561
3649
2744
2158
4817
2177
513
1432
1326
3691
2534
270
2407
1120
4296
533
3060
1293
2882
2985
359
1217
3259
1087
1662
2050
2299
1434
3852
2993
1825
1712
5264
1738
794
3728
125
5382
2999
5161
4053
3463
2807
1916
3233
4448
4327
280
4341
1606
4144
2448
5303
598
3803
4807
1482
1689
4045
3184
2455
576
778
3310
4728
3800
1058
350
1056
3963
4705
96
508
3070
2107
5359
737
3622
2613
839
1750
2064
2678
1727
1185
1102
3322
2212
1279
2867
4643
3314
687
3588
5043
667
1706
284
1197
2519
