1011
4707
1244
5149
1509
857
3114
5297
3705
2892
4436
4456
1456
3631
3668
2598
5083
1401
1623
4289
4762
4620
105
4623
5196
1124
5210
2984
1555
1636
4725
1856
1009
4573
1355
3755
4404
2835
4129
3814
4423
4196
3044
2321
1353
4015
2244
729
4903
3187
4325
2559
4730
489
2850
2128
5294
4793
1193
1122
3321
544
882
1154
4493
4363
603
4271
937
5402
3538
283
5183
5041
2566
749
1778
2900
1046
2102
3408
3389
1348
2597
3080
2121
3136
4168
4443
1659
530
538
5378
661
4246
198
2279
2953
2502
1253
816
753
71
992
3308
3968
4564
452
4544
1576
1430
4054
2261
1944
3120
5310
4721
2325
2795
3469
1550
1862
4432
4639
4743
1380
2103
2639
4622
1393
2344
4895
5138
2754
1837
1178
4487
1379
3818
343
2684
5179
4152
4667
1061
5171
3676
231
3371
5201
4712
1907
4156
4148
2905
347
1942
168
2627
4523
5321
1148
1325
1803
3683
3142
4574
5145
1810
793
3717
4400
3656
3489
3079
1641
2677
647
3947
5106
3178
3263
88
2123
2820
3051
1967
3558
1318
2398
3504
1283
848
718
33
2206
2838
4760
1443
57
3629
4232
1805
163
1422
1521
3268
234
1858
971
3199
4146
2245
3247
4864
4138
1739
2695
2303
241
5206
722
3499
3327
3879
2053
2195
3769
4708
2870
207
805
1699
2031
2166
388
2894
1505
4747
4119
1590
2309
4458
600
5017
2165
1336
2322
4656
45
2715
257
2958
5052
1890
3447
4602
1937
3471
3948
1099
863
952
34
2038
4072
5088
1481
1718
679
4313
2812
5248
4422
328
2930
133
4373
3006
3362
2763
5214
1674
2772
5050
2426
4633
719
476
2759
547
1765
1574
535
4535
2631
4521
2947
641
4935
3840
5367
4806
3496
3333
2647
1563
2862
428
2592
1705
1405
743
1646
1198
3026
5384
5326
1139
2184
4819
5339
1391
5347
1771
2573
5245
4789
4071
240
4674
2728
407
4169
4350
1438
2019
2913
1248
4820
1377
399
3846
2890
2175
4248
4797
3642
1365
4645
1536
4704
4362
2901
1337
4410
3479
3356
3090
287
707
3636
245
1020
403
4442
2501
1209
2131
3106
904
4039
4035
4465
196
423
5244
419
4775
3467
4595
3816
5127
3678
2889
1370
2265
5055
2239
2260
226
5340
4346
1669
1545
4281
3706
4181
3165
4060
1954
3655
4241
3
5144
2436
1543
2858
1630
1317
1454
4536
356
2198
5011
2961
5230
369
949
1431
3745
3379
3033
3441
2294
106
2586
49
4159
720
3103
3339
614
2563
3729
208
3399
2126
935
1621
4052
1614
1270
3509
1560
1356
2481
1106
4829
4902
3911
4233
3957
662
3235
2793
4179
1096
4854
1761
2377
3804
4041
4713
3210
4444
5116
2392
3454
4290
4437
2934
2308
1573
44
2918
374
3311
2551
4375
888
1873
575
1998
4297
3094
503
3640
585
822
3434
358
2657
3034
4734
2866
4063
5114
2014
4778
3915
331
3544
4014
4376
4193
4408
4590
1484
1093
2221
3546
2620
1475
2476
316
4605
5285
4599
4267
4665
394
2011
3865
4405
3539
2875
1912
3721
2381
1506
3383
26
28
2505
905
1546
2955
258
3285
4698
4497
1297
4197
2572
3172
5324
1396
188
5379
2210
2033
1936
4157
25
2727
5401
4858
652
1733
1809
2703
3552
148
1048
1470
35
2233
3343
3788
1075
3002
3369
3459
5035
1319
3372
4098
1995
167
467
4415
5009
2228
266
4879
5021
1801
3407
5074
4571
761
5110
3699
3010
873
1943
3027
1510
3282
422
3869
2721
455
3004
1407
3904
3962
1308
3174
2427
2840
1409
1060
1357
4848
3926
4899
3243
3890
4230
2607
3353
1632
1808
4247
1043
4189
3030
3013
4846
5363
4029
1145
2649
1189
3861
3171
2412
656
4120
804
1932
5266
2023
214
3639
2017
3099
2388
2543
5231
4303
4510
2263
1535
4626
3565
2751
2718
4066
5198
1565
1130
2708
3271
3207
5225
3847
1186
3472
4587
4625
1280
3979
4401
1708
3798
5251
147
3825
4210
932
988
482
267
2347
2717
4136
484
1488
3596
2771
2487
3137
3790
4278
1882
3125
3153
2176
1635
5282
5158
5029
5060
58
2791
3842
2729
2336
4142
951
2136
2074
1115
2140
558
552
1366
202
4527
5277
3237
695
5068
757
842
1445
708
4283
337
2637
4993
1844
4056
2655
199
2704
2082
1216
3582
2530
3435
3476
773
4737
5036
694
2482
1571
2648
2528
2702
5387
4324
4978
31
897
2504
1094
1501
3228
4259
3862
392
1886
3553
4061
4207
4378
4453
192
2589
5397
2801
2423
1419
788
2462
3548
1143
1985
2056
2576
800
3701
414
4206
1626
5180
3083
4202
2960
155
5335
387
2369
4208
1852
1303
2906
699
3088
1175
3167
867
4348
5341
4433
1762
1531
2827
2540
2818
2161
3607
3468
548
1816
4661
4451
4794
1194
1404
596
2991
700
4739
847
2611
3604
4742
3291
433
3112
5323
1781
3802
4036
852
1847
4464
2318
398
3635
4226
3510
823
4147
2324
3823
2024
255
3686
1767
2580
5405
3009
1010
1424
2556
2304
765
961
4342
114
4086
4515
3062
2144
775
4884
1533
1986
3824
4331
3757
2956
5342
3146
2612
1215
2615
1298
3474
922
771
2452
1421
2098
1581
529
1114
1268
2510
3386
256
5091
2621
2000
1091
5217
1103
5174
1941
2075
4319
819
2731
5337
2659
1648
2113
3835
5192
2205
1218
3623
3223
4562
4231
5226
4454
1782
4006
630
2796
2942
2774
1664
3783
5125
1537
3625
2219
4244
80
2044
2778
2503
30
813
2460
5289
1243
4761
3218
3912
4125
1949
746
2199
777
3864
3155
77
5099
51
4345
772
3929
4089
3242
1742
1791
352
629
2841
4031
1683
1347
4220
1316
1214
1082
911
1964
2661
3277
5141
886
4132
4397
4662
2496
3430
3630
2174
1108
4771
4859
713
1179
2664
2988
1041
200
1219
4537
