3157
4388
247
3653
550
5320
3742
3944
2067
2588
2189
4512
2878
1232
5071
3363
3075
3367
3042
5227
5107
570
2425
4288
1242
4372
626
3767
91
1710
3360
2415
780
1295
4043
3652
1894
4121
1842
298
299
2264
1413
4140
2604
2048
1602
5077
750
4683
1029
474
2469
1254
2240
5073
4702
4720
5027
3008
2125
2416
2156
818
4745
4258
5319
3126
2914
2578
4945
4812
3883
1924
1656
5276
368
637
4736
2821
1095
1281
2378
20
3377
2855
1004
411
1026
1351
3019
3338
3406
2940
1785
4670
5054
3326
4004
5133
1388
1717
908
5403
2302
194
4092
4869
2385
1691
2390
3101
2458
5268
3357
2422
4255
3762
1104
3680
4792
151
2354
1007
3720
1835
2651
4116
5357
5095
3601
2236
4638
1237
4970
1399
653
4920
3672
1649
2015
1338
3000
1375
1525
4997
2712
4150
4385
784
3302
2273
2587
263
3421
2142
4490
1329
1719
1245
515
4912
53
5097
2696
5189
3885
2685
4413
3600
3633
4160
607
3981
3076
4923
5218
1141
4887
1880
1015
161
5272
3087
1192
4865
1227
4987
1071
5334
1625
1402
4688
1780
1566
2830
4294
4841
3150
3959
703
1978
3241
2707
1906
1751
1947
344
531
2755
1652
2394
5109
2001
2989
2986
5034
4306
380
3969
4931
5103
2257
1950
3577
4239
5309
3130
451
3946
2227
1406
4050
4424
487
4452
1383
5386
5026
4484
2466
4709
2434
1109
2790
2234
4763
1628
4779
3863
3711
599
4312
4649
3972
5098
1828
4504
4724
3234
3612
4687
2606
5202
2976
4684
1729
4421
129
5362
2438
2535
4998
289
3834
4606
4769
5356
5360
5373
5257
3052
3849
2002
3092
3248
4796
4489
2725
5237
2135
4236
340
1440
2747
4185
1212
2467
5364
1483
3274
4821
866
2230
1875
224
2071
4561
3649
2744
2158
4817
2177
513
1432
1326
3691
2534
270
2407
1120
4296
533
3060
1293
2882
2985
359
1217
3259
1087
1662
2050
2299
1434
3852
2993
1825
1712
5264
1738
794
3728
125
5382
2999
5161
4053
3463
2807
1916
3233
4448
4327
280
4341
1606
4144
2448
5303
598
3803
4807
1482
1689
4045
3184
2455
576
778
3310
4728
3800
1058
350
1056
3963
4705
96
508
3070
2107
5359
737
3622
2613
839
1750
2064
2678
1727
1185
1102
3322
2212
1279
2867
4643
3314
687
3588
5043
667
1706
284
1197
2519
