4299
37
237
3018
1680
2837
2371
3753
1601
2738
4068
4242
4953
3540
3832
348
648
197
4960
3505
4767
3994
4905
2579
5383
690
5243
594
3418
4409
4371
3183
1376
4317
372
3460
2675
978
2531
4976
1466
3918
140
3749
2517
2562
3569
4604
1672
2250
3140
3624
2885
917
2193
3484
612
239
3064
1629
1493
2061
3939
191
1147
5
213
391
1898
2442
3561
5134
5123
323
899
3694
1049
5261
2978
830
3213
2483
2617
2132
5312
1358
3270
859
2779
1821
3754
4676
61
4765
3740
4901
314
1065
1360
945
798
1579
4697
970
1939
1522
4280
1633
3253
1231
4686
2068
1050
4868
2454
3905
2283
2665
2982
967
941
1345
4141
4285
2640
2800
2382
4756
2794
4885
2153
4287
5031
3922
880
3118
4384
1230
2891
3626
716
519
3175
689
2854
5260
3465
4059
162
975
2225
4889
4361
4621
4055
1596
5148
4616
3501
524
1374
3827
4940
23
2117
294
4627
1384
4971
3615
1428
4491
2478
1598
2919
4528
5385
2816
3530
1477
1167
5395
657
1595
4112
2806
2464
3850
3826
962
4768
991
4685
3794
1896
2370
1395
1205
4117
2561
3934
2374
2101
5015
171
3685
3786
3299
767
4701
14
3776
384
4172
9
478
5215
377
3960
3276
3113
3179
696
3524
3352
940
2440
835
622
3016
1261
2583
4488
4546
938
4601
3737
189
563
3457
4878
980
277
1931
4644
4586
3288
3143
3443
1469
254
898
3646
1859
2403
4962
590
271
3077
5096
4690
2342
1138
758
2284
4617
2213
5235
86
4612
2134
3999
233
2638
2757
3592
2295
4805
3736
2417
5306
3073
1966
4959
406
2463
5157
2832
2741
3828
3812
1220
4566
52
2197
3978
1650
4164
2479
4866
2963
1552
1615
461
4925
4139
1369
430
4171
4853
825
3209
2515
889
2646
881
2927
1226
4192
2995
811
3527
1392
2203
1876
580
1426
1997
4520
1381
1893
2853
1818
4700
3554
3892
595
4352
1076
876
5371
1262
2825
4469
2444
4250
2673
5135
2609
5128
685
1275
4118
1221
3702
2922
218
2007
3989
824
2258
4377
2768
2780
3214
1972
3485
3829
1753
3882
2137
2349
1759
5287
2585
3359
2363
5259
2643
1884
3808
4222
4190
2351
5392
1666
22
5348
2950
2451
1605
5086
3855
3239
493
3521
1323
3856
464
1077
4849
3692
4395
1913
3697
1343
3542
4827
812
785
3747
2333
1892
914
4609
781
2312
4904
1181
3900
1904
947
386
1073
322
221
831
1063
963
3409
724
216
4965
2145
1743
1999
4836
678
3953
4229
4516
2798
5250
871
735
3815
4502
1962
2899
3342
1133
4526
4543
956
1702
3719
2105
1645
3084
124
1054
4610
2073
2839
3937
4552
4753
4367
4494
3394
2909
2536
764
2389
1676
4788
4924
5022
5204
5267
559
5007
2756
3451
1251
3511
2943
3687
4927
875
748
3943
193
2069
2297
4675
3426
646
567
3332
1883
2622
4800
4651
5376
1208
5078
3841
770
2954
4099
3139
3936
2903
837
2118
506
385
3547
1945
4292
1207
2967
3450
2711
4058
4446
2520
5191
409
5209
5331
664
2997
1813
2471
3727
2902
3799
1512
3396
2529
4783
3190
2207
4293
4108
3751
1387
1416
660
3621
2335
2365
2822
4682
2372
248
2864
1770
2522
510
3348
3940
4883
774
2972
2215
1433
4577
3884
1923
112
2063
1162
1935
1271
802
730
3675
815
3323
2323
5327
5067
3387
4309
1180
2168
608
982
4383
1001
3041
4729
3560
4262
5199
3919
4091
3986
3516
3712
3304
4295
1745
1127
1609
447
1306
5352
4871
3975
3671
5046
820
2681
2691
4284
3346
4359
4024
249
993
2276
2078
586
998
3089
3893
5213
3845
3830
1926
4773
4611
11
1838
4917
1188
4399
2945
1176
3074
604
1465
1613
741
965
1622
3744
269
2826
2480
649
3887
3186
2856
1246
1439
4811
2100
5275
355
2546
1378
1600
1938
4549
617
2396
1895
4943
319
4022
1436
3500
286
3908
2810
165
3436
353
786
4082
1992
360
1870
717
2450
619
5380
858
1593
2288
2570
635
1815
1580
2547
2668
2222
4427
3759
906
383
1474
3997
2298
4882
5241
4746
472
2693
342
3375
517
4553
948
3149
5143
4182
465
759
1846
2214
4109
5194
2360
4757
5044
2694
187
1909
172
4857
1587
2266
2328
2127
311
4823
4954
5258
958
4198
638
4588
2226
1144
4822
1284
128
2085
2313
642
996
3593
2083
1195
2013
994
153
675
56
4000
41
3648
4514
4732
4018
5075
346
4369
1696
1824
2949
1736
3417
2380
4425
3632
1274
795
2558
2039
1616
1444
673
3448
3203
4657
253
3752
3257
1097
3746
5008
4538
390
1823
3017
1971
850
2805
109
520
3134
110
1865
907
3617
2155
4240
2887
2924
4967
5315
2762
2973
458
4472
913
1819
979
1840
1146
4440
4459
4392
3928
445
806
4894
2632
3029
3337
1591
2498
4223
1196
2301
264
1644
329
3522
1927
1321
4996
1312
1984
1363
3224
2216
3067
307
1019
592
4744
113
1499
1435
1568
1089
1100
2306
5092
2345
3189
1016
4603
939
3987
2861
1006
333
1442
5053
5033
1330
5305
1278
5355
3722
4786
2925
365
1342
2614
2274
97
3005
5296
3056
3684
2881
4353
1799
851
643
5051
4631
2688
62
2005
985
3923
5104
1829
2235
4847
756
3650
2419
1919
3982
3131
5013
2817
2054
1503
2979
3603
2282
5069
4576
625
2409
3410
3873
437
2008
610
2921
3679
1866
3871
2032
2625
1236
1258
3456
2341
2937
2202
606
605
4224
1843
5203
3700
2291
4766
658
306
1529
924
4481
4124
2106
3807
1647
4776
977
1861
3564
3836
611
2248
2292
2270
1700
1588
2256
1149
4370
1294
2808
2869
1159
3970
3037
5057
4394
4646
4814
111
1051
714
704
309
2009
3714
1367
2748
919
4774
4511
2319
1385
4304
81
3532
4439
2783
654
4011
4928
711
332
4930
2446
3028
5349
3875
3202
3486
2539
2110
4402
3483
5304
1675
4307
1660
4999
2542
2667
4282
3252
439
4680
3870
4218
1694
4752
4308
927
849
655
1538
2383
3290
509
3319
3055
2353
1003
928
5190
1064
4243
1119
3993
1447
4002
3071
4143
2789
738
760
2049
1996
4525
2387
4069
1940
4896
2428
1022
4403
1222
2093
5184
2332
4471
2897
1891
5358
3160
2860
1597
692
621
3796
1382
5222
5142
2605
1562
1959
2285
2521
954
60
3872
1627
5396
4758
4080
3416
3366
1685
5333
1796
1081
2669
1832
1497
828
2533
4270
827
3897
5271
1720
902
4102
2447
4468
1035
3669
3523
4064
779
1885
1331
542
4580
555
578
602
4461
4951
1540
228
740
4557
3154
3860
3109
1542
4085
1744
4834
1311
1507
4133
1113
5318
2296
634
546
2337
3731
942
507
5146
4333
763
4818
4531
3681
3833
801
335
1269
4578
2208
2077
160
5240
2391
4973
2252
3166
4653
410
2654
1961
101
5336
1769
2034
4221
2096
2152
1740
3774
2591
499
2883
1756
1786
3792
3526
1872
107
2998
3402
339
1291
3124
4541
4748
536
3758
2689
1679
2246
3063
2271
416
3877
1490
4500
2224
3082
2601
4100
1024
2916
1914
4360
933
131
4556
5208
2190
860
3429
2872
4706
2124
417
1925
5136
244
4046
4909
2672
1670
3809
2781
375
581
4569
1039
4355
3335
4033
2802
1448
2492
3777
4398
278
5286
246
564
4565
1310
1653
3917
1302
2746
631
874
3231
1135
1174
2092
3200
4479
3559
72
877
2247
351
2946
2020
4784
1240
1617
4719
274
4545
3420
2119
4328
4749
1772
4274
4286
1658
2201
19
1427
5122
2076
4462
29
232
5322
276
3851
4431
613
3104
1362
47
3512
126
5219
4217
2493
4321
3764
50
4077
4666
1151
943
2006
1760
1110
2468
1177
5370
449
2357
1841
24
3300
5039
3208
968
3122
5042
2192
2557
3536
4942
691
1528
1982
2141
4049
3641
4972
3914
3497
366
4390
2936
73
2421
2745
810
2329
1161
3121
3385
3854
2555
500
2065
3325
3192
3267
2845
5187
181
1235
5176
3906
4203
562
4199
3614
2340
5119
4870
219
4716
2066
918
1286
1881
1974
2004
2574
677
672
468
2511
4975
3645
884
5018
65
4455
1472
89
1714
4386
3038
5265
3984
313
4256
186
4926
3351
4542
2278
3116
3916
3570
3707
2939
2829
1199
5252
2400
855
2766
1863
116
5314
2526
3545
3613
371
4655
3507
3638
2178
2437
3599
2445
70
2552
1564
5302
2758
3438
405
1023
4412
3412
5117
4568
2352
797
2775
3811
1153
2338
2662
180
3945
950
3628
2674
4418
2109
3886
2880
3859
5062
2549
4918
285
1993
2488
2401
543
5350
98
281
3543
3933
5185
3772
1817
1990
640
5375
1654
2080
1157
1014
490
418
1903
4349
4635
4518
2120
2635
3043
4477
3785
1839
3312
78
4860
744
4435
4021
3955
4632
1804
1002
2843
1373
1267
900
2058
4585
262
2151
134
2254
4414
5152
82
3874
379
3425
1728
4382
4227
143
651
2716
926
2814
1047
1079
584
1631
1979
2952
1637
4608
883
1624
170
2404
4873
2046
715
2242
909
4466
2012
94
910
1386
3117
2928
663
712
1518
3249
1425
3831
2043
130
3502
3773
4485
260
4963
4135
3644
2035
2969
3011
3350
463
2857
5388
2582
1960
826
4804
1951
986
2935
2231
5295
2091
5212
2616
373
4478
3439
2185
4406
920
5330
3677
3432
3129
4597
4754
2714
4212
1874
1121
4933
620
2836
5404
2241
1952
4347
3078
404
3550
3035
1551
182
4591
3334
4213
2194
2122
4463
4103
3556
3365
3932
2957
2833
2484
1701
3931
115
1688
5181
4291
4166
1853
3739
5256
2367
238
3296
1619
3901
2550
1836
4830
1556
3404
4187
841
944
1136
424
972
1368
1777
3988
442
2764
728
3096
666
1544
2084
3518
3313
5228
5082
3858
2315
4044
4798
2983
2734
5085
2701
4641
4710
3620
1340
1599
3262
2660
4273
2431
4614
1066
3221
854
2777
4186
3381
5132
1665
4592
3503
4813
3206
3411
4122
4636
2200
1304
1768
4711
68
268
4174
4727
4300
3048
2713
5061
1206
3040
4507
814
2792
1034
4824
3405
5291
3003
4850
3478
1975
477
4985
1038
3370
4482
2081
3674
1128
2823
5115
3966
5377
4407
1070
501
1956
4751
85
3368
1572
3971
1634
5150
2971
3710
3689
1682
317
3238
4540
1335
4519
5344
2962
4583
1142
5299
288
1519
3205
1849
178
5253
523
1277
1901
2512
5328
87
1879
5056
3415
3215
525
2307
3349
2896
4961
4867
2040
1723
1513
1334
2966
3898
2932
3583
3168
879
5129
990
3176
252
1779
790
4205
1677
1017
393
624
5254
5205
3517
2251
3023
102
3514
789
745
3466
2477
1855
3156
1698
3805
3021
2769
4387
3384
2173
2018
3793
5345
4952
2863
2803
4922
1013
1301
1494
1417
516
2025
2491
3049
2723
3938
1516
3760
3232
3698
4650
681
2232
1059
4968
2877
5032
2683
2457
3066
2474
1165
1987
1539
1354
3031
2898
1252
1748
74
46
158
2819
145
453
4302
150
1446
4087
4898
3331
3001
3992
1704
1111
159
4234
5307
1260
3985
1917
3059
2424
1806
2267
3336
3584
2968
1603
3961
3894
16
2414
2642
2187
3345
5223
183
4216
479
5177
2545
3525
2010
821
469
5164
4547
2650
762
2737
4886
1296
1033
1489
1463
3535
4815
723
5154
2089
1980
1678
1642
2355
4630
2036
1732
983
1085
1350
534
3145
1371
39
2720
1575
1604
1610
2366
1612
3732
1930
4559
1549
4772
3616
1105
1322
566
4252
1877
1450
2736
0
3128
3935
142
1263
5167
4330
754
665
1150
2410
2182
104
3595
4067
3289
946
3266
5332
2237
4946
2062
1692
3414
3107
4026
3401
2399
