1302
309
4936
4765
3296
5125
52
5128
1440
3426
2799
2889
3158
5254
3433
3047
5154
253
1206
2207
3026
5126
2337
3758
4531
285
53
1779
841
3107
406
990
1923
5003
3657
4808
3682
2027
4644
708
60
91
608
5
3841
3558
1007
2968
675
1308
3886
2960
3890
3566
4360
3712
4055
3643
4711
1182
544
3502
853
1522
201
2108
4618
5331
1669
4832
3195
2260
4769
3231
4094
3688
4800
435
3369
2879
4352
4312
5307
1437
339
382
4887
3272
1526
4572
2345
2589
2246
1511
2988
3918
1126
1171
2188
351
4607
1145
458
4989
3168
3792
4777
5142
4536
2056
4028
735
1931
2067
3739
3887
1056
3301
485
510
25
5321
4776
4508
3966
4706
4545
4495
2686
297
4171
3293
4945
1111
3435
1369
287
542
3596
4146
294
2050
2948
1477
1386
461
5363
2710
1784
1744
2029
1930
2020
913
1811
1068
1293
2048
1355
4120
2619
1690
2994
1441
4176
5240
2190
419
5315
1867
3470
2487
501
1328
4019
1479
2442
3884
1432
5167
4175
3607
3825
1298
5205
1876
3713
1850
408
5329
1600
3753
1746
1962
1493
5391
1124
203
2466
1598
252
3765
2999
3499
2125
1577
3635
1325
3230
1918
1192
384
5362
4976
4316
1660
870
2123
5264
3294
3394
3942
1150
602
86
1755
1831
3290
3460
4204
5051
4743
2685
2311
1596
4561
970
2096
483
1564
4439
302
1488
2816
2840
5101
1142
1159
1675
3818
3011
623
537
1102
2482
2073
68
2057
1823
860
4076
4240
2174
5318
3703
3594
250
706
1891
4865
5263
1997
3902
3885
3995
3549
1518
5122
509
5202
2578
3126
5381
4093
575
2001
5089
4440
3805
599
595
3631
5180
2983
2531
3997
434
2042
381
4457
3831
511
541
2853
224
1026
3998
4512
5063
4166
1187
1540
976
4503
4798
874
1223
2866
4326
2272
891
3263
5358
2519
4441
721
5281
2373
146
1972
1542
4221
5088
652
833
4785
5337
947
594
4487
1057
2080
1140
4362
1041
2448
3934
1356
305
3186
474
5177
1448
2111
1118
357
2136
5392
2743
4473
4593
1264
4285
277
3324
3076
3075
5335
4670
2521
5402
3492
2672
3219
433
3722
4889
2399
4246
2049
4914
272
388
5342
2198
3080
1794
2012
4131
2536
288
4908
1661
4553
1970
3855
462
4045
3928
3223
5090
5159
4625
2137
11
29
2351
1008
99
2987
4891
4725
4906
416
664
4423
1017
2911
4944
1027
2774
1374
984
3085
785
3090
1737
3342
1131
1054
5239
2736
1001
1042
1552
945
3534
3117
1785
4158
2140
123
2158
1290
1292
185
1581
2610
1740
320
4877
4982
2784
1135
1473
254
1030
1881
3233
780
597
2326
1465
3176
5121
2649
147
2248
2680
1469
1014
370
3837
2149
3471
2867
3500
157
3048
4397
1778
3240
3794
2225
4438
839
216
3185
4950
1480
3734
5222
2011
2735
4839
3526
1832
3383
5045
590
1570
4173
4263
2537
5065
2094
322
3142
4281
1461
5116
5027
2577
5393
2539
1507
5311
4242
4639
1028
5204
5198
3333
1559
4143
2632
3892
3710
2449
5227
184
3133
3784
4524
1250
2099
2183
2498
1114
1788
4111
364
3178
4650
4006
4907
2315
3177
88
738
3424
3555
132
3012
1059
578
4941
5056
2274
2408
794
5251
2228
4081
4197
896
1629
5032
4598
1375
213
1003
4255
374
2951
2791
2493
4946
4121
4628
564
319
394
1834
2704
4387
4414
975
3391
1700
4975
1614
1387
3136
1569
4704
2173
2641
1934
1681
1252
3208
3062
3469
5129
1431
4920
2594
5077
271
611
1141
73
3302
2653
2792
1172
3226
4824
263
3693
4780
1502
4965
4759
2862
802
369
4085
34
1491
2738
4966
2754
2296
3160
690
2793
4313
44
604
4481
3815
2975
3058
346
316
5115
3046
3698
562
3990
1472
159
1428
3891
2777
1201
3595
83
37
323
3720
3004
5226
5400
2179
2787
4566
2809
1944
403
4067
2980
2957
793
3222
3542
1035
5365
4413
326
2069
3266
3316
1657
5166
1414
1722
1019
1616
5366
1036
4631
118
66
3948
4968
953
1898
1495
2747
3543
1077
531
2751
2088
3971
2412
1849
1705
244
1640
1538
2768
1919
2324
2458
518
4683
2726
301
189
3681
2146
5169
145
453
3935
2187
912
3127
5151
1191
2562
1795
4850
768
3977
4205
2327
5157
4482
1975
4770
4773
327
3229
4929
2618
275
921
1184
2241
4672
741
2148
3134
2627
3537
3582
2582
3485
2273
3521
1406
2393
1597
3939
914
4804
1458
503
547
1699
4949
1982
1893
907
3930
2340
691
3983
4694
2247
2004
4562
3603
3053
5219
5359
3904
2097
106
4015
2465
496
142
5163
5367
168
228
2844
4346
3315
3112
4977
5107
895
1065
1010
952
4521
1983
2765
2182
818
3843
3580
517
526
3801
2118
2732
4638
220
2941
493
3494
1896
476
4140
3572
1679
655
2965
3352
2155
4771
3378
158
4372
4359
3717
4251
3927
4519
4315
2737
4233
1875
4754
968
4655
2015
4297
2849
1578
231
1203
3768
2162
4038
2227
1608
1871
4138
1039
115
2526
4183
1998
1033
3482
4040
1317
4649
5081
5014
4048
4528
795
57
3552
2785
704
2858
208
3055
5184
3949
4190
4318
4884
3602
1055
3665
1909
4978
5033
3343
565
3590
2702
4871
3156
4061
1958
765
456
2365
2160
5039
3593
3750
1426
618
1220
4613
3929
4923
1749
1533
440
477
551
3974
4296
1204
4731
2309
4626
4921
2105
4514
3576
919
5094
1889
2398
4025
4035
2261
5109
1652
3169
2378
4697
2281
1545
2899
4601
3124
3280
5191
2966
4494
478
1718
2587
5360
2600
2400
3647
3851
1743
1300
3282
4130
1796
792
4018
3194
3839
2549
3033
1104
2865
4104
3687
1695
3756
2047
4087
2703
4927
4984
4021
980
3192
1359
167
1742
513
1567
4994
508
4353
3677
151
