4528
4606
3968
52
3623
5022
4944
618
4735
5166
543
42
3385
1620
5121
1898
673
3327
3755
21
3789
1485
882
2848
3429
2516
1183
3598
4908
1781
1181
4502
319
5341
5011
1217
2216
3088
1132
741
446
3063
3272
4168
4268
2047
3658
1456
3986
4088
2217
2068
4059
679
3894
4254
912
695
5242
4657
4136
1412
1333
3539
1266
1784
2051
1616
3456
551
379
1459
66
2842
1949
893
2077
3492
1528
2473
3142
1140
5036
3173
3406
4731
284
1404
5347
1143
3760
1720
3024
4242
4170
2341
1875
3862
2365
4864
1092
409
2544
3194
4160
1453
3581
4017
972
1296
4939
3771
4578
4182
5026
2503
3071
2227
929
1802
2852
4967
3705
1463
1896
5162
32
1809
2455
60
3633
5130
5004
4804
1013
2892
1854
3098
207
3785
2172
3100
2858
792
4423
3224
5291
644
5304
4904
4048
4108
141
198
5108
4188
1624
1823
5319
3081
315
4889
5096
4229
3010
2409
1585
2285
1274
4768
1507
3791
3108
4118
674
2640
3000
371
1228
3703
3686
369
3892
4291
1303
4297
4427
5103
3922
280
1905
5265
3138
793
5350
3838
4163
868
553
1414
1377
2885
1027
407
1187
1505
2615
5379
3829
4851
2869
1159
1763
2999
2792
59
1746
3609
2262
519
3317
4565
2867
3145
1238
274
3962
533
1095
4582
728
1937
4304
5034
23
1987
5209
1439
2174
1441
5301
1042
835
2566
965
2078
2779
2824
5266
4808
4144
2722
2582
3884
2165
328
3718
3561
897
1194
2088
4711
1205
4930
5069
1497
998
5268
144
4464
4544
1365
2176
11
5181
4956
1234
870
3841
2738
907
5330
3166
575
3250
1320
4609
1693
125
2782
1323
2946
4420
4916
4626
3205
2973
3679
1226
2696
2189
1803
3740
3716
4500
1699
382
548
1444
1503
4548
3445
2097
2611
3234
3161
5045
4688
4743
5138
1841
385
380
156
3486
1682
2228
4838
3308
4675
4309
3059
3616
935
763
591
3964
3169
4997
2096
1791
1597
400
1342
632
1126
2580
2210
1068
4989
1130
2850
2703
1914
5123
2180
2559
2818
2015
4186
2734
1816
432
3517
5046
4072
1715
3722
1789
3358
3878
3381
5090
2021
2387
3296
3816
64
2324
1051
3747
2136
3006
3640
314
1947
216
4915
2434
2090
2123
3164
1225
303
524
1089
1345
3940
4034
302
4960
5223
1386
4741
2904
660
3594
4794
3416
2447
948
2986
4346
938
1073
3477
4270
4592
4692
2158
3620
1579
1552
2886
5249
1762
4184
1053
5333
2622
3741
5151
4880
4785
794
1689
3526
722
1346
4306
3291
2914
1897
2390
2681
5120
3560
3980
1434
5023
3857
4025
2878
4151
4752
2990
2349
5188
2571
1985
5289
3299
643
3233
5235
3420
4176
2652
5257
888
5384
4672
2389
5365
2219
3873
4162
2787
3797
2492
662
621
2276
1253
1200
2636
4061
630
2977
4866
3165
851
4357
2610
2161
3448
4157
5300
4482
1281
2388
1657
1113
5279
3982
4815
797
4487
3861
220
1544
3956
53
1265
4216
1986
806
5315
4414
1965
5147
287
3606
3920
258
1214
1263
846
1891
1778
782
1969
1486
4193
4943
4998
595
440
3479
923
5082
4809
1753
526
404
3926
1460
2527
4536
41
560
2312
1078
2678
4695
999
1097
852
4588
5303
607
3388
2327
775
2602
3432
338
1785
3568
1037
448
3974
1893
3519
875
601
2052
3935
4298
3969
1010
4183
2748
3105
4499
3621
2871
3039
1427
91
2039
1622
365
838
3649
4637
3551
461
3384
17
4966
2352
2718
1890
764
2062
1636
2592
2480
2801
4895
5344
210
1874
2497
2102
3443
2775
5
740
1618
1916
149
2110
3749
4379
2650
1385
4590
856
1732
532
1654
1745
1629
963
5001
2585
1962
2379
4788
1319
2325
1315
1292
1510
36
4629
4685
279
3295
670
5238
4137
2882
1145
2833
1242
4877
2190
3497
1286
2706
308
4992
383
340
2230
26
55
167
789
683
505
1399
1314
2697
3013
2319
1257
2476
4445
2469
2555
3398
4396
4762
800
4585
5282
2121
676
2041
616
3629
3803
2267
4180
3744
1395
4535
544
458
3681
3331
3068
5355
3029
2509
2937
5097
1256
5313
2438
2832
2482
451
4294
456
1100
3076
1910
803
4512
106
4036
118
671
2773
4961
3684
726
2410
3158
4702
892
3277
3238
2318
204
1649
3017
566
1865
3347
2804
3036
729
88
4973
4571
281
1925
4333
2232
1600
2297
1490
4361
661
4058
3505
454
3555
1958
4725
1619
3102
4972
5133
1139
2493
2649
288
4664
4914
3216
647
2923
3837
4263
2281
2025
3245
4608
3584
3954
3301
3853
2449
4555
1534
269
351
3984
2257
4198
5402
4980
5253
256
4112
5232
3463
5196
4366
2391
1703
222
3475
4694
1288
2996
4196
4087
5227
1142
2575
3859
4722
3012
5180
5159
4395
5086
5089
4387
1846
3436
13
4723
4272
5155
3941
1679
1764
377
9
698
3067
3804
2358
836
930
1697
5394
4669
466
89
2711
2606
877
1455
2144
2704
4110
4473
2224
1873
3993
4413
90
3211
1892
3452
1047
5084
3846
5056
2304
2733
503
5007
795
359
3332
4099
3490
5113
4073
4148
1283
3942
10
1223
4663
2542
961
2980
4978
2604
3564
4594
3898
4870
2628
541
1020
4583
2084
2185
4687
2720
76
4863
5224
483
3851
5203
2457
2701
1015
159
2063
2363
1489
2843
420
1046
4050
184
3737
4132
4164
507
3292
5161
3723
5035
3666
2033
1859
3140
3222
1995
4905
4234
1382
2337
2974
968
1327
2022
2888
4406
2793
4146
2361
2007
3377
3235
2222
4397
1474
1587
631
1935
2012
1137
2058
1045
2988
3058
3725
2093
2641
562
4430
5144
2811
2011
504
4659
1884
387
1318
2661
1655
1138
3847
16
2674
2957
850
2250
374
3146
5074
181
3692
5396
692
3644
3739
1647
3918
4085
5335
966
