898
2519
5283
1806
4070
3865
4553
4326
1231
1665
3734
2001
4853
3745
4000
1601
1613
1512
2291
3167
2181
2546
3190
2849
1397
1123
4210
1420
4645
2117
5002
2486
2187
4523
2429
1388
1393
4169
555
1751
4224
74
3143
2235
594
3761
1026
3338
2248
1435
1316
2549
650
5158
1351
2383
4846
1475
278
1735
3363
652
5239
2992
1500
333
73
182
442
4101
2229
987
242
4876
4793
635
2202
3605
1394
3003
236
2344
2160
3298
3225
3122
3144
186
113
648
4560
1290
4559
1942
4063
293
2506
2763
2997
5081
5389
2362
477
2709
3334
3538
5244
497
4539
3685
1919
350
1081
3652
3160
5400
414
1535
1269
4825
4616
3213
1603
3313
2018
4386
2188
735
4455
393
4267
1843
3199
2894
1743
4421
192
5230
2917
1930
4859
5218
2234
1903
2753
3572
2619
5127
1079
711
4142
5173
5194
484
3489
4537
5363
1836
1533
3757
771
3131
796
5032
609
1945
5042
5243
3155
2284
114
4266
151
1610
585
3018
449
863
2070
5105
2377
4879
3201
3147
3860
869
4665
3002
3823
1094
2277
2746
2164
4003
2830
109
3778
3693
5072
3897
2551
3570
2691
4924
135
2552
370
1003
952
1254
887
1376
3021
5164
72
4760
1771
4077
3506
2655
4704
430
4653
4035
3990
3911
3553
510
1514
229
4970
4344
4883
761
1349
3208
862
3266
3880
1581
1369
3281
3709
3196
1275
3471
590
1403
3333
2
5214
4868
1034
1815
922
3904
3571
4935
3391
3
955
3516
3052
1262
1108
4546
656
3536
2596
5031
190
282
3360
4016
2978
509
325
2279
1559
857
272
3364
2126
5380
1491
1359
1104
4189
1424
1264
2132
1245
1522
1260
506
3901
5259
624
3814
4334
208
2432
3255
1064
3015
4604
1686
2286
4371
4323
4295
1635
2496
2821
3987
4480
2105
2876
5302
1542
2840
5316
716
4684
2685
3636
3065
1431
472
2157
715
2774
3767
3286
4850
3575
123
1465
3290
51
2148
1484
171
4302
1150
4403
2897
3799
2066
4139
4899
4433
368
412
1518
815
4485
1227
4529
3882
97
2759
1111
1847
1149
2614
4409
895
814
2343
932
2393
4689
145
4946
2726
2369
2356
4707
614
4963
641
1582
1232
322
1656
2643
4492
1326
944
4012
4
1673
1129
1060
1612
3236
5296
4624
5053
373
3424
725
2254
4260
4872
3698
1166
3033
3341
818
1083
3549
122
2880
2710
3072
1633
1415
1678
2995
4204
3303
5005
2860
81
4918
4810
3026
2594
2307
3808
4979
604
3089
556
1999
3724
831
4668
3641
343
3106
1224
4651
2466
2515
1437
381
2166
240
3944
4446
3064
2179
3294
3879
4064
4756
5263
564
3835
3228
3085
2545
602
2512
4202
4576
3820
981
5111
4568
4389
82
2364
3721
3827
4222
4816
5220
651
2682
4490
3188
1608
4856
4969
4976
2159
4411
1570
3077
3426
2226
2435
2197
5233
4886
2417
318
2523
223
5346
5364
5058
1787
3844
4894
1838
3179
5136
4028
4327
246
3925
3524
587
5390
3704
2046
2299
518
3094
2059
1858
1541
4931
3373
1009
2280
4727
801
4832
3251
2825
194
4706
2702
3562
1324
94
1577
4040
1804
2098
3038
4682
1096
3811
3031
2211
4374
4745
3637
4450
345
3619
388
669
2967
1167
3163
3300
4376
977
5003
346
2152
1383
4215
3913
3415
4623
2317
4240
4305
421
3508
2543
2653
2294
65
2835
3355
2461
4383
2616
2845
2133
1168
706
3784
4159
2314
2916
3875
1271
1169
1476
884
4076
4581
608
341
2112
1881
4591
2252
1670
2891
2150
3848
2813
4484
4362
4476
3999
1259
175
2489
677
4524
2475
2765
2863
5198
3181
1430
5062
4698
4589
5033
2313
1022
406
834
2436
1189
3060
4974
2807
4753
3096
3545
4426
4599
4910
2834
4321
2055
5292
4200
4235
2568
2386
2071
3672
1204
4888
24
2868
233
5222
4811
206
2768
4917
4047
4278
1589
891
298
3618
3413
1861
4404
2947
2375
1911
1336
3485
2597
1793
2483
822
2478
1411
4993
1031
2930
3895
2331
1070
4575
3183
908
1350
4577
2987
452
1630
4890
5044
530
1627
2340
985
4919
111
4248
2239
3374
1813
2714
5258
3711
2895
1566
3430
1378
4527
5334
5071
3981
5038
146
1173
4103
3648
62
1567
1734
1798
4113
1979
1278
3756
2548
5405
4095
2713
4767
1976
4595
344
2002
780
4307
468
5310
4300
1741
3339
1487
3480
1872
2667
4574
4964
3750
2259
1777
3991
2576
799
4462
839
1783
597
2465
169
2721
738
95
4765
1754
5260
2162
1563
4603
5325
2686
3832
2976
1294
3130
1719
3569
742
2603
4056
3405
4218
2320
4237
2245
2638
5094
860
4116
1513
5156
2761
1664
2016
2989
5117
1400
1146
570
1857
926
3604
2481
1644
2809
230
1974
583
4639
1
694
915
3329
3512
2915
3733
2500
2623
168
4449
3297
5129
4933
1398
2200
68
680
366
2508
816
1216
2716
2581
3154
39
1774
296
3773
438
3202
842
2256
498
2762
48
289
1451
4525
286
754
1023
3579
1606
3221
2061
3917
1713
447
5281
3622
5122
4507
686
4897
3156
4842
1246
4275
1988
3404
1592
2195
1724
1417
1948
3533
1289
982
762
5267
3717
848
3337
1268
5000
3800
4042
248
849
1529
905
3689
2404
355
4147
4986
3582
4416
332
828
772
5314
5287
4510
1443
4199
376
3394
1466
3522
1628
1539
4105
1161
4921
2810
1322
4506
218
4262
3368
4734
5236
1155
1084
4245
659
3265
3675
3682
2125
2958
2139
4857
1723
5068
4719
180
2780
1067
2879
3310
3366
2203
4736
3934
5388
1308
1396
310
3453
2099
1901
1709
1352
2501
1305
5349
1648
166
2028
691
2360
413
5212
2050
4733
2936
1492
1425
2795
1409
2427
3275
2266
422
2173
1584
116
2662
687
1114
300
3728
3824
2490
1207
120
4902
2423
2520
3370
4090
873
5357
214
5172
3975
2270
684
2983
1055
4950
3514
2838
3673
394
3392
1219
3599
3774
1255
3157
1867
2660
4871
1915
4519
710
5327
2416
790
1837
3776
2924
4364
2934
4996
5041
5065
3004
2729
1578
4655
2240
1509
5098
4238
4766
984
2017
2648
559
5403
4382
1379
840
5197
3793
4786
1110
5398
1957
2926
565
5397
5286
3487
4630
5216
3855
4143
1929
3786
2991
4681
5376
3078
567
3995
4475
4717
2032
2300
1261
4948
2400
2522
1118
320
4319
2207
2626
2955
1588
4460
4778
5318
5199
3075
4861
356
552
4990
129
3268
4419
2896
367
777
3513
1239
5219
3119
1317
3231
3289
3713
1511
22
1722
1119
2854
1136
4468
4447
4754
3172
3249
1033
4957
238
108
1040
4947
2900
832
1595
3646
3511
946
3116
2968
426
5037
2846
1752
4288
463
1885
1684
1357
2206
5048
1918
3501
4761
5298
3390
2138
978
2288
3509
2785
2905
3830
2529
4158
4167
909
3727
170
766
2749
5370
3525
3762
1436
1202
2251
433
4338
4451
4579
1174
1171
4020
4823
3162
3708
1235
5381
3810
1864
3743
2961
4858
4526
3989
3242
5092
3764
3472
2547
4292
4649
3759
2201
1726
435
311
4985
1604
3284
1835
3134
4283
1461
487
668
1433
4031
1808
880
855
1568
3669
1605
4375
3955
3580
1494
224
4633
4401
1738
4646
4161
1504
1794
268
5234
2394
4558
4097
4678
843
5115
808
4069
5385
1556
4656
19
826
4271
3726
1470
5374
4192
4893
4738
3126
2528
4152
2381
1950
2561
1276
3552
342
3817
639
5377
2134
2730
1360
805
3204
3466
4696
4342
2910
5342
5100
3662
579
1293
1076
4115
3795
3624
2870
3595
4952
4296
4820
3328
162
517
1493
1866
253
5322
3354
1886
4721
2487
4150
3891
2964
1888
5134
4120
3248
1548
107
2822
3395
267
2443
2494
1251
4173
1596
1496
4780
693
5352
4503
1850
2587
4098
5356
273
339
4505
941
3695
2430
5207
4422
3074
5250
3970
1992
57
467
49
3082
1860
4486
5246
3700
1355
1550
14
304
5306
3115
5308
813
5016
2890
748
3174
665
4648
4937
1059
3128
5153
3600
2819
1380
872
1452
4739
755
4520
3896
3565
4081
4677
4185
12
3412
439
5126
5077
3900
143
4680
1663
2129
2204
2569
4784
4353
3979
3476
4501
4380
719
3883
3217
1687
4554
1978
3929
582
4927
427
3578
4542
1797
1668
1733
3408
3171
4612
2373
102
5215
316
2502
1963
2415
1706
2010
5015
1855
1157
5278
3856
4039
2788
2472
4231
2637
2000
2275
1710
3153
4308
4290
1000
960
2339
4289
4021
5247
3491
3210
2985
1101
4869
4203
1961
3782
1481
598
1818
3615
1760
3092
1018
1646
158
785
988
3498
4923
2354
576
5107
1065
2072
1895
2198
1702
3574
4121
2524
2844
547
2372
5027
4175
1180
3496
1625
1062
1638
4324
3671
4903
1990
1344
3677
4257
3433
3118
1185
2422
974
2814
2220
4726
3151
3694
1052
535
257
845
2111
4057
1660
4690
3923
83
703
378
2881
2796
1591
1761
2479
5185
1447
4824
2815
4662
4827
80
646
3877
2532
879
3554
4443
5337
1210
1688
348
4075
563
2029
471
2739
2962
2454
1480
4313
2336
2672
4714
4418
1757
4708
307
829
5008
951
1008
4407
4839
5104
4541
4679
4094
4798
1338
3627
724
493
759
3326
3819
2560
2448
2321
3159
3768
1321
736
1547
3907
2043
5383
4370
4701
5251
1640
1374
1277
4233
2864
2665
3023
2521
187
4086
4563
3044
1980
5208
4724
2289
3869
949
685
147
1586
2794
4317
3418
2231
152
4513
4359
3527
5109
1209
2690
1848
5118
2213
1477
823
5049
3812
2382
1889
1707
3019
1538
4439
27
1833
362
1780
1479
2092
3133
4597
4091
5404
871
672
664
4236
5290
4530
2130
1825
4166
3423
2953
5353
906
620
3688
2030
628
3706
2591
3020
361
163
2274
2221
3259
4009
2244
2498
538
3312
837
5095
3802
2567
3936
3613
2965
2663
4019
485
105
189
225
2725
457
4912
534
3736
4652
401
2972
5378
2517
4400
5237
1429
1851
4763
3559
2100
2607
2109
1099
2103
2950
353
2038
1822
1050
1807
1448
54
396
2484
299
2518
30
655
2079
3220
1989
4703
864
473
4207
4488
1021
323
1373
2735
3976
481
490
994
4287
896
1705
1375
2397
480
271
4644
1175
1955
511
1193
1540
2446
3500
2800
1740
185
4316
4807
5270
3324
4821
4521
1297
4055
1799
290
3319
38
1853
3177
5182
1817
4181
2468
69
3912
4060
945
2908
2898
491
1177
1105
3243
3223
4435
5211
718
962
2654
2550
2747
638
4355
2178
5328
1353
3678
2911
2278
2646
5359
161
3340
2142
1750
5140
392
5019
5189
522
1392
4442
5124
1215
4367
4835
589
1527
2873
2437
4109
1790
3330
508
2505
4598
330
3270
757
4208
1354
3401
3389
1525
3481
5168
4764
2698
2107
1845
3971
992
3176
1422
4415
5252
3104
3191
853
2453
4027
2624
5176
623
4318
1387
701
991
3120
745
4790
2042
5345
3467
1198
1956
4293
1517
774
5362
2167
4232
4358
50
3101
1340
4129
919
3048
4498
1944
3919
4107
4024
121
4758
767
1788
4106
1035
103
3484
4709
297
3813
4156
3305
1676
2413
5295
2944
2799
1124
3279
3028
2067
408
3610
2683
3566
2271
1652
1368
4730
3573
1521
1844
5187
3510
4613
3611
2642
658
1428
1361
3937
0
675
2265
1920
1748
211
1082
867
2095
2421
5343
2562
1304
5305
3546
2687
513
2942
4819
2056
1786
4453
1611
153
2668
3770
1863
434
3777
4791
4865
5202
1557
827
2175
753
1017
536
657
760
1299
4777
3113
1779
2149
3958
1921
259
5324
4123
411
443
1341
4771
4177
3973
232
6
1211
1179
3854
4135
1449
2808
971
4885
2951
