4902
2423
2520
3370
4090
873
5357
214
5172
3975
2270
684
2983
1055
4950
3514
2838
3673
394
3392
1219
3599
3774
1255
3157
1867
2660
4871
1915
4519
710
5327
2416
790
1837
3776
2924
4364
2934
4996
5041
5065
3004
2729
1578
4655
2240
1509
5098
4238
4766
984
2017
2648
559
5403
4382
1379
840
5197
3793
4786
1110
5398
1957
2926
565
5397
5286
3487
4630
5216
3855
4143
1929
3786
2991
4681
5376
3078
567
3995
4475
4717
2032
2300
1261
4948
2400
2522
1118
320
4319
2207
2626
2955
1588
4460
4778
5318
5199
3075
4861
356
552
4990
129
3268
4419
2896
367
777
3513
1239
5219
3119
1317
3231
3289
3713
1511
22
1722
1119
2854
1136
4468
4447
4754
3172
3249
1033
4957
238
108
1040
4947
2900
832
1595
3646
3511
946
3116
2968
426
5037
2846
1752
4288
463
1885
1684
1357
2206
5048
1918
3501
4761
5298
3390
2138
978
2288
3509
2785
2905
3830
2529
4158
4167
909
3727
170
766
2749
5370
3525
3762
1436
1202
2251
433
4338
4451
4579
1174
1171
4020
4823
3162
3708
1235
5381
3810
1864
3743
2961
4858
4526
3989
3242
5092
3764
3472
2547
4292
4649
3759
2201
1726
435
311
4985
1604
3284
1835
3134
4283
1461
487
668
1433
4031
1808
880
855
1568
3669
1605
4375
3955
3580
1494
224
4633
4401
1738
4646
4161
1504
1794
268
5234
2394
4558
4097
4678
843
5115
808
4069
5385
1556
4656
19
826
4271
3726
1470
5374
4192
4893
4738
3126
2528
4152
2381
1950
2561
1276
3552
342
3817
639
5377
2134
2730
1360
805
3204
3466
4696
4342
2910
5342
5100
3662
579
1293
1076
4115
3795
3624
2870
3595
4952
4296
4820
3328
162
517
1493
1866
253
5322
3354
1886
4721
2487
4150
3891
2964
1888
5134
4120
3248
1548
107
2822
3395
267
2443
2494
1251
4173
1596
1496
4780
693
5352
4503
1850
2587
4098
5356
273
339
4505
941
3695
2430
5207
4422
3074
5250
3970
1992
57
467
49
3082
1860
4486
5246
3700
1355
1550
14
304
5306
3115
5308
813
5016
2890
748
3174
665
4648
4937
1059
3128
5153
3600
2819
1380
872
1452
4739
755
4520
3896
3565
4081
4677
4185
12
3412
439
5126
5077
3900
143
4680
1663
2129
2204
2569
4784
4353
3979
3476
4501
4380
719
3883
3217
1687
4554
1978
3929
582
4927
427
3578
4542
1797
1668
1733
3408
3171
4612
2373
102
5215
316
2502
1963
2415
1706
2010
5015
1855
1157
5278
3856
4039
2788
2472
4231
2637
2000
2275
1710
3153
4308
4290
1000
960
2339
4289
4021
5247
3491
3210
2985
1101
4869
4203
1961
3782
1481
598
1818
3615
1760
3092
1018
1646
158
785
988
3498
4923
2354
576
5107
1065
2072
1895
2198
1702
3574
4121
2524
2844
547
2372
5027
4175
1180
3496
1625
1062
1638
4324
3671
4903
1990
1344
3677
4257
3433
3118
1185
2422
974
2814
2220
4726
3151
3694
1052
535
257
845
2111
4057
1660
4690
3923
83
703
378
2881
2796
1591
1761
2479
5185
1447
4824
2815
4662
4827
80
646
3877
2532
879
3554
4443
5337
1210
1688
348
4075
563
2029
471
2739
2962
2454
1480
4313
2336
2672
4714
4418
1757
4708
307
829
5008
951
1008
4407
4839
5104
4541
4679
4094
4798
1338
3627
724
493
759
3326
3819
2560
2448
2321
3159
3768
1321
736
1547
3907
2043
5383
4370
4701
5251
1640
1374
1277
4233
2864
2665
3023
2521
187
4086
4563
3044
1980
5208
4724
2289
3869
949
685
147
1586
2794
4317
3418
2231
152
4513
4359
3527
5109
1209
2690
1848
5118
2213
1477
823
5049
3812
2382
1889
1707
3019
1538
4439
27
1833
362
1780
1479
2092
3133
4597
4091
5404
871
672
664
4236
5290
4530
2130
1825
4166
3423
2953
5353
906
620
3688
2030
628
3706
2591
3020
361
163
2274
2221
3259
4009
2244
2498
538
3312
837
5095
3802
2567
3936
3613
2965
2663
4019
485
105
189
225
2725
457
4912
534
3736
4652
401
2972
5378
2517
4400
5237
1429
1851
4763
3559
2100
2607
2109
1099
2103
2950
353
2038
1822
1050
1807
1448
54
396
2484
299
2518
30
655
2079
3220
1989
4703
864
473
4207
4488
1021
323
1373
2735
3976
481
490
994
4287
896
1705
1375
2397
480
271
4644
1175
1955
511
1193
1540
2446
3500
2800
1740
185
4316
4807
5270
3324
4821
4521
1297
4055
1799
290
3319
38
1853
3177
5182
1817
4181
2468
69
3912
4060
945
2908
2898
491
1177
1105
3243
3223
4435
5211
718
962
2654
2550
2747
638
4355
2178
5328
1353
3678
2911
2278
2646
5359
161
3340
2142
1750
5140
392
5019
5189
522
1392
4442
5124
1215
4367
4835
589
1527
2873
2437
4109
1790
3330
508
2505
4598
330
3270
757
4208
1354
3401
3389
1525
3481
5168
4764
2698
2107
1845
3971
992
3176
1422
4415
5252
3104
3191
853
2453
4027
2624
5176
623
4318
1387
701
991
3120
745
4790
2042
5345
3467
1198
1956
4293
1517
774
5362
2167
4232
4358
50
3101
1340
4129
919
3048
4498
1944
3919
4107
4024
121
4758
767
1788
4106
1035
103
3484
4709
297
3813
4156
3305
1676
2413
5295
2944
2799
1124
3279
3028
2067
408
3610
2683
3566
2271
1652
1368
4730
3573
1521
1844
5187
3510
4613
3611
2642
658
1428
1361
3937
0
675
2265
1920
1748
211
1082
867
2095
2421
5343
2562
1304
5305
3546
2687
513
2942
4819
2056
1786
4453
1611
153
2668
3770
1863
434
3777
4791
4865
5202
1557
827
2175
753
1017
536
657
760
1299
4777
3113
1779
2149
3958
1921
259
5324
4123
411
443
1341
4771
4177
3973
232
6
1211
1179
3854
4135
1449
2808
971
4885
2951
