3168
4369
854
3874
4258
625
261
3383
3111
3434
4547
3379
4078
1048
2969
5163
4667
117
3125
2771
773
3754
3428
2767
4511
4368
1931
2301
3515
737
1941
128
2675
3630
5225
3056
3978
844
4280
5311
1267
2208
885
2456
4007
2205
4729
2315
2342
3957
3229
3045
4014
5191
2426
2513
540
1054
2368
1681
768
1358
5371
1725
1450
1516
25
1418
4728
4038
4570
4440
4080
2998
3325
4191
4638
5192
2919
3107
5061
1717
4067
234
2783
4715
2283
3437
4489
1153
1133
2631
63
3444
4611
104
1107
2255
1821
4312
1488
3888
3307
3556
251
1243
4171
5154
4556
2949
2338
4053
3948
4402
3114
2693
3836
5014
4393
1311
732
2406
4951
1940
886
2791
3806
2115
696
956
2664
523
3287
1467
1959
4385
3414
502
731
2570
4818
4666
3425
514
71
512
3966
4349
1442
4922
1272
1291
2708
1247
2405
4214
3442
3909
4601
2531
1650
4213
1531
4941
4755
574
2445
5256
1416
4494
1036
2806
4940
2941
3738
3503
4459
1526
58
4392
1116
3219
4781
2781
1826
3583
196
3674
1208
1041
3683
1729
4130
4252
1776
3336
5367
1117
2839
1284
730
751
3809
4573
3195
424
150
327
2727
85
2371
87
450
3668
164
3343
2395
3187
4429
1069
3906
4981
2106
1328
4806
4584
3009
2605
3787
3192
3825
1295
3001
2719
5284
1621
770
3603
3047
2816
2309
5102
704
4274
270
3714
2305
2398
1356
1190
4479
235
3690
445
4746
2155
138
1343
500
1902
3212
830
4398
1934
112
2584
1176
4381
1458
2938
1991
3351
3137
2717
4023
347
3175
1551
2499
4408
5348
953
1367
4352
2728
2403
2625
3372
5321
2875
1066
136
465
1641
2933
1121
3529
1830
1795
4052
4600
2054
2913
894
2805
494
1413
940
2932
79
3947
4496
3203
996
462
3563
2272
5297
2658
1011
4849
2939
3842
5060
4365
5067
2431
776
3371
2145
2242
1983
612
4033
603
2789
1213
2954
476
2887
986
3051
1007
4372
3592
4562
1953
810
2035
3866
3707
3885
1917
3699
3591
469
1765
4814
3342
3271
3822
1075
4217
3676
1701
1532
4481
1212
226
292
3262
3421
391
4641
1233
697
3066
1530
5200
4747
3087
5255
1801
1714
979
3868
2874
950
3482
470
2724
4878
5047
1090
4640
2820
397
1384
4350
29
3014
2402
2918
1178
5040
2292
3794
5132
2634
5039
1856
4906
4002
247
405
3805
3965
5025
4301
317
2269
3135
2004
1912
2186
2889
2444
1071
4384
4006
4328
642
3858
520
3440
215
1712
571
4467
1252
5277
1310
1671
3311
989
1248
3687
2632
5083
75
1878
1030
2399
3521
4205
4965
2089
1952
1882
2249
550
3348
444
1883
157
1677
2333
3534
2553
4251
3614
4955
2193
3473
3765
4015
4264
4286
5271
1814
1755
1147
2659
4867
611
1970
2853
3950
3890
2306
1632
4907
1736
4551
1598
4795
2246
1156
4082
5307
3608
4469
2828
478
634
1571
5229
1313
3136
1241
717
1141
3419
4748
1773
4065
1258
425
5177
1680
964
1312
5059
4155
5391
2959
1282
1662
4620
2009
690
2196
606
3731
2612
4096
4303
5054
4982
4174
5075
1834
2573
455
3386
2282
2756
4330
3730
2526
5274
3049
133
1922
5186
3349
4514
3821
4253
1165
993
3427
1472
5231
294
4241
1184
2214
1201
939
5261
4932
3586
3109
2237
437
3798
3041
3655
1899
1390
3103
2253
521
3422
5401
2859
4776
927
3779
3207
5051
1029
2037
3359
4770
4341
2113
3635
4133
176
2140
1102
5178
4676
1700
819
5240
2743
3256
5373
1580
154
3752
2418
3924
2751
637
515
2316
260
3483
1273
3541
429
2514
4874
758
539
1954
2326
4269
1824
1964
4178
1537
1364
3320
2677
3596
2464
1091
1348
1691
3458
2984
2504
2057
4773
305
3863
824
931
2981
1756
5145
1938
2060
4299
3034
3826
913
219
459
1574
195
2357
2540
4444
2857
3346
3011
3550
1840
617
3597
4634
1432
4491
436
3218
4497
970
4569
2026
4841
4472
1576
3197
5057
358
237
3659
2907
920
3769
4356
4197
1908
3007
98
2359
2045
5116
1643
4891
1508
2715
821
2091
3558
1519
5361
5201
1402
3645
1923
5167
1203
4465
1796
4493
3042
326
3742
3227
2236
5135
2351
3952
4225
3735
1996
2488
4141
4084
285
2019
1222
209
3184
3079
2893
417
4683
1946
1879
4230
1520
131
649
5080
3070
791
2826
4315
56
5106
2169
5171
2705
5226
4673
3376
1093
3209
2419
4226
4909
5386
2322
3833
1661
5262
110
5141
3643
5184
3850
3650
1565
84
3783
3840
1285
3807
2856
1727
4971
2613
402
4436
747
295
4209
4246
3400
1473
2440
3523
743
1240
1391
4650
3921
3871
3758
3638
4830
5110
5332
2617
4572
5272
4635
1144
2688
3796
3528
306
3450
3454
1870
1758
569
3091
4466
2593
179
3258
3625
2238
4463
2192
5028
5146
558
610
4628
2723
5354
749
3902
4325
5165
4550
4434
1792
1120
3302
3502
423
2979
3938
243
2578
4533
1653
4801
1423
134
1325
2920
1994
5399
2171
2053
3910
4862
475
645
2065
1645
2963
1331
5091
4187
5195
1249
2120
2737
496
2212
1639
1131
525
1716
5149
1744
2970
4742
2495
2588
2535
2511
2644
3090
841
901
599
947
5351
2048
479
419
859
488
331
3252
2441
2855
600
3053
910
4471
1672
5150
3280
3488
5066
5205
744
92
2770
2450
2982
2837
4854
2574
4117
360
549
752
1270
4104
5375
4643
561
2539
4828
3665
3465
221
1298
4417
2530
2940
1832
804
4335
2618
4194
3309
2345
2745
2971
4654
3661
4259
1731
1737
1819
3306
3889
2024
3792
2534
2328
1998
4250
5169
3152
2639
1301
916
1973
3439
4847
1002
2541
201
4713
881
4206
3073
40
2994
903
5018
3988
5063
5055
3544
4587
3967
2258
349
4461
883
4340
