2829
1808
2147
5219
2471
910
3673
1828
2268
2255
3987
2076
832
774
5334
3538
4910
1631
1390
3448
1237
2663
3717
792
3345
1851
4224
726
2751
3574
2196
695
4699
2168
1989
2302
379
3305
1469
2568
1182
4471
4331
274
1639
4006
94
3485
5236
241
489
3029
1876
2953
5135
2321
322
2523
3645
3654
418
19
561
3726
652
1417
5163
1071
3214
570
3218
1818
602
3981
717
4380
2432
2316
348
864
5037
5035
4088
4058
3027
2964
2415
2597
536
1312
314
1490
67
1885
3621
3963
619
302
2319
4423
1128
4577
1814
1154
2880
2033
2209
3517
4792
5346
35
1225
176
3260
2419
898
5381
4312
1315
2014
3724
2166
4639
2602
247
4450
4713
4079
581
2963
1406
3147
1452
4313
4114
1976
2797
1307
3291
2756
157
2995
3357
2951
4789
1645
33
603
293
4255
1846
458
5089
3659
4031
4
3097
136
1850
5367
4118
4970
1215
4409
3950
4148
2201
4218
2102
3571
5233
641
4239
551
3501
1774
2659
1759
3138
660
3497
4804
748
5212
1881
500
2811
1600
3071
3193
1133
2764
2132
2617
4874
2377
4583
3215
1863
1494
2972
810
2776
3201
1504
2685
2869
4543
4101
369
3634
1753
1669
405
3469
2054
280
4807
3921
4473
3243
611
2748
4839
949
2621
2547
117
4263
2055
2622
2006
3308
3277
2660
4675
1668
1095
1256
2342
4227
4429
5250
2545
3536
294
343
3681
3142
2827
1189
4141
2376
4268
1306
5374
4852
751
4626
3619
1729
3532
3940
837
474
4189
1278
2862
3078
1652
4586
4893
1091
4173
3041
4411
5351
2872
1194
781
4739
3035
5066
2549
1207
2004
5188
108
1541
3935
267
703
2037
4567
5070
3698
3560
372
4623
2950
5392
1217
4498
1448
4009
2198
164
3967
2770
3937
4981
4777
4999
5
654
1054
2001
3617
2183
2272
2325
5008
3074
3219
1571
5046
1141
1568
2315
2855
2697
4259
316
3867
3007
4018
1667
873
4166
2314
2565
807
1948
439
4264
1119
2985
543
2362
2785
2348
2768
2071
3009
4849
3049
3423
1488
930
902
5021
1516
2667
3362
2356
2559
4976
2923
4750
3759
2695
2852
80
4587
1447
3238
2300
870
3831
1458
5077
2921
1341
4032
896
1285
4725
375
2119
2093
4407
4274
3503
3514
5029
4663
750
5312
4121
1524
2689
1902
1535
2369
1338
3113
2601
3432
4185
1757
4979
2932
3342
5195
1101
4054
5311
4208
2686
2330
2058
2725
4372
513
423
3236
1472
1956
144
4975
3894
1205
2438
1616
2882
690
5321
3597
4919
188
5051
1715
4742
5137
2405
2452
1027
4395
4446
4439
1592
3098
911
5398
963
3984
1090
3259
1373
1336
4826
4093
2894
2604
3628
4924
3089
2248
4252
3254
2429
3515
3730
2012
2404
3727
1728
32
3653
4060
866
92
364
4340
1078
184
3154
682
3105
3948
4837
4845
4918
1884
3733
2486
820
4515
1701
1822
4783
1643
305
4573
2815
3333
2696
3038
487
102
1462
3021
5298
2174
4668
5014
325
266
476
1575
4759
2996
1323
5405
4600
5383
1995
3925
1434
4136
2761
4081
545
1661
1423
4359
2516
407
2808
3649
2499
1869
3361
3120
815
2309
44
2219
4923
2351
3264
113
4368
3919
626
2841
3390
4767
5393
2388
2975
724
5215
980
3048
321
3529
1363
3076
3911
5115
4278
671
3084
2222
618
3782
3476
3550
3745
2614
3704
3528
1895
4146
1161
2411
4888
2043
3325
2292
1654
3461
2927
2931
769
3860
1578
2128
2144
2705
3561
1588
2323
400
5390
885
2467
4177
3832
503
3510
1015
1553
1942
1510
3986
764
1683
1212
1644
310
686
1113
4404
385
526
4748
1604
3873
2573
4430
4344
5104
1678
3251
3818
1372
1048
1649
5292
1139
3945
1576
1359
4735
2338
3222
3274
10
4733
4040
3829
687
2066
4453
922
779
4646
4400
1804
116
5268
1446
5216
4658
2530
479
4057
5064
529
1915
4892
2724
4736
676
813
2304
2464
4168
5005
3373
5396
2273
1135
5384
13
4281
4284
762
4486
3479
4694
4505
4379
3106
797
4071
3316
3563
3165
1913
3058
4219
4174
3359
287
1557
2594
212
3378
4947
4574
4760
4963
3569
3285
704
1196
3002
4416
4529
1845
1865
390
5232
2910
2804
3521
4746
3711
5288
2215
4599
1677
2462
1722
5364
1203
101
1717
2612
408
2837
2817
272
2042
2482
4020
1460
3430
5090
4634
179
1635
3321
1089
3422
1530
4377
111
1638
4517
4781
1353
3220
2984
1496
57
2997
1943
1351
2986
4617
4958
2675
3944
1968
1067
2267
4662
2595
4765
3913
3786
2607
3502
3419
5226
4485
3933
3976
2654
4536
3620
4541
2721
463
3885
1844
3577
2167
4182
397
4584
3250
5009
4201
327
1040
4365
520
465
2947
3143
4415
3849
1433
4326
959
765
5197
2813
3511
838
2100
978
1944
4743
2956
3741
3377
4265
4800
4838
3270
2011
38
2179
2122
2527
4420
2720
2576
3428
588
4353
795
1697
228
1696
1480
412
760
4059
4046
3723
3955
459
3169
1038
974
4661
1172
4968
1574
3716
4848
3974
3237
804
2207
4369
2458
538
2562
3240
4098
388
1295
929
4556
5013
1471
890
4154
4217
3608
2646
5289
3905
2049
932
1148
2515
3954
1971
3324
3447
4067
1441
3771
824
495
2472
3835
4023
1549
3235
1280
634
4076
1371
2876
1914
1188
521
2738
3088
1467
5217
1573
4598
1591
4164
4441
3975
4122
2430
4794
3031
1949
3407
2798
491
1399
1837
4244
1996
989
3102
3355
5175
3204
4489
257
1342
3436
944
1477
1115
350
2286
2228
2831
4384
2966
2077
3792
4310
514
2970
2887
2884
920
4922
1983
1889
2120
1935
1450
181
2236
324
3739
1393
2885
3112
3545
5391
3500
4996
4320
3132
4829
2135
1199
2457
1456
4525
777
4063
1900
276
1440
3888
5192
718
3930
3742
