16
95
110
112
115
122
149
196
219
222
231
248
252
274
281
286
303
318
329
342
383
389
391
395
440
526
529
531
562
572
584
619
642
663
732
734
854
872
898
909
923
961
968
981
988
1010
1052
1061
1069
1113
1127
1142
1158
1201
1214
1217
1224
1238
1259
1273
1357
1367
1370
1386
1413
1418
1423
1428
1521
1522
1575
1611
1627
1656
1658
1659
1660
1663
1684
1779
1793
1795
1817
1831
1835
1841
1853
1877
1895
1904
1907
2035
2039
2059
2063
2066
2069
2088
2096
2116
2138
2163
2179
2194
2196
2215
2217
2238
2244
2245
2278
2338
2349
2374
2388
2390
2425
2435
2436
2478
2488
2490
2492
2524
2526
2546
2586
2651
2652
2662
2675
2689
2768
2769
2778
2799
2800
2869
2899
2932
2951
2962
2968
2971
2980
2982
3004
3013
3020
3024
3026
3060
3093
3112
3119
3122
3123
3131
3142
3176
3189
3218
3238
3257
3263
3285
3298
3364
3380
3422
3439
3463
3467
3508
3553
3570
3585
3596
3673
3689
3694
3701
3711
3714
3728
3811
3860
3891
3990
4034
4061
4067
4125
4160
4198
4252
4279
4283
4315
4436
4501
4516
4551
4581
4622
4676
4814
4817
4818
4819
4903
4952
4954
5008
5029
5082
5114
5241
5326
5331
