8
11
41
44
174
222
230
248
267
299
306
334
350
403
405
440
444
445
468
478
503
529
552
558
561
602
621
624
651
740
760
773
784
793
802
863
888
894
932
1024
1046
1055
1058
1067
1078
1130
1141
1153
1185
1239
1299
1341
1391
1425
1449
1485
1551
1598
1627
1664
1727
1795
1830
1837
1915
1962
1969
1975
2013
2039
2058
2067
2076
2145
2189
2194
2196
2213
2217
2220
2260
2264
2280
2285
2345
2366
2386
2435
2457
2498
2509
2524
2660
2719
2767
2778
2795
2798
2919
2924
2935
2957
2984
3006
3007
3013
3034
3037
3042
3093
3095
3126
3144
3162
3164
3192
3226
3251
3273
3289
3364
3392
3458
3464
3482
3518
3551
3555
3669
3753
3851
4168
4191
4226
4252
4286
4290
4298
4314
4330
4478
4504
4529
4689
4748
4814
4819
4845
4908
4999
5032
5074
5159
5169
5251
5292
5385
5394
