6
110
130
150
200
206
227
243
254
282
337
340
423
458
471
478
510
525
537
700
721
731
746
768
775
905
980
1010
1106
1122
1124
1152
1188
1189
1222
1227
1232
1262
1294
1340
1343
1396
1401
1464
1465
1489
1504
1559
1580
1601
1634
1643
1647
1648
1669
1699
1721
1723
1744
1760
1913
1931
1944
1950
1958
1963
1987
2136
2147
2199
2200
2284
2291
2308
2398
2420
2449
2452
2493
2523
2564
2592
2628
2682
2685
2699
2793
2816
2838
2868
2894
2899
2920
2936
3029
3061
3129
3172
3330
3339
3399
3415
3490
3504
3522
3531
3633
3636
3639
3679
3682
3764
3780
3821
3866
3883
3936
3961
3977
3988
3998
4017
4034
4054
4085
4089
4112
4164
4206
4247
4264
4288
4298
4317
4322
4349
4350
4355
4387
4398
4410
4428
4434
4449
4506
4572
4646
4703
4712
4761
4823
4843
4903
4905
5044
5053
5054
5115
5161
5163
5181
5212
5237
5262
5266
5273
5324
5374
5404
