27
63
127
144
150
221
234
314
367
372
405
538
560
566
598
619
651
744
751
780
829
842
914
915
961
1014
1026
1063
1107
1122
1164
1207
1225
1254
1312
1342
1415
1493
1515
1526
1543
1671
1711
1716
1717
1719
1728
1776
1835
1849
1877
1898
1900
1942
1947
1950
2019
2035
2122
2205
2242
2287
2303
2356
2378
2391
2403
2540
2546
2553
2667
2679
2680
2711
2767
2817
2836
2878
2885
2904
2931
2932
2954
2990
3123
3125
3130
3134
3158
3169
3218
3239
3248
3291
3344
3350
3365
3399
3425
3427
3470
3484
3490
3499
3545
3578
3628
3655
3673
3717
3718
3750
3851
3919
4019
4076
4095
4161
4165
4179
4203
4224
4245
4263
4266
4286
4356
4362
4377
4383
4466
4496
4518
4574
4644
4653
4667
4679
4695
4700
4714
4731
4769
4827
4868
4883
4902
4944
4978
4988
5041
5109
5153
5168
