19
46
73
84
122
135
188
220
382
483
531
547
625
651
658
667
673
693
707
794
806
841
865
918
1006
1028
1054
1097
1106
1113
1122
1198
1225
1264
1364
1370
1400
1416
1421
1465
1494
1518
1547
1621
1630
1641
1645
1659
1664
1687
1719
1748
1793
1804
1843
1866
1890
1913
1947
1987
2063
2162
2193
2198
2220
2228
2327
2336
2349
2374
2444
2452
2510
2532
2566
2613
2653
2656
2804
2833
2964
3043
3054
3131
3256
3258
3431
3448
3463
3473
3500
3517
3534
3537
3547
3638
3685
3845
3858
3999
4019
4037
4104
4139
4187
4200
4250
4260
4267
4285
4378
4459
4560
4686
4707
4742
4944
4971
5048
5144
5201
5205
5246
5284
5286
5292
5326
