33
36
41
46
56
127
148
222
262
274
345
361
377
414
540
566
618
638
657
732
818
909
946
981
997
1052
1076
1295
1414
1503
1507
1549
1611
1764
1811
1829
1831
1835
1857
1879
1930
1948
2002
2023
2029
2030
2046
2092
2126
2129
2131
2136
2138
2155
2163
2220
2227
2307
2338
2370
2435
2436
2463
2528
2550
2565
2582
2604
2651
2822
2904
2950
3022
3036
3060
3074
3117
3138
3171
3192
3219
3248
3256
3259
3282
3442
3449
3467
3540
3619
3644
3647
3678
3900
3933
3991
4043
4110
4133
4176
4197
4228
4307
4348
4440
4527
4579
4639
4689
4741
4785
4802
4862
4958
4969
5023
5035
5042
5079
5247
5279
5322
5351
