5
8
56
170
244
267
286
303
327
336
345
420
437
452
585
611
614
615
737
806
831
844
856
938
994
1016
1028
1105
1122
1162
1175
1180
1288
1331
1535
1537
1543
1573
1584
1586
1598
1642
1660
1781
1785
1798
1801
1878
1900
2005
2035
2055
2077
2084
2102
2122
2136
2169
2275
2339
2399
2446
2483
2525
2532
2565
2584
2599
2616
2655
2699
2865
2905
2931
2978
3002
3018
3089
3126
3129
3180
3251
3356
3395
3482
3486
3499
3501
3572
3574
3643
3664
3698
3852
3938
3971
3999
4024
4056
4135
4213
4245
4340
4348
4413
4445
4614
4616
4630
4845
4877
4895
4900
4963
4989
4990
5042
5074
5170
5261
5279
5319
5333
