5190
974
4916
4619
719
3190
453
4757
2188
3285
2375
4781
4964
847
4928
3711
4517
1942
5061
5168
2850
4640
300
1662
3446
4734
269
3040
2783
649
3244
1861
3415
2502
5351
3975
1820
4935
5364
2618
3612
1580
1029
5273
2972
2823
1457
2989
3590
3737
4765
135
4663
3884
339
3550
4602
2298
3741
4769
3351
4323
2946
3269
385
737
2333
2725
4040
4940
1875
2069
1028
582
4150
1317
26
1680
4998
692
1468
3635
1739
2881
4245
5316
4405
3364
4580
266
4816
4108
1960
3355
3016
2113
644
2739
1541
3240
321
2435
4587
5370
849
4839
2761
4134
2796
4795
3119
4131
2513
210
2721
2341
412
1412
777
4275
508
1607
1937
3171
3891
1934
688
4678
2046
2507
812
2365
5035
5240
3688
4969
4062
2682
2049
2304
4243
129
199
2782
2391
922
817
3702
1878
4909
299
4835
658
5405
2420
1150
4614
1965
3710
1095
1245
1066
5053
2524
3086
904
2087
4846
3907
4083
4035
188
1768
1423
4814
3908
1847
264
3376
3932
4374
265
2759
5186
3543
2574
1688
1466
1653
1174
1126
5352
3774
2477
948
660
2545
538
2227
97
1674
759
1203
3027
2347
1990
3012
1556
2974
4900
2318
2780
3462
1234
4442
3940
4959
3440
4000
1204
5197
149
3491
896
2864
1356
1495
4254
1193
1678
305
1369
1464
2743
975
171
4677
4648
1991
3965
2300
1714
4838
131
4705
2151
1461
3051
4926
397
3235
5312
1310
3721
4380
3726
640
873
1530
3967
1463
1425
1123
1015
3342
678
2417
3305
4467
58
2141
1574
852
4520
4456
1339
4703
133
5131
5211
4304
1769
2374
1277
3494
2735
3482
3646
4190
4658
4780
5153
4441
4498
2707
4971
3752
10
3569
110
4170
4263
2076
5204
2654
2222
1237
5343
2287
1693
4080
1573
3257
2535
1336
5109
1983
3920
2713
303
3322
2917
4527
5383
1617
4429
5106
414
3136
3445
4469
5067
1841
5062
499
3219
27
1257
3809
1732
2170
2658
2226
2911
231
5039
406
220
5319
795
1618
5278
2605
3609
1075
500
3490
4288
4868
4564
2223
5355
468
995
1057
3888
4876
4061
714
2829
5344
4228
2683
2670
1433
2587
5260
4091
5089
600
24
70
4717
2669
505
1791
4629
3876
2704
3396
4907
2296
1338
3511
1190
3880
744
2807
1995
4114
2429
3134
901
2515
2212
3172
278
1409
169
257
2008
4787
1778
3861
2078
2731
5259
1825
4393
4655
3259
2399
988
2643
5026
179
5027
1723
1228
5117
3637
1282
1956
3797
684
3005
4250
2194
4095
1
3217
3936
439
4152
595
2482
127
3386
1920
3356
2957
2124
2885
2624
1904
3106
337
4474
588
987
2456
4797
2625
3633
1223
4103
622
4937
4196
2899
1713
1087
4696
3875
2137
4973
4488
5255
5367
5103
1953
4506
2550
743
3650
1431
2950
1880
2264
3441
5262
2272
1542
2565
493
2248
3647
35
4438
3856
1005
2169
752
4585
5057
4817
4447
1947
3489
3373
134
381
1703
599
1432
4852
3859
3531
1348
3922
2681
121
567
198
2717
304
3238
1192
143
4690
2949
3974
4420
2762
5118
3145
3162
124
2760
3654
3116
2604
3720
1866
1227
803
3685
2785
1592
661
1643
1092
2833
3812
1842
717
1437
454
3566
2920
1404
2471
856
3586
2893
5041
75
5366
1270
2469
4428
2363
3473
1413
3087
1648
4045
1896
1006
3454
2242
2868
2756
4262
1493
1711
2859
3661
3779
3128
3155
3178
3270
2171
3714
5088
518
3950
710
4560
2403
4462
3018
641
2016
3606
4041
3254
5007
1638
4129
4832
2955
1289
1330
2314
3498
5369
4870
4901
4770
4315
2290
1093
1905
4086
2454
3461
4445
1365
5299
258
200
696
5000
5384
3340
3413
4477
3676
4481
2817
564
1233
2303
2490
1601
4556
4168
1125
2841
978
4358
851
2345
936
3771
2020
3594
4001
4983
280
1528
3262
2603
4136
3470
4324
4773
839
569
483
1364
1018
1208
4944
1895
3387
3335
5219
4030
2329
3707
5018
3054
3544
2309
5148
1159
5094
2567
3474
814
4792
891
580
1291
4247
921
3925
4019
958
5033
3263
3853
4236
5392
1761
2256
4496
1308
3813
4400
4018
4947
5029
2960
2849
4113
5091
195
3595
455
1149
3200
5163
736
1853
3899
3366
413
2818
5122
4500
4390
3060
2366
2292
4756
3120
1132
2470
311
932
3044
596
3522
2305
770
2372
137
3466
7
2349
2853
4046
3425
3503
4279
5353
4996
4997
3284
4820
392
1130
4387
3421
553
3404
4841
2531
4573
2758
4709
2317
1543
3231
25
2555
5125
4306
5291
2263
2695
2095
584
3951
4620
3730
285
2018
804
3649
3589
4980
1274
2394
900
2953
2826
245
707
2371
4397
4611
946
4395
3924
166
685
1164
636
197
3357
115
5022
2089
3796
4516
4198
3825
4807
992
1961
4739
175
4326
221
1981
5021
3641
464
5301
2062
3035
410
1422
4183
942
2360
3334
3367
1367
259
4255
1816
2863
1945
1894
3079
1215
781
4911
3839
292
364
1837
1520
779
2679
4863
3572
3629
3553
1334
4879
1217
670
3523
5245
2607
4526
1415
3360
2568
2692
3577
3773
2985
1401
4290
3414
3037
4027
54
4085
5019
5076
2622
1909
4189
3312
1210
1407
3934
5149
232
3642
2710
4615
3075
241
3580
4007
3877
1000
4692
1285
761
1341
999
2407
5304
5250
250
1128
108
2722
1427
723
4065
3276
2302
2389
728
4191
5212
2571
5266
5230
2931
3417
1498
1395
3857
909
405
3901
5078
2251
3113
2032
2196
4024
3666
1910
1166
256
4680
3452
4598
5247
655
5173
100
1565
3272
2498
4301
862
726
2685
2934
229
1615
226
2450
2633
3996
4622
2674
1440
3986
4353
1096
970
3655
1403
204
2505
5079
4401
1516
1687
4946
4902
4572
2453
360
1710
3019
3764
2037
2244
4231
3668
950
4050
4090
722
475
1538
1733
3890
5159
3582
5307
4052
1635
1588
1084
4951
2261
2999
5199
1224
4350
1646
2419
934
1500
2763
449
1722
3961
1296
690
5213
4606
4385
1386
3722
3378
5184
5236
1672
4331
222
2119
928
3694
2630
4869
3296
4256
3547
1136
393
3602
327
4785
5356
3788
1156
3004
3893
4504
3551
2866
4898
1776
3706
4608
4434
4234
1606
420
1351
2376
3063
4011
5280
1771
4033
1728
3823
4750
806
2509
4205
1287
3073
456
4212
3794
335
2048
65
3072
940
4766
5140
3665
727
4102
579
3391
1151
225
2091
4362
3042
1145
2737
709
855
541
3777
1496
3348
1104
109
4683
91
4105
3304
4211
3559
4545
1727
3077
591
29
4412
358
1779
3845
2549
1551
971
697
3202
1014
5064
2123
5002
4593
4549
76
4796
1813
1109
3574
574
5222
520
897
4068
4748
2661
2951
52
1102
3164
739
2338
274
2426
4123
2645
1307
5070
3801
1375
4568
1524
1051
1968
4927
1614
1406
3361
174
1392
2559
5206
606
547
5224
1783
2939
3255
4446
2802
4416
1545
2800
2865
3887
4706
4752
2805
800
5320
1795
2768
1569
1513
4460
3464
4107
1313
1251
402
1127
136
2846
2919
1298
5096
5293
391
3935
2646
5397
3524
3563
5115
2572
4210
3282
3160
2288
1232
1874
1798
2134
3056
4377
3183
3174
4618
446
4697
700
3434
4346
1962
2082
2047
2343
461
4575
3521
4450
3094
2236
3821
1378
3098
4334
4142
3719
3624
4941
3896
2496
4012
2205
2995
1521
19
4308
2657
2694
2906
1976
3680
2828
4396
4006
645
3286
4741
2889
1626
5318
1754
4101
1177
1009
4728
3549
4440
2792
155
1862
4894
1241
4999
3192
5143
316
4044
2444
459
2198
511
2356
3841
1483
343
1702
3790
5065
1992
3699
3447
2466
3536
1129
4318
747
4215
1527
224
2788
1342
5270
4407
577
3784
2362
3510
473
425
2331
5257
3074
4195
3480
2475
5073
4201
4408
2979
2312
1625
4534
2234
4317
2959
103
5192
1238
4071
2473
990
4895
2259
1242
3436
3253
180
695
395
4824
5129
1717
2856
3126
3332
1458
4976
4647
2580
0
4829
3198
2364
4809
3669
1391
2160
3199
2063
2180
3623
1970
4503
875
1781
531
1273
2970
1707
712
2909
4130
2043
1927
2776
1454
1581
1240
4186
912
1949
3010
1974
4078
4754
4652
212
2275
1154
1604
1860
686
3761
4546
93
163
751
5105
3814
5323
871
3424
771
2898
829
4076
382
2250
1195
3871
5235
1453
3731
2522
480
2191
301
4119
4490
2521
4104
4855
4479
4297
3091
2978
1836
1955
3300
5010
5012
112
451
106
113
3403
4059
2686
3168
3693
2937
2179
2628
4753
2228
4465
87
5145
1996
1060
5398
2608
1402
3800
799
1925
2902
4172
2161
2830
4955
66
2642
585
2962
1146
4336
4679
4087
5032
2938
4299
2090
1587
5182
2384
1031
5074
3081
2755
3088
3926
2878
379
1141
1644
507
4508
1726
5284
2968
830
2778
5202
2210
1583
1563
3802
4294
4737
1550
542
1811
3805
522
4570
3211
4700
4258
5020
2430
5227
4738
1943
2653
3214
1049
573
3682
1752
4968
157
272
2840
3596
2257
2132
3204
3256
721
1709
3850
3011
3336
1347
2262
357
60
3677
2560
1116
5288
889
1571
2698
4153
4590
1074
1599
1850
5069
3499
2034
4744
254
146
3575
2781
1122
4588
1264
324
2596
1758
4388
4418
2945
2274
4733
4005
1349
2663
980
498
2406
4094
4394
1575
5119
1082
675
4576
4515
4666
1266
1854
2187
4790
5194
190
4502
1940
4146
4320
1659
905
1430
4768
2097
2268
1443
4178
3085
2467
3400
3830
633
1058
1749
2465
1851
2635
1333
4833
1519
884
1382
4529
3067
4042
3124
2766
3980
3954
2
472
2144
5306
3882
1561
3109
3864
2382
3456
1748
5155
1928
4413
602
2825
2835
2993
3834
5354
1852
3076
1476
2500
4931
4436
3082
4644
1800
430
5401
3069
2640
1231
1661
866
3869
2534
3734
945
2050
3983
5246
189
407
1689
71
4141
3807
1724
477
3104
5008
1645
2056
152
4098
979
1004
639
47
4736
1077
3772
4649
844
1492
4014
818
3833
2146
693
4908
4906
4885
2361
1247
2332
2400
3659
868
1202
634
2540
1594
5114
1915
654
3993
2925
1147
444
1600
3701
4270
526
3426
5386
5058
3632
2520
1325
2070
2286
4533
4159
4596
219
1751
3371
1340
5111
3492
3289
4271
2003
3047
1824
3939
4888
252
1948
2512
4379
1740
2402
4643
4961
118
1070
3483
944
1399
657
1354
4704
683
1179
4347
4081
757
437
3144
2393
4365
3014
1831
5034
403
5371
1589
386
937
1175
1249
2344
3941
4230
4730
4501
2961
1355
481
2912
3222
672
4905
530
2103
2397
306
2219
3337
2777
5334
5264
2377
3026
3201
2061
5171
46
4344
952
4566
5101
778
4208
4743
2784
1055
673
1397
2235
247
4794
67
376
2894
2107
3601
2390
4367
4718
4049
1613
4525
3829
3514
359
17
4366
589
3851
286
2852
4837
2094
5081
5183
1944
1810
1790
1570
5331
4073
3152
1770
4421
2619
4008
4945
2054
3359
2598
2337
1667
3994
95
1284
2789
4848
2307
4672
1834
4719
959
3015
5167
4823
3071
94
828
2269
3597
114
2711
3090
4956
1472
1197
3690
5151
3422
1332
4724
5400
532
603
5341
1311
1637
2832
527
3573
331
3918
90
4302
841
5055
646
3854
2007
3822
4274
5050
3648
512
4364
2740
4140
4333
2405
5381
4954
2379
1548
4325
539
5404
192
534
4791
172
4036
1729
3692
3392
1324
3193
4241
5137
4144
3971
4786
1221
4056
2059
3028
5144
1623
2336
3520
2414
4662
251
1540
4077
724
1746
377
485
1050
3280
4373
1647
4645
3921
3443
4417
4760
3292
4357
4015
3831
1419
704
1898
2015
2854
3048
815
1514
491
4967
1090
409
