4636
3237
5150
1301
1986
4224
4805
5303
3883
540
3467
1566
354
3295
2064
350
874
4116
2956
1649
1255
4616
470
4471
3465
154
1118
3999
4544
4427
886
3372
30
3265
834
1486
1169
4859
5289
1377
4283
3127
3333
471
3667
3906
4295
2357
1265
4799
1494
4631
2697
994
283
1362
4214
2860
3660
4361
571
5358
3034
835
1017
3698
3837
5164
1609
3696
438
5031
565
2158
5241
4084
3763
1114
2436
2702
3439
323
3388
145
3307
4173
1839
616
2039
1037
1134
2665
173
5049
1184
4115
3409
3915
4137
1906
2691
2930
3038
320
3064
5127
2199
1902
708
329
3165
951
4363
3375
4414
2192
1180
4510
4918
187
5378
1933
1988
3584
1701
5046
4610
4732
288
1331
2416
1512
5176
3197
1699
1083
170
699
2935
926
167
3365
2055
801
3008
4913
3448
4660
3905
374
1704
4074
1424
177
2577
479
3670
1755
4877
4386
4827
3133
3985
4917
1591
2474
4559
2744
4448
4815
637
4891
1656
5052
1343
384
3620
2423
802
911
2523
3745
2757
1191
132
5152
861
3007
1059
176
2548
363
72
4180
273
4984
3600
1357
2443
3323
3324
3917
1097
3662
4923
1987
5112
325
4293
3733
4966
3232
1278
4682
50
333
880
3000
1380
3791
732
20
601
2448
1335
4316
2790
497
2536
3143
4612
338
1062
4402
953
3350
1161
1833
768
5281
3228
2138
1276
5363
4184
3953
3363
733
1489
1446
2323
3610
2738
419
5292
2139
703
3955
4064
356
2277
3273
3593
3742
233
2837
4731
1236
698
4482
2200
5023
1967
5110
2002
4118
3479
3021
105
2562
3728
1108
1482
2116
718
4494
4555
3159
3329
1063
3151
5004
3036
2845
4485
4192
4747
2233
366
1628
1762
1411
1196
1113
1459
783
2373
2867
3952
4060
4376
5300
5169
3384
4871
1888
3895
5139
3243
5051
2680
4145
5054
4125
5374
1283
4671
3236
2593
352
969
3039
929
2184
3306
4075
2904
1946
2767
720
1107
4337
1979
664
4285
1263
3469
3518
1554
432
3755
96
797
3599
31
2289
3033
3997
4475
3195
1616
1830
276
749
4755
2561
4892
4722
4147
3453
4143
1248
2011
893
51
3828
317
4253
4458
346
1889
2990
1012
3105
2481
2720
3793
5309
3353
3750
2650
4194
3942
4360
355
4702
2546
5066
612
4425
4072
1760
5249
2591
318
2084
2005
5095
3095
2411
3399
2409
4613
4352
4139
4801
2581
434
2616
5045
3973
843
5086
674
2492
597
3855
4382
3242
4411
1246
1421
1907
2128
1686
1922
2506
3339
5223
3614
165
4600
4106
1526
550
2709
2997
1845
261
3277
4156
3747
1901
2010
3287
383
3780
2501
2147
846
3266
223
3605
1803
2621
4847
643
298
1280
387
2334
2742
2769
2201
139
4026
1379
48
2388
3592
3643
1444
1137
1950
144
2489
2189
5254
4783
5326
4356
4775
972
2552
2511
3532
3557
2609
1388
1553
3163
2245
2013
1271
1418
2613
3354
1187
1239
5209
4543
1631
1439
1598
4953
1505
16
2503
4439
3031
1370
181
84
2000
594
2883
3817
3607
3463
4890
1630
1985
3904
1737
2353
3785
879
3062
5348
1053
3611
2058
5263
2602
1765
5146
2569
4399
3743
2770
2028
1931
5361
3153
396
1361
489
1016
3234
421
1176
2117
279
3410
2120
3338
681
2237
5244
1567
4244
3123
3758
5251
2438
394
3458
3729
1056
2133
725
290
4550
4148
3122
3046
1741
4842
4257
1353
1908
993
185
2793
3121
551
3229
1858
2748
5275
4067
2612
506
4988
2705
5336
4422
61
5126
1756
4154
2838
963
1194
941
3216
4867
2459
3328
3318
3687
1882
3526
5283
2316
1921
4763
609
4240
2541
1036
1621
4181
4699
2924
1954
2592
822
3167
4767
3146
3428
2126
3765
4111
3723
548
1045
2186
1138
2324
400
1479
648
2696
8
659
2772
36
4541
5324
1269
1213
4793
1517
3477
4491
611
2820
3301
3381
2994
4952
1848
2848
162
2976
2668
2557
898
4223
2754
63
1449
365
4242
4265
2118
5234
796
925
56
613
4370
457
2578
64
2485
3495
2626
193
3432
598
5195
4126
2270
484
2526
1997
3239
4512
4203
3804
4371
4583
1715
3150
4197
1564
302
1926
2404
4204
3161
3468
3909
4202
5044
2543
351
289
1124
3538
764
388
3782
2589
3006
3449
2874
4987
2493
858
3170
4028
899
2383
3621
3419
4591
1511
4063
3964
3141
4342
2510
3476
3844
4746
1299
4175
1870
2606
2325
5387
2036
3131
1441
5232
4912
2135
2765
2326
3562
2295
5362
3652
2239
2813
2017
2359
1539
1743
370
4562
98
4239
910
4878
1682
3362
930
4354
4289
5116
2660
4341
2842
2799
3509
1877
5083
2954
4497
1971
2732
5187
3756
3579
4836
3169
1522
1491
2576
590
5297
3020
3212
998
4960
767
3984
877
2369
4571
1416
1214
1595
2387
4695
3221
4740
3748
3223
3847
368
1984
977
4478
4625
4169
2178
1374
1294
869
523
3916
1295
4233
1220
2057
755
4845
5296
3546
248
5286
2982
1891
2963
1168
3759
4219
1485
3451
510
74
5242
1069
4735
4392
1456
2847
1558
125
1897
3751
3288
207
4161
3347
3393
3816
4540
307
4811
3502
563
1782
3203
4079
4939
215
4057
4384
1523
2916
1881
3102
441
2812
3959
2027
1450
4670
5191
694
2656
3053
3712
3227
1619
4207
2641
3704
1152
4592
3578
2060
2688
1774
3111
3241
4798
2182
1918
4694
450
4157
463
1329
3881
4882
2586
4840
2538
4688
2041
271
2386
5277
4459
1112
878
4404
1832
1655
3055
4135
4887
4789
1222
2851
116
3299
236
28
3185
2370
5016
4034
4528
4684
5098
2433
2395
4899
3281
1497
2814
291
4574
2870
334
986
3057
4426
431
1804
572
5322
867
5028
2425
2455
5179
1670
5231
1376
3184
558
5325
4
482
2879
295
1827
447
4489
2432
