2253
1730
4752
4716
178
5005
5283
2717
973
1572
688
5319
127
4040
757
4343
1462
3004
1968
3469
238
1477
2154
2279
1693
5320
1035
5317
304
4175
787
3910
4147
2931
69
16
1871
2217
3195
1673
4605
3535
4369
1419
1150
4915
2886
381
4736
4844
2687
1396
5282
2503
2530
4740
3642
2950
4601
3319
1140
5001
4505
4931
90
4676
1910
3872
3221
1634
3199
4458
314
2917
1177
68
2412
3325
5120
1011
2607
1742
3347
4101
2782
4922
1317
5017
5222
436
353
3355
3967
690
2649
997
5109
4088
380
3326
3867
4651
646
2300
2109
3245
4690
4906
3005
2145
3116
416
3676
3966
2842
469
2210
3027
444
3871
236
4214
2291
675
1168
4563
2015
4435
102
896
4399
1598
1798
4407
4250
5387
832
2956
4840
311
3289
5385
379
4230
4555
2323
3012
4219
87
3437
2108
2215
212
1277
4551
5265
2768
3633
2674
1619
595
570
4056
861
3179
1145
1773
1382
3061
1562
790
712
2849
1564
635
990
658
2786
3215
2564
4565
4780
2832
3959
4431
3272
4579
4216
1049
1478
1325
5286
5093
1217
442
4513
1927
3482
1617
4620
1885
3981
3466
1204
2462
1534
597
3450
2944
2604
2297
1553
4521
4874
243
291
924
53
3395
1836
956
4161
1213
4522
2663
4462
3073
1661
1195
1281
1156
749
3576
3561
4842
1531
2665
3263
2058
3094
3930
3510
2396
898
769
2683
4543
4997
4350
292
578
20
502
1350
573
3900
3934
2390
3591
4783
5045
2411
4019
4903
623
4074
4339
3650
5065
3750
509
308
1174
4583
3597
2609
3834
2440
1347
4264
2921
1793
719
2052
535
886
1808
1377
4001
583
1133
5316
1215
3995
319
3536
762
1123
1540
3212
3295
3049
2619
4451
4020
3399
1061
217
2371
5254
2309
2580
3768
3219
2911
4022
858
2037
1731
3302
2155
1596
5035
4853
1095
4052
45
2415
1696
3396
4646
1879
2365
4536
4440
621
4679
3430
3697
4868
1296
2131
5172
455
3942
1304
3014
5134
2065
4697
2704
4680
549
3518
5350
5252
3938
1638
2414
4492
2571
2298
3962
2500
5359
4639
5229
3318
2642
3496
515
1990
3997
5301
789
189
3522
3258
2281
155
1741
3517
4436
2606
5310
4911
2958
4314
2408
422
4703
1771
4550
2595
4064
2652
5263
2709
5181
1492
2949
5039
4986
2791
5296
1515
546
3820
1961
1254
1618
2492
903
3256
4600
1348
4374
1387
2336
3660
383
3663
2079
561
1788
2232
278
3162
3841
4564
2378
5085
2013
720
4265
5363
1056
3749
3208
899
4080
2569
3557
3218
2608
1203
4401
321
2793
2872
2590
3120
2888
5262
2562
2844
21
2508
2914
4877
5206
942
1201
4918
798
2915
5105
1082
4702
446
4096
2815
1221
1451
3060
5338
3176
389
4373
1351
3442
392
2067
1115
2742
568
544
1473
271
3779
2937
194
4423
2021
1976
4652
1053
3117
4749
5230
2368
2858
2551
2668
815
2393
3071
634
1225
1623
1856
1581
4897
2033
590
269
2730
1039
205
4809
3534
3944
1475
1833
3636
1062
1677
934
9
629
3987
2520
3808
3056
2395
4773
4191
1344
5343
2536
2930
5292
396
307
895
3048
1421
255
3032
4272
1923
464
1560
3956
1381
1691
3080
3507
648
2295
3368
3065
4446
2113
949
5217
2820
49
5049
2775
5117
1255
723
3754
4311
4481
3340
563
2922
1070
3074
1282
1507
3174
5053
1717
2756
4812
3578
2173
2025
1319
1364
2732
1719
1476
2158
2981
5248
4388
879
3963
3627
2212
3573
3241
1448
3084
766
3860
3283
2636
5379
4719
4823
4595
2250
2968
2382
4826
3077
4843
362
3865
2248
1427
1124
3402
3905
2726
3881
2140
622
57
2353
2864
1054
2763
1442
2992
4143
285
3488
2478
4027
3773
1892
181
3492
1746
3870
3625
2923
579
4923
3843
3227
2097
1706
2044
2387
2184
3234
3503
1341
1557
628
1026
3756
2951
856
1206
4437
28
4786
2255
391
781
5318
2611
5012
313
4644
1626
5275
2236
3606
4409
4341
2252
808
2342
4687
4184
1373
3933
25
4466
1547
2905
2224
5013
4727
2978
2406
2592
1760
3259
5224
5281
2271
3818
3230
4204
5289
4587
5371
3253
3156
5364
511
5031
4649
3269
1943
5362
5069
4814
3321
4032
5103
5345
4448
2024
367
1480
3700
2082
3468
3553
5358
1089
1799
2999
1094
162
2524
5280
4110
1050
1151
2816
3811
2028
1472
5077
1769
410
4796
3076
4797
1592
5347
2348
944
922
2868
1127
933
2632
873
3796
4586
1496
4760
465
2715
2314
3173
1294
2830
2566
4330
2175
520
4360
3662
2945
5138
4049
1670
4067
4249
2780
3216
1503
2859
4489
2027
3716
2531
3797
3145
1164
1907
3785
4658
415
4030
226
2469
3456
1852
2138
125
4995
1523
369
4850
3264
3107
120
3354
5237
2185
2891
170
821
4730
2152
1202
3882
809
3968
1051
667
3154
1064
768
2892
4142
208
2965
663
4791
343
2934
182
4185
3124
1071
5097
2186
156
3037
4951
2600
3855
1307
2660
4241
2912
2264
2139
1483
1489
2422
1701
2277
3897
3613
1153
860
2381
1004
3708
2317
2901
4244
2432
759
1211
4220
179
1275
865
607
329
1640
4994
309
1930
5023
2081
3509
1585
3261
2060
4154
5190
919
30
2077
1552
4554
4757
5148
4248
4825
1504
4553
4643
5196
122
1075
400
5133
2501
2285
3846
2626
1676
1182
4294
4111
681
3643
2107
1027
845
5179
1740
1244
3605
854
258
4151
4164
1506
62
4851
86
2117
1447
2898
3586
2247
5071
3826
556
2555
3352
3148
4002
4584
334
724
4319
907
1125
4380
347
4352
508
1187
2405
517
4016
3310
885
1722
4283
905
4117
5054
2124
3238
4542
1238
986
1441
755
3868
3626
5021
2980
4037
937
3706
2529
4260
1556
613
3815
4500
1632
584
320
630
