4547
2402
71
665
1172
5068
237
1559
1554
4845
4133
5119
1912
3883
3581
3239
1675
603
60
2568
1464
3414
188
2587
5100
4954
2846
4293
1208
1985
4818
4905
84
3858
4901
3249
4573
4226
869
1108
1290
714
1141
4302
2909
4852
3309
968
4745
3752
4503
2449
3243
4270
2369
1490
807
4706
4165
4766
3760
432
3984
4993
5352
2069
829
5342
2781
5107
3988
4566
555
1020
2448
2326
3974
4280
800
3422
900
2284
1057
1650
2575
1755
1739
4353
627
2051
2493
2748
4261
1533
5084
2794
1757
596
1998
2046
3931
4238
4177
3961
5360
5266
4666
1166
784
2290
138
3824
2689
3940
5137
3615
2547
5205
4008
4972
1597
2514
3904
1605
3499
1561
2993
2792
3873
3704
3678
2948
4062
3604
1353
3350
1391
5209
4057
4866
184
4691
3666
5332
4478
5002
2647
5392
228
2150
2050
1762
289
2195
4257
3125
5078
4061
4171
4793
3182
649
1734
3236
2785
748
4872
4880
1997
4129
4386
2340
5285
3571
4485
77
4622
1488
3184
2089
2963
452
3481
3225
2822
1828
4977
1399
3584
1385
1822
1284
5136
4168
26
1683
3298
1242
4382
3717
328
2498
4629
3193
173
1637
3196
1329
3110
5255
2080
4534
2685
3568
27
10
457
5118
2289
3574
711
2887
1415
3185
4969
694
1466
3918
1076
5182
5193
4531
2254
3736
2263
1264
2453
5297
2181
3923
1567
1957
3566
3385
2521
1750
950
1104
1817
4663
2196
373
4548
2979
5125
2246
3800
892
3454
1358
4942
448
3419
3158
4567
4098
3201
4106
166
3539
3479
5173
4673
1832
4316
2009
887
3543
962
4602
1099
4276
3567
5373
1953
4093
3053
350
3397
3497
2679
2480
1013
3291
4274
483
1048
1335
521
2783
2667
3323
4346
274
1642
4034
708
3778
3324
492
1692
4323
2436
14
3330
5271
716
5188
5405
3776
143
2472
2383
902
5315
3404
230
1851
1043
395
1088
1357
846
4640
4613
1338
1367
4637
1539
3741
4182
1196
4882
1896
3524
3436
1767
359
1505
2410
3300
2589
190
2437
2677
4892
4299
1404
4916
2376
3111
5081
58
1599
2837
4097
3083
4754
2869
3976
4243
341
1983
4055
3983
3200
5337
598
4402
3408
388
247
4090
4996
2188
5376
220
123
619
3142
775
3580
1747
4971
1379
2054
3876
1273
952
1538
1194
2318
3333
5261
4126
3139
1240
1716
2002
3400
5381
4160
2646
3386
169
3895
676
1437
3438
673
1601
2829
5128
3470
2273
2544
666
4454
275
2461
2610
2399
1388
4683
3222
3178
3167
2275
5233
3814
479
710
4253
1097
4199
159
3989
1372
1416
1859
5242
2286
1845
2605
4908
3010
4372
48
3628
1862
1929
1595
971
1297
4083
5008
1549
1025
1918
4614
897
805
868
4308
168
991
490
191
2851
2703
3205
149
3908
2924
1630
729
5152
889
2261
4628
2278
1679
5146
390
1991
830
92
3719
1937
3686
4633
1660
2115
3132
324
2874
5121
3172
2468
3380
4934
976
1874
1958
3932
2572
1663
3475
2621
4004
4808
1803
4668
498
2446
851
3685
591
1780
1519
970
1361
5305
22
2362
3677
1646
1402
3788
4597
4945
4518
4693
3783
3009
4988
4320
1002
2552
1827
2418
245
2092
4172
2824
4873
4899
5294
2363
2322
754
735
1314
4297
3791
3023
5378
3901
1422
1501
3936
4941
310
333
1922
5235
4418
1610
4670
4537
2676
4415
691
4641
3093
3276
738
2000
1890
1724
2177
3387
5159
566
110
4354
1509
4000
1863
4781
4313
5066
1735
3747
1528
4089
1684
1167
3026
5238
2860
1436
2596
5199
2398
1443
32
679
4561
3072
4765
2684
4603
5284
1481
3461
3099
4653
3506
1411
518
186
2473
484
5374
67
3081
3447
2640
2198
1030
4166
106
3822
3888
157
2041
1163
3448
1474
3839
4794
3769
1500
4007
2238
1148
4659
3220
2428
1950
4411
4499
2373
4333
3577
545
612
1913
4239
41
2349
3183
4050
2016
2066
4473
674
4075
56
3806
4944
2431
5277
2122
3317
3273
5227
3840
2202
5208
2201
5307
2966
3275
5102
2764
1190
3054
1368
1853
1810
2988
1847
82
4483
3737
2855
4557
3994
2391
3722
2614
176
4817
1727
1816
98
1463
4200
3948
977
2974
1185
774
3899
421
3137
2442
751
4592
438
3306
2896
3378
109
1186
2903
2094
1205
1199
1189
5232
3240
2031
1143
2870
4800
1362
78
1063
5377
1704
2760
1903
625
1126
4805
5269
1831
2893
2459
5290
2659
948
4287
2987
2511
4087
3393
2313
2725
1295
2856
1782
164
1292
268
3412
1685
3046
5372
834
4465
2502
2838
4066
783
2827
1898
211
1118
3979
5309
1850
4370
1173
1212
1209
820
5249
2010
1900
1015
4782
1886
5165
284
4661
5047
4927
2661
3371
3033
4406
1614
5040
165
617
4896
2889
3472
2287
4023
1247
4176
5113
5123
3996
5366
2219
1309
4657
4107
3280
4266
3233
4035
499
5257
4839
3478
643
4707
2331
3149
1036
2678
4983
4728
3100
756
1198
2485
387
4491
18
187
2020
2237
2729
3939
1346
2522
1229
2301
5043
2701
5011
940
4924
704
3423
5022
2388
1444
4355
1214
2714
4342
4455
2476
485
1687
2527
1671
2213
5395
1931
257
4416
4956
1516
3017
3894
4576
5059
871
4031
4109
1010
2344
2169
4237
1791
1233
3702
671
3112
4397
1129
1031
3315
5303
5356
3250
692
4215
4914
3672
1006
532
3382
4909
1334
3852
1306
2171
1487
526
862
2766
5322
1080
207
608
5067
589
3040
975
1721
2280
3320
2747
3511
1624
449
3610
2035
5033
3533
1468
833
1041
1901
3595
2216
2808
2282
1977
4792
4959
4079
1400
3655
1231
1658
835
4546
1100
3169
3418
3954
4428
4884
3538
3171
4365
1390
1725
5344
1855
4854
5203
327
4349
961
3034
1425
3305
2942
2643
1749
5111
4159
4392
2208
1438
1424
964
