4878
5062
2669
5175
5004
4775
2233
4197
1570
4833
1947
580
2293
3842
4936
847
3635
5367
3066
1160
3641
1783
357
1250
3668
4665
1439
1866
1251
604
4170
2969
1230
883
4720
5099
2214
2728
4158
401
1636
4433
4309
2156
4928
5191
4974
282
941
3618
855
602
4363
3916
61
1889
2875
5189
5314
4647
731
1541
2884
4580
2093
1034
4233
739
4821
3057
3730
5088
4213
4042
1987
5144
454
697
1146
4869
2558
3770
3644
999
4424
428
3927
5221
5187
152
1615
2770
3743
3665
115
3166
4082
3498
4150
2316
2460
3725
5094
4575
5220
472
3483
2088
4174
345
467
4494
5334
1647
4038
4054
2319
2594
4383
326
248
2496
3152
3812
2570
221
4887
2602
3554
2682
3197
4917
721
4479
2686
2127
348
4242
1433
2288
1966
4507
3740
3587
1894
4876
1868
5369
4229
5052
4026
2519
4368
420
5194
2698
5114
811
4612
2230
1728
513
1102
3529
2194
1778
5083
2352
3458
5274
1848
3807
1342
3339
5036
3189
2565
605
481
4099
4356
3041
732
4535
4071
1024
2327
1697
987
5253
2303
4024
1944
3729
4987
4112
4777
4596
441
24
3531
1867
3877
2746
4195
1131
3003
4103
210
1101
3925
3416
4735
1223
1299
3345
3501
696
1162
2739
59
1280
3424
1180
5270
5063
1315
2083
3621
4810
3562
2455
909
3631
1980
1864
1645
3950
2707
4549
4393
4070
3271
4776
4847
3344
3050
2355
443
142
1694
3634
5018
2902
2078
4324
3001
4975
3612
765
2633
2906
19
3735
4246
3335
3214
4005
1354
3351
2817
4124
4590
5044
1067
131
3304
4763
2307
2151
2613
1513
2857
1657
4490
3287
1308
2852
1548
1252
4475
618
3803
2026
4738
5122
2121
336
2876
1699
4831
3972
2345
2161
3512
5240
456
3484
4778
5349
4321
3848
2622
2631
2056
2653
734
916
4207
2268
121
3015
2036
5135
283
984
3042
650
2193
3582
3598
1465
4678
4529
2743
2205
3247
4322
4480
3751
660
935
2516
4589
5287
1695
3288
2018
2055
4695
848
1352
567
4732
2269
923
3920
4883
3911
151
4642
4460
893
204
3703
3440
3951
3926
3028
150
5072
3435
4966
4742
1999
1266
1453
2984
429
3372
2243
113
5331
4434
1805
174
1175
2920
3701
5207
3721
705
3
5225
2618
2834
3294
1814
2513
5267
2228
4021
3565
3513
394
3431
2191
