2253
1730
4752
4716
178
5005
5283
2717
973
1572
688
5319
127
4040
757
4343
1462
3004
1968
3469
238
1477
2154
2279
1693
5320
1035
5317
304
4175
787
3910
4147
2931
69
16
1871
2217
3195
1673
4605
3535
4369
1419
1150
4915
2886
381
4736
4844
2687
1396
5282
2503
2530
4740
3642
2950
4601
3319
1140
5001
4505
4931
90
4676
1910
3872
3221
1634
3199
4458
314
2917
1177
68
2412
3325
5120
1011
2607
1742
3347
4101
2782
4922
1317
5017
5222
436
353
3355
3967
690
2649
997
5109
4088
380
3326
3867
4651
646
2300
2109
3245
4690
4906
3005
2145
3116
416
3676
3966
2842
469
2210
3027
444
3871
236
4214
2291
675
1168
4563
2015
4435
102
896
4399
1598
1798
4407
4250
5387
832
2956
4840
311
3289
5385
379
4230
4555
2323
3012
4219
87
3437
2108
2215
212
1277
4551
5265
2768
3633
2674
1619
595
570
4056
861
3179
1145
1773
1382
3061
1562
790
712
2849
1564
635
990
658
2786
3215
2564
4565
4780
2832
3959
4431
3272
4579
4216
1049
1478
1325
5286
5093
1217
442
4513
1927
3482
1617
4620
1885
3981
3466
1204
2462
1534
597
3450
2944
2604
2297
1553
4521
4874
243
291
924
53
3395
1836
956
4161
1213
4522
2663
4462
3073
1661
1195
1281
1156
749
3576
3561
4842
1531
2665
3263
2058
3094
3930
3510
2396
898
769
2683
4543
4997
4350
292
578
20
502
1350
573
3900
3934
2390
3591
4783
5045
2411
4019
4903
623
4074
4339
3650
5065
3750
509
308
1174
4583
3597
2609
3834
2440
1347
4264
2921
1793
719
2052
535
886
1808
1377
4001
583
1133
5316
1215
3995
319
3536
762
1123
1540
3212
3295
3049
2619
4451
4020
3399
1061
217
2371
5254
2309
2580
3768
3219
2911
4022
858
2037
1731
3302
2155
1596
5035
4853
1095
4052
45
2415
1696
3396
4646
1879
2365
4536
4440
621
4679
3430
3697
4868
1296
2131
5172
455
3942
1304
3014
5134
2065
4697
2704
4680
549
3518
5350
5252
3938
1638
2414
4492
2571
2298
3962
2500
5359
4639
5229
3318
2642
3496
515
1990
3997
5301
789
189
3522
3258
2281
155
1741
3517
4436
2606
5310
4911
2958
4314
2408
422
4703
1771
4550
2595
4064
2652
5263
2709
5181
1492
2949
5039
4986
2791
5296
1515
546
3820
1961
1254
1618
2492
903
3256
4600
1348
4374
1387
2336
3660
383
3663
2079
561
1788
2232
278
3162
3841
4564
2378
5085
2013
720
4265
5363
1056
3749
3208
899
4080
2569
3557
3218
2608
1203
4401
321
2793
2872
2590
3120
2888
5262
2562
2844
21
2508
2914
4877
5206
942
1201
4918
798
2915
5105
1082
4702
446
4096
2815
1221
1451
3060
5338
3176
389
4373
1351
3442
392
2067
1115
2742
568
544
1473
271
3779
2937
194
4423
2021
1976
4652
1053
3117
4749
5230
2368
2858
2551
2668
815
2393
3071
634
1225
1623
1856
1581
4897
2033
590
269
2730
1039
205
4809
3534
3944
1475
1833
3636
1062
1677
934
9
629
3987
2520
3808
3056
2395
4773
4191
1344
5343
2536
2930
5292
396
307
895
3048
1421
255
3032
4272
1923
464
1560
3956
1381
1691
3080
3507
648
2295
3368
3065
4446
2113
949
5217
2820
49
5049
2775
5117
1255
723
3754
4311
4481
3340
563
2922
1070
3074
1282
1507
3174
5053
1717
2756
4812
3578
2173
2025
1319
1364
2732
1719
1476
2158
2981
5248
4388
879
3963
3627
2212
3573
3241
1448
3084
766
3860
3283
2636
5379
4719
4823
4595
2250
2968
2382
4826
3077
4843
362
3865
2248
1427
1124
3402
3905
2726
3881
2140
622
57
2353
2864
1054
2763
1442
2992
4143
285
3488
2478
4027
3773
1892
181
3492
1746
3870
3625
2923
579
4923
3843
3227
2097
1706
2044
2387
2184
3234
3503
1341
1557
628
1026
3756
2951
856
1206
4437
28
4786
2255
391
781
5318
2611
5012
313
4644
1626
5275
2236
3606
4409
4341
2252
808
2342
4687
4184
1373
3933
25
4466
1547
2905
2224
5013
4727
2978
2406
2592
1760
3259
5224
5281
2271
3818
3230
4204
5289
4587
5371
3253
3156
5364
511
5031
4649
3269
1943
5362
5069
4814
3321
4032
5103
5345
4448
2024
367
1480
3700
2082
3468
3553
5358
1089
1799
2999
1094
162
2524
5280
4110
1050
1151
2816
3811
2028
1472
5077
1769
410
4796
3076
4797
1592
5347
2348
944
922
2868
1127
933
2632
873
3796
4586
1496
4760
465
2715
2314
3173
1294
2830
2566
4330
2175
520
4360
3662
2945
5138
4049
1670
4067
4249
2780
3216
1503
2859
4489
2027
3716
2531
3797
3145
1164
1907
3785
4658
415
4030
226
2469
3456
1852
2138
125
4995
1523
369
4850
3264
3107
120
3354
5237
2185
2891
170
821
4730
2152
1202
3882
809
3968
1051
667
3154
1064
768
2892
4142
208
2965
663
4791
343
2934
182
4185
3124
1071
5097
2186
156
3037
4951
2600
3855
1307
2660
4241
2912
2264
2139
1483
1489
2422
1701
2277
3897
3613
1153
860
2381
1004
3708
2317
2901
4244
2432
759
1211
4220
179
1275
865
607
329
1640
4994
309
1930
5023
2081
3509
1585
3261
2060
4154
5190
919
30
2077
1552
4554
4757
5148
4248
4825
1504
4553
4643
5196
122
1075
400
5133
2501
2285
3846
2626
1676
1182
4294
4111
681
3643
2107
1027
845
5179
1740
1244
3605
854
258
4151
4164
1506
62
4851
86
2117
1447
2898
3586
2247
5071
3826
556
2555
3352
3148
4002
4584
334
724
4319
907
1125
4380
347
4352
508
1187
2405
517
4016
3310
885
1722
4283
905
4117
5054
2124
3238
4542
1238
986
1441
755
3868
3626
5021
2980
4037
937
3706
2529
4260
1556
613
3815
4500
1632
584
320
630
253
1136
2494
1138
2617
2601
1446
5273
1517
2799
2176
1600
1260
2114
5150
3713
4298
2137
5288
4598
335
3500
2370
4964
2913
2925
2954
4167
294
5016
1375
2938
1033
5029
3232
5325
323
3098
3652
913
1838
2970
1079
737
824
5087
773
1945
2675
4206
1069
4862
2226
1407
4627
3887
175
2474
4744
3229
2425
332
3688
1880
2517
1800
5164
870
1580
901
1689
4688
3031
3085
5313
2735
2488
3122
2927
5186
538
2034
1700
2804
94
2438
4619
4187
1470
303
946
1948
560
474
2765
4441
2805
108
2183
3270
3953
4318
3734
3244
4886
103
3018
2861
4367
4484
2806
3857
2380
3441
4123
4694
2721
101
709
4650
3893
1527
2713
4834
2586
3334
3224
1908
864
551
636
542
581
222
4312
418
1613
1222
2491
1629
2515
1792
1649
3035
4973
3850
2133
3463
2283
3047
655
2404
4819
3594
144
1312
2671
2996
3836
2375
3237
5308
2639
3681
3030
1337
5009
3798
3141
682
2597
42
213
1594
3177
3374
2623
3038
505
2096
4036
2419
437
2346
5006
2364
3891
234
4660
2206
3787
252
5400
4813
926
1383
3711
4625
2584
3810
1915
133
981
5353
1459
1479
5091
2989
3590
12
2324
1996
4085
3957
4739
1989
89
3407
703
4714
2123
4028
4692
5174
2486
3661
763
3689
1982
148
4811
1939
2753
3449
2454
840
4849
4326
486
3985
740
2490
1482
2523
2612
331
1012
4686
1891
3532
528
2451
1170
5149
286
2882
4820
1884
2321
2672
2952
4932
3311
2168
4282
3187
4477
4420
2932
2790
4329
1132
2267
80
2256
2292
4169
3161
2627
3838
4841
4920
4571
2541
5258
5251
3452
2591
3720
2510
2174
2778
963
235
5064
5393
4520
4799
3029
2416
2274
2705
229
5169
3917
611
771
3527
3558
4114
1952
355
5038
1272
2332
5268
434
4307
5126
399
4223
3982
2645
1628
3907
409
147
3055
4224
3833
105
158
3817
3758
2423
4304
3731
2187
3127
1669
2658
4978
4331
3151
3000
4863
11
1578
1608
980
2379
1107
531
2694
4790
859
3146
4981
3694
3784
3415
2231
3958
1536
2637
242
3367
4667
1374
4910
5210
1286
4358
1736
1616
430
1267
3763
487
43
2879
3108
3667
2218
1917
4681
2795
2166
631
1028
295
2615
2581
3545
1568
5256
2128
3314
4290
1680
4912
3394
2754
3723
3564
145
440
1493
5166
3102
227
3021
4259
3453
878
2533
1546
2266
4482
3428
4512
1455
4671
4390
4060
4524
1495
1959
2777
1105
2304
1110
2445
5346
3331
5219
3707
1457
2337
5388
1046
1073
4711
5321
4432
2477
4816
4591
3579
4504
2853
5106
2043
3198
3207
4268
5048
4157
5234
1285
4772
506
3329
2456
5041
1858
3825
270
3069
459
4426
4857
994
4991
5142
5298
3629
3068
3181
3949
3011
3978
262
64
2310
4890
124
3816
2458
1403
4685
2192
5239
2329
2772
1914
2693
852
572
203
4893
3693
4211
3738
4559
4779
550
2429
476
3357
2394
2312
4698
4379
4976
135
588
1843
2811
2334
141
1825
386
3658
4523
5037
3370
4712
298
1117
37
4072
1992
3303
957
2841
4519
587
2972
468
5396
2413
1921
4017
2990
4275
1268
3087
812
2779
3262
1394
4832
876
746
4508
2426
780
3242
349
7
3696
817
1316
2741
4864
3376
1090
1081
4708
3019
2926
3008
3138
967
4979
4058
1328
4961
1965
36
4933
4344
1159
2919
3432
2986
4704
1114
4474
3977
4292
959
5330
733
3281
3617
475
5339
3105
813
3809
3705
4371
1262
99
951
3669
2333
107
1765
1837
3147
2588
586
2563
4807
795
3121
4122
1641
3126
2229
2483
3465
4231
2518
3546
305
5215
3202
3044
5139
4530
233
1775
1801
1972
2740
5080
4391
4081
2731
1550
4155
1298
4286
1587
114
5304
2935
4511
3228
4836
3391
3790
2560
3165
4737
894
1573
1662
877
5127
1916
4205
2947
34
1525
3160
154
3485
2444
1926
272
1276
3144
3405
4795
4771
3257
1928
232
4946
38
953
2573
4891
1841
4173
1484
1258
2910
2100
1708
4756
4442
5241
3007
3157
5074
177
413
4952
2801
2854
2724
3346
4073
4970
3653
2752
4033
371
5302
1363
599
4527
4300
3684
3194
4755
2960
3373
5357
5079
974
4180
4145
3421
1450
471
139
3052
725
5092
2807
3879
2751
1398
2242
1753
2104
3530
1603
2487
2866
3992
1440
1181
1224
1784
1409
5124
2465
3089
4741
458
1844
1313
2421
2828
1951
2933
3439
1881
3389
1408
1761
3114
4132
497
3002
3775
3828
3884
2616
4608
2750
5176
4729
3226
2787
296
1
1103
1074
4255
610
4245
1052
1467
2532
559
2328
2835
2774
224
2484
301
5380
2579
5104
5
4113
5050
2141
874
5291
3924
3175
4588
1293
826
772
3267
29
3388
5243
4438
1253
965
1964
2814
370
1713
3622
4044
153
1426
5348
4148
4430
1522
3413
2272
1008
3575
2443
4068
2245
231
3549
3991
447
4501
4470
1018
1405
3766
1040
2567
1083
1664
728
3067
402
2863
4953
100
354
6
451
827
5328
2537
825
2467
1811
5162
4295
2315
3786
3804
3460
1471
2409
4281
3514
5402
265
3733
3361
995
4348
4935
536
702
3091
322
2045
5200
4957
2505
3864
4086
1322
5247
1995
491
3792
1924
4222
4544
4610
2559
5019
4631
3078
1667
803
494
2712
1737
507
1288
480
1620
2916
699
1763
1017
4724
2706
3474
2347
1305
1902
764
4624
2880
1949
615
1311
5163
3765
1542
5141
163
180
4488
1116
3301
5401
585
3657
2534
3328
4232
4288
4303
2635
1270
2957
2702
3109
4212
1532
742
3965
382
3690
1197
1823
3648
3342
5192
3683
4950
5389
2699
1813
3656
1093
3104
4262
1291
417
797
3919
2221
35
2047
1169
3802
4138
1518
1265
5336
4865
2543
1246
360
717
3898
3429
2620
3130
4510
670
1301
626
1672
366
3384
1936
1261
2603
4541
557
4960
279
2385
1729
672
4279
5086
2126
2101
66
3764
316
5132
3548
2157
3516
2871
554
50
2538
872
363
1038
750
4317
2251
925
2441
2654
3550
219
761
4362
3829
3471
4855
1084
1511
79
1633
3952
4533
4439
4578
1715
988
3369
197
2771
3252
2862
1165
844
1514
632
1659
4747
2074
4721
351
5168
1395
2039
2057
929
2359
1055
4450
4528
1300
689
1001
2470
1366
3819
4347
5024
1574
3022
700
3063
2063
1330
2049
2650
1631
3290
4992
1023
3155
2389
466
4461
1413
2479
863
1537
2881
2939
954
1705
4770
2059
3869
1380
2178
2749
2397
979
4422
2120
3075
1502
1510
2367
4861
3724
4453
223
2995
4118
4762
3935
3563
2598
4153
1248
576
15
779
2812
2038
3341
1154
2708
4830
2929
4413
3493
2239
2103
3583
2971
4
664
2022
1243
4447
5177
4192
2557
2430
2941
4943
4469
730
2673
2144
1609
3771
4784
3143
4632
4271
4258
2554
3296
4301
23
4824
914
1355
799
2823
998
4396
3827
3476
3322
1644
405
1604
1986
112
460
1491
3805
2372
4767
4364
1106
3772
1376
2262
4256
1607
478
1112
5075
2818
2651
2578
745
1709
647
2377
3403
4802
2339
4593
2165
4804
280
1593
3851
1933
3540
1911
541
1000
683
930
2680
4750
652
4025
5214
4955
4713
4723
4937
3588
1576
2719
1469
4225
3417
2325
407
1665
5351
1690
5130
4463
5236
1974
2386
3928
1946
2895
3718
569
3523
624
3348
4357
4162
3986
73
423
2142
346
3425
1386
1666
2489
5250
915
4769
4419
3088
4662
2867
2276
3457
4962
982
3649
3726
134
4948
3671
4539
1397
1888
2068
4457
4144
5034
727
2004
3993
5245
4065
4664
4337
1429
1091
4645
198
4900
4273
2962
1161
4672
2499
3477
3903
2308
1128
5153
1748
1323
5211
5003
3274
3383
4051
3973
1812
4361
1978
1520
3410
2789
793
161
3490
3360
3353
39
4410
4471
972
945
1263
1072
3192
3922
104
1955
2528
3915
2697
668
1345
5312
1339
2
1954
2234
1192
5394
1239
2338
5154
1846
1210
3362
992
31
1756
375
5156
199
2873
3844
352
5070
3645
4618
3619
3103
2350
2506
1785
3659
1854
642
3698
3709
297
13
5116
537
792
3505
2112
978
2758
3998
290
4509
2435
4221
1758
2769
4982
1216
3443
3799
2936
3664
374
4404
2885
4183
1078
215
2330
2447
4456
4235
1007
2738
2420
1360
1774
4545
2341
5323
1485
4562
2983
3358
4189
4787
4616
5027
562
3937
3767
1652
4881
3106
4837
4985
5042
3856
4904
1635
3255
1343
2070
3602
1651
4252
4376
3821
2223
1712
2809
2662
5095
1086
882
1430
1584
4201
4968
2722
3359
1869
4827
2136
4310
5361
4137
4734
2977
523
4315
2354
4506
1414
3853
2755
408
4516
1302
539
3307
2007
838
867
4421
2734
250
4585
958
97
4119
3101
1535
1872
183
1044
495
1037
736
3780
2788
4336
4332
4194
2847
3096
75
85
843
249
2666
2504
376
3379
3759
5375
4846
3761
1333
4209
1551
4385
450
831
1807
1219
5272
358
2481
4139
1877
4838
4452
1830
136
4217
656
989
3163
796
1577
2624
2014
1826
4178
2848
4291
2258
3082
2810
558
2695
4655
414
2392
1743
2657
4127
1611
4674
3682
1895
3692
1096
701
1371
2798
2744
1087
4121
4135
3921
1714
1878
4828
1370
137
1406
4378
1824
788
3861
4011
2244
1452
1456
600
2170
3097
2757
3332
4048
614
3601
140
126
875
4443
3180
1555
1458
1521
2711
2225
2629
4940
3062
1356
93
3131
2767
5231
5060
1956
2305
1733
3945
2241
2585
4188
3266
5246
1269
3528
3486
2716
1009
5212
1149
4405
4709
1941
4626
1873
2294
1627
5216
419
4715
2463
5223
3508
819
4077
3316
1698
747
0
2826
4335
5340
489
3753
3426
3699
2132
2172
5155
3970
1119
5110
2973
3947
1068
3433
3210
4134
397
3268
1899
2153
1045
4495
3651
818
1237
1932
3728
4395
2361
3059
592
1612
1815
1098
4340
3480
4570
1332
4889
3140
185
638
2831
356
88
1220
5180
5276
146
2556
1590
931
4789
4798
2900
2048
3086
130
1768
5171
1776
2803
908
1326
3092
530
3710
3504
2209
264
3832
3801
836
4758
1829
2116
3079
1786
5143
81
2482
3451
128
3854
2946
2582
1563
5311
687
912
1653
2821
888
3284
1726
1171
3401
3943
96
4725
3727
1365
1904
3135
3745
2727
1971
1744
2691
4140
2129
3248
2072
1014
1820
51
4267
547
3572
2540
4888
3837
4552
1819
2306
2040
939
4958
1648
2003
1435
3051
2997
5264
132
2664
5158
2967
906
1142
1981
1077
3427
325
3600
339
3639
398
3313
3941
1287
2800
2509
1218
317
3223
917
791
3673
425
2819
1289
1942
5025
342
5115
3589
3459
4875
758
3585
5014
2135
3755
4517
4003
4227
2577
47
1779
644
1392
1066
116
172
254
1318
2512
1703
5026
4984
3231
2090
3906
3473
5108
2265
1155
2561
2439
1449
4445
2959
1787
1526
2599
1622
4822
4328
2030
5386
3129
2147
1226
3912
1764
411
4196
2006
921
2452
3338
4095
2688
564
3128
574
849
1418
2976
1668
4128
3246
4871
2825
1445
776
1120
5300
5051
256
2433
1897
445
553
1770
3570
4895
1232
2357
3411
1988
1887
83
4606
5073
2583
857
4218
4251
4630
1979
510
3862
842
1738
1876
3680
3016
488
1188
706
1340
1934
240
1327
4748
4240
5293
5202
5020
5403
1152
3095
2053
119
3559
2162
4939
1060
4930
5129
661
525
3390
338
1860
2299
1625
3206
880
266
4210
2197
2628
684
1920
3849
439
4493
2085
3691
2180
4427
4208
70
1227
4902
2723
1818
2545
2994
686
2017
4092
3777
3308
4198
947
1121
3020
2918
920
4202
2179
2143
4617
715
