4339
3036
2865
635
3060
1618
289
1832
407
2226
3834
3365
2250
4073
2304
73
4505
3987
2232
4041
1000
3349
3351
401
916
3816
209
4277
1252
3178
1568
907
5343
3015
866
3287
2983
4060
1848
3412
636
2533
434
1133
5334
555
653
3322
4086
104
4533
392
3951
3923
1043
5299
5147
5140
502
4219
3346
4381
2162
3935
1579
2614
3467
3126
5058
1147
142
1336
4604
2500
5357
748
514
5330
1994
4716
3253
3748
1893
1909
1599
3271
350
2497
2007
272
2445
78
2381
971
3680
130
2471
5300
3434
275
4098
4555
1571
1137
3230
2631
4129
1165
5148
2147
2310
2103
1757
2538
3345
3620
3514
1246
2021
1709
4379
5202
3054
2797
4857
1450
1104
2716
2606
1525
33
3861
4968
3296
418
937
571
1111
2937
3207
420
1536
4069
5011
3561
3166
2927
4813
236
98
4644
2043
191
3863
1107
985
3527
16
2212
3639
1503
426
1914
5119
2959
3447
2773
1681
2528
5043
4724
844
2005
1419
4845
4039
4541
5349
5161
230
1194
2001
273
2347
484
1228
1327
1989
4298
2912
164
3814
3084
410
1912
4246
2176
4201
753
878
1322
535
2433
5352
1685
3638
87
3257
320
699
2934
3199
1042
2653
849
1209
4076
1774
550
862
3874
430
35
4750
3711
1453
151
1004
946
1432
196
3936
4554
637
2966
4565
362
4406
4778
36
4940
2920
2960
2158
266
3909
5275
446
495
2713
1603
2063
4162
253
2896
2278
40
2755
2187
3326
4557
3502
3545
366
4807
3871
2220
4243
697
4579
23
365
3201
3212
169
3965
4229
3928
551
445
2562
5340
1242
2757
5239
2698
237
1039
1362
4344
4732
1126
3640
641
1962
4618
4297
2948
4135
3524
1103
4376
3835
3823
4950
570
3511
715
605
1057
1127
1152
1632
1871
1756
4862
5001
1094
5057
857
4286
4326
1296
3048
2800
778
1063
3980
1247
2174
3898
2633
2318
2204
5003
3290
1915
5188
5142
2699
2677
775
658
1661
127
4310
964
2981
785
1239
3424
695
3536
2488
2989
3588
4002
2592
5204
1434
467
4790
1939
4673
784
4590
3152
123
3920
5115
2681
4551
1673
1323
1405
4812
4280
4296
1769
221
2851
2990
2394
2894
3813
2666
3115
4656
3734
792
1023
2048
3821
4300
3574
2748
3629
4538
4275
5124
5045
982
1493
3803
2485
5292
4136
5118
1149
1117
5237
358
1251
2938
4682
4233
4510
2836
3563
421
2554
4623
3383
2687
2170
5034
1937
423
1772
1333
660
86
1648
4504
4844
936
2543
3155
3791
4937
2553
2557
762
1795
76
4176
4152
3214
4472
2225
255
2572
534
2591
1986
727
3472
155
1483
4315
2180
5117
2604
100
2442
1651
2967
4446
2816
3701
1951
2489
2313
4637
3272
3648
4248
1447
3316
4213
2426
2792
3589
4498
5385
5078
3452
1295
4364
1852
886
1643
3384
2766
2296
4418
3250
5129
4105
2909
1815
185
1157
3530
4283
3394
3919
4398
398
3358
5380
2906
10
2838
2018
4501
3668
604
794
1229
1365
859
405
4519
1031
4463
1798
2219
2264
32
3439
3548
760
2887
3905
574
4524
4083
2508
3031
1112
2457
279
2921
4573
4245
3633
892
1522
4700
850
749
1745
1799
2109
3308
1214
3792
4806
805
3683
3733
1876
327
3503
579
2736
5276
5063
1421
3594
4864
3603
4108
4328
3948
246
5250
1702
967
3981
4833
2530
5125
1003
4072
1957
3040
4880
4374
3376
776
3288
2860
4912
2762
4302
4456
3233
4582
752
2291
733
4624
4638
754
3500
3811
1354
2339
1980
2645
2751
1317
5102
3059
3124
1686
2872
2431
4238
4346
4745
1033
4680
686
846
1955
4075
4034
4337
4062
577
5228
4619
2973
790
5039
4490
2173
1609
1292
2830
2536
1087
4340
3175
3836
4676
1134
4356
180
801
159
5402
4854
4261
2668
1804
5144
4123
4564
4973
4330
3903
311
9
4702
317
2725
112
934
2531
5313
4667
1174
144
5263
315
3585
5332
4321
3894
4303
49
593
3960
363
4811
4602
2496
4548
2116
5126
1865
3600
1829
5297
791
2096
1090
523
384
5012
2095
4331
958
1413
1443
4589
2513
3875
1095
1356
397
4292
4925
3196
1238
1747
2834
162
3934
2080
4048
4893
3891
4079
2943
4728
4596
2771
1927
2169
4835
1907
4752
650
5233
5291
2694
1882
5169
2842
2182
5054
4221
2104
2468
1967
2152
4992
5173
2051
820
5351
2301
2804
1088
668
3343
3218
1753
5040
5315
3533
2425
2107
1061
1692
4475
1044
2596
2582
2612
3471
2160
3562
3101
5064
788
2774
2422
381
1221
4823
3284
2986
3410
1896
3129
4594
1862
2297
4843
1750
4780
4130
4253
91
2640
2300
2115
4921
226
642
95
4967
864
3695
2341
4960
2897
2946
5092
90
3655
1547
991
496
3829
1512
613
2498
5004
204
2908
1222
3848
26
5400
842
1213
4643
3940
45
5354
2257
1294
607
62
4539
5362
4658
1697
4947
3231
1101
2435
3820
2976
2293
3353
1489
4684
5187
3784
4137
3204
1680
3681
2486
2741
1185
2848
2907
3480
4660
3289
4436
1311
2663
4167
5176
3482
3779
2078
4154
1011
3415
1013
2646
3916
256
2854
4397
2997
3489
3423
1418
102
1519
4765
5157
732
313
615
2799
3453
1803
3508
4308
1979
442
375
4028
1985
3727
943
4721
5214
5367
1273
455
1349
329
1216
1917
5373
5195
1210
2040
3740
247
1054
5227
2925
4224
63
3478
2610
4801
1207
1574
910
81
2669
187
2119
1204
3038
4542
4500
4631
3782
4719
3440
2403
4262
877
2558
4996
353
4832
264
4945
1847
1528
1001
1938
976
5002
345
1458
213
2924
2030
1425
4117
4636
3839
4392
5182
2808
1410
1278
429
2942
3967
2560
2555
1551
4592
79
1416
1616
2102
1953
1715
3481
2568
729
856
5347
2581
655
3475
2659
4928
476
1411
5035
2014
2858
1022
1131
1334
4708
1169
2245
1724
3016
4171
1472
3215
1236
5257
2396
5037
4210
898
2549
2356
263
2691
1564
683
741
1122
1535
2877
4570
3320
3463
4852
294
1688
1902
4553
3764
5052
3302
1153
938
1263
1406
3760
2463
4733
930
4126
2693
2708
41
1387
2320
1874
3173
1762
1172
4983
4390
4088
3697
463
2461
3339
3118
2421
1867
5089
4936
1040
3676
4768
3942
1677
537
3024
3649
1527
1578
2181
4222
1731
3473
4566
4106
2636
1363
1905
2295
4487
4122
4951
798
1374
944
4342
3292
3030
3494
5076
1755
4414
459
1814
1059
561
4605
2348
2411
3171
1466
5164
2197
1298
1766
1942
2238
4918
2439
767
3873
305
4049
4603
1545
811
3658
4161
1806
4791
1196
147
3267
4771
186
2399
3304
3098
5345
2484
4482
4698
2781
3826
2353
4962
5294
1481
1144
2037
1940
2583
3318
2189
239
2316
3560
3904
309
2575
2845
1908
2150
2159
1113
5112
4863
3352
3783
676
1257
735
4043
4359
1918
2831
2373
4189
554
3294
513
3552
2346
1187
1468
4599
2620
694
84
1245
5055
3870
3650
417
4271
1226
3407
4236
2308
2470
4139
335
2527
473
1642
3885
1971
2504
1887
799
330
1501
2185
3366
3079
4547
3402
4396
3616
1474
3414
2064
3219
868
2901
4957
4920
1062
4615
730
1606
4357
4455
3759
3425
2721
1542
1047
3956
1259
3899
1156
4440
5370
3363
1400
4422
1326
4922
5403
207
4074
1513
3582
5155
1459
3224
4935
2760
1663
3908
3750
3050
4839
4522
17
1446
986
4085
1395
1015
5081
1155
4353
3551
5146
3717
4247
2595
2510
4927
461
4217
2186
1465
747
1936
3854
5158
4252
2798
756
4669
3046
689
4317
4179
1638
3172
3393
1900
5177
1
4828
4349
2542
99
2111
5133
4546
4614
1487
1440
906
4913
3029
3755
4634
4128
1231
4042
1934
2931
1092
1506
840
3631
2155
5183
4430
2026
1074
3757
1055
1611
3105
3979
511
1995
4815
4641
679
1666
5100
189
2534
105
4478
5360
1560
261
4990
734
2309
1906
4965
3334
2730
3804
3324
4525
3065
4671
1892
3509
1476
4507
4433
2284
192
3245
2789
2875
3763
2208
1556
30
436
5365
3020
3709
4799
4003
2244
4058
1932
4276
3362
2778
5029
291
3385
879
3992
965
3396
640
2079
677
5319
1790
4980
3571
2551
3018
2625
3877
3938
2143
2810
4120
3416
3143
5283
1965
138
443
3369
506
633
4444
1017
462
1220
1511
2818
2629
2404
1396
3602
3678
4800
3229
652
5107
1036
863
720
83
4906
5398
1761
65
2413
4030
897
2957
2590
4241
3584
474
4141
3239
5190
5009
482
4399
2472
1633
2060
3117
5256
2499
508
4439
201
3630
1841
4405
1200
4738
3677
2028
3006
3442
581
1524
5049
245
3169
39
4082
928
673
118
152
1743
3901
4348
2254
5134
2368
3019
5159
2307
3937
1529
3158
4443
1225
3330
5096
2879
4065
3872
4413
724
4911
4527
5083
4164
1565
3528
2505
4037
2914
4577
1690
2618
34
3194
472
923
3510
2454
2171
920
1732
5241
1891
3076
1237
3321
4360
501
1030
5286
2857
4143
395
4886
5128
1160
2813
3191
3828
1835
2089
3618
2963
224
3160
129
2539
210
2871
2548
739
2905
2447
925
5285
1399
2025
377
4537
3108
4187
4781
2263
28
3311
1509
97
4568
2863
3596
3170
2786
4890
5091
55
533
4160
2292
953
1645
1261
4808
288
1842
3074
2672
47
1819
3860
5178
1809
1966
2228
2325
3356
2971
4969
3487
1786
4080
3611
3411
703
3529
1180
219
4849
2440
889
3234
2456
2134
1911
1467
630
75
3187
2222
2524
4282
259
4794
669
2323
2644
4259
3583
3161
2041
882
3624
4338
1480
3138
3679
789
3227
3686
5006
1735
3279
1623
711
3109
3612
2611
1359
120
2768
416
3512
3555
3953
3136
950
4869
1274
115
1840
5396
1783
3842
3470
624
1401
4068
1597
3747
3637
4169
2717
5369
3329
3522
1312
3642
3007
4711
2216
3026
3035
1813
2345
2354
2746
1171
4407
2993
2352
3043
5248
2402
114
4897
1457
4552
2029
3883
1329
4914
3205
3390
1627
2312
4975
3315
796
3644
1328
2841
1284
452
4410
942
2926
737
2750
453
2742
4810
3702
3554
5073
2615
2537
1820
5053
663
48
4822
1233
3941
2559
3719
3575
5000
932
4961
214
1557
1500
3119
3264
5150
3806
4789
68
3565
2811
2302
1291
4
1588
5261
5108
2843
2490
2518
1765
2501
4476
556
3010
860
3299
1324
5232
4586
5290
4145
1801
2329
2299
228
2720
836
1963
1123
3910
1372
714
4588
1983
4718
4508
2462
1619
1600
3699
3428
3260
244
3632
4585
5036
2867
1076
536
2814
2242
2686
1598
89
1670
2365
2236
3151
646
1630
3458
4858
2375
4617
1537
843
631
2900
4173
5265
4382
5273
5397
4629
2770
3515
3073
2207
2898
2561
4803
4314
3703
2945
5314
1712
837
682
2588
356
4930
1402
3844
5298
4840
1202
834
4125
1959
751
1707
5342
1143
3409
774
4316
2235
979
1128
2702
628
4485
1386
4907
4512
1475
4762
6
3688
763
295
780
3837
1701
1888
3100
1548
58
3506
5337
874
4649
3148
1858
3590
406
3344
4777
4681
3241
133
2441
2514
3092
861
1558
80
1106
988
3570
1320
981
5374
2613
4964
2427
1926
584
2880
2969
4188
2076
4044
4707
2338
4701
1776
3106
4674
2418
2950
3996
1120
383
909
188
2349
4174
2775
1002
2032
1135
2362
497
1797
285
4363
3780
4087
2473
5200
165
1781
69
4149
447
5405
3032
618
987
4429
249
2821
3238
4165
234
4938
1016
5211
3176
2108
2637
5104
1658
4333
970
1283
1267
2552
4380
3149
3944
4448
4758
2817
2977
5199
1838
3121
3033
1910
3327
4372
121
235
2412
5127
2035
4526
3973
1293
