4471
4457
2282
4782
4748
3400
4437
3534
4468
2149
2688
2380
1315
745
4426
5010
1464
1282
2715
1279
4343
998
4193
4746
797
559
299
4251
2671
2227
4205
1943
1855
3789
4335
1348
5098
2759
2883
339
3818
4361
870
166
2884
2321
3762
712
4235
390
3653
2660
2673
565
510
2626
1583
2503
917
3627
1833
3892
3313
2285
2678
4097
5284
3005
2031
3492
3595
5359
346
3943
3188
4580
4240
3275
148
573
2492
2735
1836
1993
2494
4991
4178
1775
1376
371
2895
1256
481
4100
1445
5154
3794
1420
440
3266
1490
190
220
3691
4103
1824
2464
2436
4371
3075
2010
1572
4563
3406
4892
202
4234
5329
2123
1192
2272
3799
5312
1520
3157
3725
2178
5192
1706
3531
1397
3235
154
4053
4155
1012
3437
4606
5224
167
2710
3917
4587
3190
4184
466
5392
670
5394
728
4621
3168
587
1300
4870
2042
765
4052
3886
1826
2276
908
1890
3535
1108
2013
4817
2953
2728
3107
1351
4017
1357
4756
5236
1687
4561
2722
319
2068
1353
2852
5308
1996
4112
2039
2785
3464
465
4113
1069
2233
4966
772
5281
4384
3150
3091
1683
3004
4696
1684
5069
4209
568
4535
783
2017
3774
4040
135
829
2281
470
1636
4395
4795
1053
913
2684
3737
4093
3546
2020
3623
954
766
2157
667
2913
3501
1796
1146
4856
1972
830
3859
4078
2727
3846
2619
725
3675
3314
222
479
2376
2886
5260
5065
1770
1428
3576
1191
2444
1785
2237
4327
3802
1640
2765
1655
3698
2662
4377
3375
3906
2563
387
1478
828
2791
1129
1384
4431
2201
3547
5067
106
3226
3221
4909
4081
1424
4989
3276
2290
3785
5047
3197
3223
1027
3280
3540
1672
3961
2112
5028
4697
4013
4529
684
176
4373
3866
3210
4006
1533
4208
3856
3460
2815
4562
3293
1203
1877
902
3693
2165
5131
3662
1338
2054
1526
27
2024
3731
361
2656
310
1124
5306
1433
2371
4473
1046
4871
4299
2511
2709
1897
240
3
2369
1961
1455
475
5221
4919
5095
2826
4917
4647
3491
437
1635
1954
4642
2046
2744
1886
5226
4421
3939
3011
4761
3185
1219
5185
1330
1249
2210
4181
211
1689
1021
990
1038
2084
855
1625
2855
0
1982
5229
5014
2465
2837
5062
3882
2630
2676
156
2522
1721
3685
793
710
4150
5114
109
5194
1142
1968
1754
2805
1538
3142
1711
4929
993
504
1780
3634
1140
885
2477
4714
5168
2956
3657
4391
3525
3395
4509
3663
460
1064
3985
1784
3232
3248
1788
400
3988
941
2271
594
1037
351
3269
5087
498
5364
2027
4804
2479
2183
4652
286
2199
1719
5231
4285
3013
693
657
3643
1072
2136
4834
3976
3130
3371
2279
5141
1299
251
4258
601
1514
2754
4266
2565
2274
2705
3850
4948
4502
1991
4451
24
5110
3592
321
598
3838
4695
1549
3278
3744
1342
1727
5295
1723
5017
2550
1150
469
2573
580
773
1056
3800
2087
3380
1637
1544
122
1099
546
1393
3479
4655
835
488
3246
1306
2266
4304
2506
3822
1956
2975
4263
483
2567
3781
1373
3323
3990
731
4709
1269
1168
1488
5271
3851
4872
342
480
4645
1660
2605
5088
4632
92
2351
1404
1158
2188
1960
1212
3417
2622
1498
2314
1822
5218
1260
4401
271
3617
4544
757
4197
1019
1008
3913
2455
1437
1935
2704
441
5213
2088
5361
4550
3889
1218
2600
3608
3388
3505
4699
227
4367
687
1254
31
1308
20
355
2305
4816
1860
4998
3578
500
2154
5170
2067
5377
303
1889
1713
3070
782
2370
364
5267
4064
3373
1898
4477
3864
1626
1849
4747
3652
4841
2090
939
2045
2146
2198
348
3743
1162
5121
3137
2121
2675
4635
2429
4386
2390
4489
2512
3261
3183
1846
4956
2106
3258
2658
1970
4232
3692
1594
5258
3295
649
1919
293
4836
433
4988
1728
1561
3625
557
3089
3389
368
4170
1197
4846
2739
4378
2261
3567
1834
532
4131
4666
1473
1007
2004
4047
4023
1950
716
3924
1423
1839
3974
3817
2936
3112
3550
1764
5074
1253
1250
612
2731
4584
4958
3732
4672
1068
4354
3062
4772
5212
4462
2772
4622
2682
22
1710
2784
531
2664
1997
2695
3795
2689
3775
2379
131
4678
548
4744
873
2642
2624
3758
283
1005
4608
4427
5274
4704
2044
4132
4099
1885
3282
2955
427
519
3669
3162
4735
1484
4255
110
2516
4016
490
1335
4425
4895
708
3912
1530
5046
2288
4976
1452
2449
1662
2703
569
522
4387
11
1077
3488
2628
2849
2458
2828
2881
414
3177
2240
1869
2667
415
2652
3520
2824
64
2387
4497
3113
1990
4706
876
2319
4943
4329
3430
2405
2876
4496
4543
4528
3133
1508
4661
277
4474
3542
2303
5225
5247
1167
287
3249
1277
111
4820
252
4827
2820
1602
3086
1098
2395
1307
1726
3374
5387
2251
4388
803
2712
2234
4786
2951
2378
168
1850
1258
4905
439
5109
3193
2601
2125
3291
5372
316
596
4352
4650
3184
1392
2661
4227
4569
5307
2070
3341
847
3559
4355
893
4971
5401
2648
3556
4168
838
1592
626
858
5075
2055
2795
3134
690
2022
2241
4729
1759
4875
1924
282
2526
743
3382
597
1164
3843
5007
1541
5311
1442
2737
4878
4318
4534
4633
3753
3469
3544
1734
1843
4470
5013
2483
3216
3704
2122
2790
2326
919
5324
4736
4713
517
5393
206
2289
3888
1998
2544
1110
1201
977
1856
4688
5143
1281
599
2012
1920
2635
3477
4009
4486
5316
5020
3003
2979
3474
1861
4611
2430
5289
1659
1415
5137
125
2910
1758
3587
5264
1652
692
3236
1240
492
1052
1426
1607
4423
1339
4313
1243
2469
2476
1875
1593
4687
2917
1182
119
5132
3521
1265
1014
5249
1988
3504
2420
1456
2787
4848
3001
2179
1448
1830
2777
2437
4014
3579
2602
67
3869
1206
487
2949
4019
1647
