4090
3403
1543
3664
2718
547
1316
2335
2885
2229
924
3039
4904
887
2902
4767
2218
2191
4942
665
583
199
216
770
903
3849
1771
2002
225
2069
5262
1449
2144
4690
4134
1694
4842
4868
4309
948
4272
540
4867
4464
1378
3127
3244
4036
5051
3897
1121
4336
1332
5358
1287
2564
3946
4785
297
4981
2382
3921
328
1949
3718
1532
2974
376
2763
961
4180
3180
3659
582
530
4249
2918
5094
3977
4194
2806
4110
5240
4005
1163
2869
229
4495
1868
2099
336
4984
88
5153
4610
704
2847
4242
1539
5325
912
2711
2697
2958
2952
2521
1895
4887
3945
1485
4994
4312
2386
278
2968
2127
2298
1048
2140
1577
3252
3497
3432
128
4946
4511
3268
5326
3286
2138
2073
4601
3307
4447
4288
5008
3251
4118
1360
2287
2350
3997
3392
4896
3009
701
3991
968
1504
5382
4970
1091
2840
3738
1244
1139
2294
1921
590
5366
1854
5244
3387
4095
1649
3082
1584
956
5038
4915
1067
1883
4787
3682
526
2358
2809
4369
4670
3564
914
795
3778
825
1371
539
2545
4323
1725
3543
382
2193
3446
137
4290
969
2776
4101
1369
3513
2690
3887
2643
2890
3954
304
1825
3808
578
1678
5041
2861
2507
2460
1176
702
4831
1482
872
5277
1628
4531
2337
4513
518
3615
2961
4453
3449
4809
527
962
5375
3254
1350
5172
3498
1026
4743
4220
3713
1546
468
2082
3739
4788
3667
1778
3656
890
1383
3931
2546
2230
2556
1777
1006
1763
4071
2944
178
4876
3993
486
3370
1495
4613
2333
1431
2947
1435
1499
1899
871
4270
622
3114
1211
4402
3445
3715
265
777
3325
3448
4859
2576
560
139
2769
428
3398
1151
1438
1389
740
4898
5210
4370
4481
1301
521
2196
1639
1029
1654
817
3116
2933
2008
1060
4146
2833
4218
3145
567
3557
709
3347
1289
1190
3671
1049
688
4341
2707
3399
3361
1805
2407
896
1703
2903
5209
5026
1096
4032
3918
839
2793
894
3553
3766
2397
3770
819
3689
4741
1462
2899
471
1653
2163
2269
3418
4574
3705
5198
2074
5005
3621
3285
3962
494
4900
3878
643
5305
4850
1845
4102
1427
644
3495
5270
1676
4521
1601
1903
3333
3083
4046
2577
2283
4783
5207
3377
4196
3131
1570
367
3022
1573
1515
2343
2260
4419
1414
2603
5130
806
3337
3422
4094
4394
3255
281
3359
3952
370
2732
575
1439
477
2882
116
3262
4153
2919
1065
2275
2101
1403
5331
3895
3824
2452
1610
4293
5175
2071
5103
5139
2853
4301
4004
544
4415
1516
552
3111
1595
2599
1178
183
2391
2999
4265
4264
4999
4770
4237
761
1705
172
2211
616
666
4784
804
489
2598
1589
4368
2984
1304
5099
4540
2256
3123
768
4814
4225
4829
3773
200
1736
3641
3569
2093
59
3298
74
4055
1851
4630
2098
3122
2364
3999
974
143
1817
1582
922
1737
3862
2205
1148
2036
4838
1215
4545
2941
1173
3386
1199
4616
2148
1028
5242
2844
4825
4934
978
1050
3360
4091
3017
1587
5122
1319
3777
4731
3771
2428
3195
2502
2075
563
1831
5215
2639
308
5404
3523
173
1787
700
895
4712
333
3857
1081
1624
3144
779
2868
1567
2217
451
3687
2932
4591
2525
1807
4725
2331
4156
2532
4894
4172
2417
764
1821
1020
3767
4755
2270
4183
5245
3971
1859
4163
3203
3090
1018
3335
158
1744
2359
4175
959
108
4389
966
851
4239
1138
3240
3273
306
831
3810
926
2987
1084
5304
3761
3499
2864
4491
813
3591
1083
1073
2132
4319
360
4274
124
4020
175
2406
4760
4679
2252
512
113
312
2832
5341
3518
3080
1347
3034
1696
195
1368
5015
1325
3367
2911
2719
2529
4138
5390
4056
1952
4499
3879
905
3541
4888
4668
3532
3484
3619
2474
4334
1751
456
4753
4200
5070
331
432
3807
408
4124
3159
2161
2812
4723
5322
1718
1340
929
4445
4985
1698
3593
4941
96
5022
3045
4974
759
3599
1667
1417
1408
1119
56
3002
572
3793
5386
3462
2255
4054
3421
1510
3063
4802
947
5066
3716
4024
4022
386
4648
3408
1358
3012
1695
1657
1714
1321
3222
1097
2083
1580
3646
2061
600
4766
3348
4061
591
2996
5016
4289
1302
5156
2249
18
750
562
4597
2649
3146
413
5167
2047
2665
678
4694
1471
1716
3461
1223
3310
3876
276
2466
4692
3622
4939
4847
989
3605
713
2184
3797
4600
242
1086
3164
2617
359
832
1505
1255
5296
2859
5113
3317
3270
268
5323
4720
1409
4494
2683
3651
4532
3297
4115
3237
1337
2745
3847
3077
2213
4944
3597
411
389
3751
425
2268
5208
1071
5353
2129
2928
2203
2239
5384
3132
4012
5318
632
341
2862
1620
3128
431
1177
3213
4903
3827
4070
3225
1346
787
3167
2970
3081
3342
1380
3855
2357
2446
528
5079
107
1100
4932
4558
812
4734
2151
1454
2540
1241
3095
1370
4206
3450
4077
2124
2535
4366
2888
149
3840
2607
2265
4646
3328
2515
254
3809
880
163
4530
132
3486
4884
3319
2803
4764
2495
103
3274
1752
2085
2057
3881
4116
2137
2650
1699
2939
3419
1517
5093
1608
4955
2655
3558
4385
233
2448
3165
5317
4347
3202
194
4260
4166
602
1093
5254
5203
997
2327
2825
4776
2995
4403
2587
3776
2566
2714
1973
2224
3429
493
212
1773
4995
2306
5023
901
241
1531
4609
4267
2733
3884
5080
4025
545
1145
3573
5042
1105
3606
2782
4350
5152
2056
5
1879
1318
1375
4506
927
412
995
1693
424
215
3057
4294
1964
2443
1518
5268
1793
1390
1596
1671
145
3459
4483
736
4620
3259
5120
3673
66
491
509
3103
3902
4865
373
5335
1708
723
1563
933
2585
5136
4567
2930
5179
393
3830
1881
4662
4281
3868
5180
4689
2597
1857
957
2398
2743
2072
3025
3378
2985
15
314
