485
3716
376
5104
4317
3786
4797
3742
3756
3963
4781
2403
4509
861
92
3303
2035
3806
1016
4527
4705
682
1974
5079
4511
1973
4368
1518
4646
1566
324
2647
4194
26
4977
4826
1040
4885
61
4335
1505
3996
3265
1063
5183
2898
3466
1600
402
3188
5080
3911
856
5391
700
3242
952
3480
1585
1268
1378
3897
4688
3320
4853
2272
763
841
4589
4245
2728
5374
1703
4450
3831
1335
3624
4912
3717
2248
3551
385
4545
4843
547
3338
4091
195
4756
4198
23
5214
4342
1045
5144
3141
3643
4063
948
2951
4402
315
4415
103
2914
618
4024
825
3221
509
4096
2448
3125
3333
1744
1710
473
2020
4537
1280
327
4140
45
4131
2815
3839
4226
1326
5121
3160
221
4758
3668
4420
593
97
5142
2495
797
2650
642
168
4958
2546
1142
1371
4064
4722
2197
1637
1551
3960
2664
2478
479
2667
4081
2512
2754
938
1321
4479
899
2239
2922
3759
2421
2112
3006
1938
3509
5148
5008
1717
3103
3872
5004
5093
1375
4522
2420
5250
2301
78
3229
4897
4789
1157
5209
3810
1155
4322
3909
2610
937
610
3271
4480
3206
3442
624
32
4346
4567
18
3004
1430
4651
3743
4206
4988
1193
681
609
4676
519
5401
647
2742
1167
3243
1447
2451
5247
5140
4614
2108
2823
3738
1870
484
4650
3913
1453
541
4598
3367
1871
1854
2516
1253
3665
2891
1478
2612
3283
569
1111
1099
3516
1864
3655
4105
2388
1096
4640
3629
839
4624
301
1277
3877
3344
3956
3496
2021
3128
3725
2569
2749
1727
876
4168
1705
5269
2570
4791
2652
249
4926
4300
3873
2028
1075
5305
5279
3473
2853
2202
2441
3588
3575
2174
5277
4950
2719
793
2515
4900
2622
2088
511
4984
2376
1702
2463
1452
3239
4039
5042
4409
4790
4
5203
125
5231
5365
548
3608
4293
1476
2491
2879
866
1726
3347
3199
953
2258
5221
2039
1867
4087
463
4662
3763
4765
5020
789
1357
1542
4094
22
935
4584
2249
3256
769
5350
4455
2583
114
2054
34
4221
4054
2386
1909
1667
3335
2203
2836
3688
1470
1516
3154
5069
4805
5212
4877
3120
4541
318
718
5242
2721
2500
720
1386
2559
2677
487
3796
3878
351
1593
262
2554
4401
1107
627
2537
2704
174
4520
1825
3097
4263
2175
1030
461
3597
378
1031
692
1697
2755
4576
2628
298
2324
3361
613
5220
4698
435
4430
1738
5296
1796
4406
2406
877
2762
4160
3553
3698
4485
4517
549
2157
3705
5182
5393
772
4849
3739
5240
3364
1863
3085
4243
4065
4659
5109
46
1622
5259
218
1536
1708
3301
4720
4679
2268
240
4658
266
2499
2702
3091
2918
2447
4907
1682
3708
2498
3273
2822
5249
4500
5074
5095
5130
1089
3424
4179
4918
4700
2522
4973
4190
4985
3862
5334
1845
5285
3720
4721
4623
1083
4516
920
1251
1770
2418
5147
5094
1575
2668
3719
800
2434
3772
2059
5346
1260
5179
4093
2398
3589
3598
3945
2875
5001
3842
3924
2136
3990
1728
1413
2862
51
4627
4098
1123
2053
2110
446
540
3487
2024
5194
3757
5276
1350
1079
4123
1764
4833
2907
1548
3950
749
4764
3465
5108
3696
3346
3202
219
4306
4304
5112
2906
186
3452
1303
205
768
276
3216
1806
5326
2118
1949
4931
4560
1241
2769
4474
4795
2999
394
412
3077
987
4850
2965
433
4150
1354
214
3262
4890
1401
2616
2883
2486
4929
3827
1532
3805
2497
3399
1553
4792
2794
2494
1337
5281
71
3071
4760
3636
5298
4193
1366
4979
3181
3623
3753
940
5367
1088
3579
2169
4743
2334
2964
4533
157
4115
4616
2190
2012
3381
1590
5215
232
3390
2214
882
3821
1580
1117
4528
3240
406
2505
1502
2542
575
3403
1644
1960
3937
2921
3701
5354
50
1073
1080
1465
1758
5067
3602
4864
2577
5244
605
963
263
5196
4502
2335
2057
1850
2465
2643
924
4077
1315
5336
2302
2460
4318
732
2311
420
1592
3449
2288
2287
3198
1625
5039
4013
4227
2462
1093
715
3323
3867
2753
4835
1015
3260
158
3172
2033
323
5200
319
5342
4494
5154
2154
738
2015
4532
3566
2213
1619
1200
416
2200
4101
4256
4418
4768
4657
167
11
2884
1734
1103
1222
5091
843
4319
3099
5206
1732
1122
3615
3560
207
2474
2257
3567
4294
122
1150
4925
4735
2493
2566
4786
3895
3008
3676
2295
70
2651
4803
5078
1919
1272
836
4433
2976
1348
1455
4225
3356
3715
3134
4945
1491
4513
3520
3693
3382
1552
4391
2588
159
3479
3048
1509
2068
1719
2326
2194
3096
74
3936
3247
809
4994
1448
4776
4939
5177
2130
4671
2049
4361
2354
357
1650
4007
239
4814
3910
854
3714
2923
2026
3511
4156
4303
3775
361
3052
2107
202
5120
783
2620
2116
4888
5114
5168
2180
1419
2069
3995
3730
382
4410
2309
3068
2503
3415
561
38
204
388
1567
3366
4305
3868
3254
3014
2865
524
3362
949
2889
5055
4271
2365
5027
1308
4461
1416
2363
3342
3002
3845
651
3864
3626
967
5270
4580
2679
136
3776
1767
1793
2722
3293
4680
3577
2988
1995
4715
4464
5136
1054
3105
1510
4871
3419
2083
5236
2785
4161
3820
1560
5186
3723
2469
1025
4451
3893
4417
2183
3958
5123
5030
5077
2526
19
1630
398
4312
1837
5149
2806
3724
5324
4719
5403
1883
1798
4992
4625
3526
5396
3007
1819
4427
4889
2615
5405
2201
5152
677
4482
4149
8
923
255
493
3184
3036
469
3170
2010
62
247
6
3024
4848
1381
4050
457
1599
1721
2752
4606
314
702
845
5278
3016
3651
4523
1725
2657
3525
2548
2014
3948
72
1940
132
654
2041
684
5366
4799
293
3746
3223
978
4829
887
1528
5264
659
2910
5106
4955
2519
1246
5213
756
4083
3962
3631
3090
4990
1657
5056
3486
