4197
4643
76
2580
3249
1310
690
2482
4126
2619
4434
4231
533
4344
222
3898
3726
3219
3143
1617
3057
2301
507
3826
4614
2601
389
3554
440
2069
3352
2671
3215
46
343
329
5062
1801
367
5068
498
650
4372
5247
4862
1740
2315
1066
2288
2814
140
4111
1015
4525
4088
2162
2855
4036
1758
2813
1901
3049
1005
5129
4294
2085
5329
4829
1514
1109
2963
2038
3641
857
3525
3261
2761
2432
4348
500
2355
1632
1931
2506
3404
924
5297
2011
1533
27
4299
5080
1974
1718
3683
495
1226
3865
3736
5064
3548
4110
2192
3088
60
3205
103
2175
449
2379
4072
4321
1260
11
831
3432
2890
3246
3693
2969
2589
4262
4848
4461
5037
4209
1291
4894
2171
2390
550
5218
4749
1471
587
5319
2824
2493
2032
5348
2474
4361
860
5360
2617
3833
2543
2487
3194
1445
2942
4450
3380
3401
2254
2241
4882
51
542
1916
2013
5034
1341
5195
4274
2319
3063
4666
4917
158
3291
2208
5182
340
5142
2010
2350
4219
2652
1521
3023
5011
4758
915
4854
1330
3734
5368
132
5388
1420
2514
4136
5255
4860
3846
3055
5316
291
4605
4568
4279
1619
3001
1457
856
692
3526
3293
2284
897
1545
3611
3339
2565
4823
3961
4541
1266
1687
2532
2997
4303
3227
1608
763
5120
1470
1359
816
3676
1629
4984
3327
156
4964
3100
4702
986
2536
4833
4414
4690
4267
5405
3842
887
1462
2741
3075
2065
3878
3905
3345
651
3412
3619
1913
3153
2021
3773
3388
4592
3185
2479
2109
3698
810
963
1959
2201
1113
3810
4853
3522
796
2828
4223
3492
2939
700
506
3672
110
403
745
2363
4206
209
1808
3079
3670
487
1275
552
1191
182
2663
206
2407
2302
538
3607
1756
2799
708
1431
1327
2794
1103
1884
1512
3394
3568
194
1150
272
1177
2172
3777
5070
3574
2773
3780
378
5278
3533
3823
2852
866
675
470
1126
4308
2287
1585
1188
1748
556
1517
2953
1779
90
1726
1487
3426
3232
1067
3414
2079
3645
138
1389
3383
299
2572
1634
5337
3597
1527
4522
2567
1831
5115
1813
905
3682
3627
4564
2869
1725
1357
4044
3348
2994
4544
2019
1161
2015
4507
1084
2349
2410
5187
5136
86
570
1700
21
4122
2977
2343
1866
1497
4648
626
1666
2276
829
996
351
5059
3998
1889
1650
232
5317
597
759
2093
3346
2975
3236
3713
4606
5158
2889
1855
5081
2764
4658
3444
2365
4443
5382
5289
1995
4887
2554
2198
825
2950
3993
3758
2570
4081
5384
1827
4594
2404
13
4432
5265
2498
709
2684
4245
346
3799
3203
3265
2397
1142
2627
25
862
327
2477
421
418
1095
3807
198
4610
1759
1828
3171
585
1502
5279
5116
3630
1393
2283
2538
2916
94
4585
4102
581
1253
2689
2991
833
1646
5271
2894
4926
1317
5043
3190
2539
4069
4162
910
746
861
1727
3828
4886
4196
2800
2952
2155
75
3708
4635
4113
2356
1148
3389
1864
938
2795
4573
1425
5296
4041
3906
2878
1675
2393
2864
893
4001
253
4560
1625
3659
262
3901
3034
1319
5204
5250
882
5275
2749
3951
4924
2191
3614
5022
2452
294
3314
3382
4335
4365
2447
28
32
806
1076
5078
2750
4697
885
3688
284
3899
3699
5132
4809
4503
567
3553
4750
3841
5176
2699
2139
5349
954
349
1455
3408
1661
1642
2610
4117
1348
2547
1434
4052
1082
436
3973
3806
1606
83
214
2720
191
4277
4097
5259
133
5128
4804
4938
3207
1023
4856
5313
3340
1168
4161
1405
3270
2392
4215
772
4063
427
1516
583
4708
721
3558
3148
1511
659
3528
1293
4356
1984
4738
5094
2292
716
2457
2299
1303
4566
4051
1306
4872
1021
4514
707
1286
3663
5304
3742
4210
4191
3923
112
3966
1244
3875
5102
2028
4747
2086
726
2374
876
3600
1166
2210
1685
4532
3283
744
5147
3759
3911
4395
189
1058
1162
2579
666
2780
5246
1046
3061
654
3085
4778
399
4187
196
2398
1071
3349
705
2930
2163
4703
2274
5134
3814
2115
3547
1381
4659
5367
1391
4735
4932
91
1458
2912
1452
3719
4354
2524
3084
2014
3141
4543
3358
604
5111
4314
4710
2592
4167
4980
1174
3076
682
493
3668
3281
4849
7
3782
1760
1907
1144
864
4617
477
736
1739
1821
1423
199
5090
4000
3984
3569
4844
3132
4786
252
3686
2542
3707
4509
3705
2847
832
3377
1893
5339
3897
5225
3448
4992
2165
1789
486
799
2431
3637
1235
2087
5257
4363
5314
5281
1682
2438
2145
107
3322
4855
1550
2212
184
5283
4698
2503
1013
4244
4181
1075
186
5284
4731
3330
5200
5338
3251
1022
3020
4689
3797
1909
728
3839
425
74
2923
1193
2030
2526
4653
4144
3361
4004
1024
341
2578
407
2264
3926
5335
4431
205
4108
2004
2199
3487
1595
4357
3166
3010
4413
1202
56
4998
673
4426
2959
4192
699
2786
4523
3234
4109
4278
2736
162
4214
5197
3613
1
3965
908
3869
1099
4043
3962
1892
494
2906
968
265
1835
2629
1446
3681
1430
2899
1754
4430
2112
3829
4842
878
3888
3117
3027
2560
4951
4627
4156
4736
3982
4176
560
1868
4296
4366
175
3238
534
4141
1987
1555
4895
466
4480
2248
3045
1857
613
2052
1618
4382
3969
1087
2364
3657
3974
3244
773
697
1862
3406
1413
4586
1334
273
2118
4779
364
1841
732
1729
575
4251
995
841
3655
298
38
1127
2574
948
4536
1576
1671
2893
5165
4067
3551
5044
119
4332
362
1575
3975
4939
1221
4922
2883
3306
419
3071
4815
3011
301
2933
1157
4598
602
3988
2076
149
1764
4618
5192
1132
1509
3424
2263
460
4790
4828
524
5029
725
1375
2897
1212
3831
1236
190
3021
4249
1530
2166
3475
288
2796
4498
3692
2239
167
1366
3866
1073
4309
