698
199
164
332
583
318
94
504
79
1002
423
741
307
105
338
860
252
102
254
299
642
1017
887
24
234
668
690
470
925
872
576
272
5
197
720
100
23
499
1007
873
911
713
4
771
989
638
396
433
275
53
334
645
386
697
42
772
342
303
311
834
75
48
914
522
214
468
865
404
108
99
394
439
12
462
121
118
593
188
591
641
557
343
765
273
281
186
680
95
203
1027
922
736
968
216
373
43
781
316
1014
416
818
624
566
738
387
885
960
140
446
866
63
101
993
662
573
486
844
799
998
187
753
990
644
586
908
1009
653
1021
898
685
461
811
498
29
167
748
895
659
128
884
880
372
777
131
770
353
453
812
954
857
508
663
233
132
687
104
1020
17
357
531
654
68
648
488
657
494
896
532
929
906
734
412
37
54
944
814
329
669
937
635
733
526
217
337
528
604
762
513
794
938
599
189
706
731
562
854
411
545
850
843
436
429
181
393
877
983
577
11
510
544
815
255
400
305
324
828
842
28
549
1026
485
1006
945
798
59
367
409
962
420
571
505
371
700
431
292
30
940
788
827
632
180
681
126
948
359
160
293
796
717
171
831
520
32
152
819
278
837
391
705
363
967
985
977
932
999
820
348
413
85
266
410
987
205
279
708
572
502
891
699
315
158
253
548
992
1016
256
366
864
722
340
524
1015
31
414
996
1028
739
991
231
489
172
195
714
735
501
122
243
589
392
415
849
757
402
20
7
111
117
970
475
580
235
716
62
66
190
972
902
652
419
916
379
265
656
625
1001
761
779
86
952
194
803
655
362
237
858
673
440
598
380
682
801
664
534
298
875
691
751
403
347
136
833
460
241
432
330
947
463
558
418
658
257
628
763
1024
615
579
395
45
584
97
775
561
80
791
847
552
507
969
397
764
585
563
35
83
841
481
1005
666
917
712
478
543
724
608
170
147
67
939
491
422
78
986
997
630
21
26
889
153
551
364
835
616
926
434
824
773
784
935
980
428
159
550
116
476
223
665
1025
774
839
620
559
356
74
730
60
636
721
862
802
829
881
89
73
276
692
626
50
206
518
441
282
686
449
901
352
536
707
320
768
138
162
477
709
822
852
41
309
695
899
959
290
456
527
853
553
208
398
490
592
905
867
910
417
322
963
678
646
374
946
789
355
91
369
538
924
971
936
174
250
227
892
546
517
454
1011
251
71
452
957
335
173
14
886
310
568
98
269
466
430
119
933
192
93
260
239
350
512
249
848
469
193
212
825
519
450
742
759
975
327
77
859
280
756
283
704
346
838
473
336
323
703
988
539
365
565
535
790
567
660
587
918
613
295
284
556
740
600
46
90
928
509
595
529
294
878
732
934
139
883
560
752
786
1022
627
245
525
225
974
155
113
177
70
141
523
514
964
689
84
610
973
401
530
204
202
805
3
923
830
846
165
783
904
427
915
220
25
633
994
52
851
840
614
575
979
230
749
370
222
710
263
179
766
259
533
213
161
643
10
358
961
349
296
148
931
333
381
912
949
34
151
198
286
750
361
388
621
817
134
541
631
479
271
776
57
184
306
424
328
133
88
457
943
601
930
459
72
792
451
605
445
115
166
650
876
747
832
725
447
927
684
920
745
597
130
809
163
13
319
677
688
232
821
855
268
495
289
570
965
634
594
408
651
270
326
438
953
611
175
569
196
76
619
385
647
308
389
715
287
861
590
157
61
262
780
793
345
226
16
22
110
325
1018
351
125
679
471
407
966
261
314
2
65
782
728
976
1008
129
672
487
56
425
995
178
302
210
82
603
444
211
19
984
956
639
480
760
856
301
267
472
224
448
142
806
368
375
746
169
674
383
87
816
297
442
92
868
958
869
795
36
467
612
629
903
981
18
58
482
264
344
150
890
360
581
870
218
247
785
879
312
384
754
602
1012
755
464
609
1019
823
317
649
640
723
39
127
33
405
183
617
941
511
767
390
288
702
596
588
737
145
701
813
200
537
191
313
493
637
863
228
246
950
8
500
807
540
758
124
667
248
694
114
244
506
107
676
1
176
300
744
426
810
304
229
1004
135
277
496
800
421
542
483
258
894
897
49
109
44
1010
291
845
123
696
670
555
240
376
726
209
547
106
458
787
797
622
185
503
465
219
207
149
377
978
55
51
455
836
564
826
955
168
69
96
406
443
378
492
137
913
623
515
435
81
156
201
1000
769
554
484
38
942
6
64
238
711
399
804
516
951
882
729
893
339
1023
27
9
909
103
274
1013
900
321
215
341
919
112
497
574
871
778
437
683
719
182
874
671
606
47
120
607
143
