2692
3371
2348
1631
4609
2363
2738
2258
4462
2778
2193
675
3049
3968
2388
487
2365
4584
427
4183
1831
1184
4070
4022
514
1160
5160
3533
1249
870
3013
3687
4766
1357
3876
2134
2612
2177
3619
1970
4021
1950
3387
3963
4610
4180
1421
1051
5366
5104
1352
2410
246
1449
3736
1240
2759
2805
3643
4975
4265
4167
2988
1020
1772
1325
45
2871
813
3928
1002
4951
1415
4214
3733
1703
4573
334
5023
4439
1781
3050
2709
3059
208
1382
4910
3712
873
2376
2087
1268
1552
3624
972
127
620
1258
3634
2563
5049
1069
2869
544
618
1881
990
1293
593
2897
3350
5320
2386
1965
2983
764
4727
4181
2494
1909
483
1163
3014
3201
214
2867
92
2875
3883
4154
672
3772
614
1530
4130
1667
4437
589
4753
157
1351
5264
4542
1441
765
5203
2110
3048
907
1871
3075
4259
4537
2679
321
2799
1104
1030
3904
2705
102
3148
4558
5352
1793
3323
5324
3803
2371
221
562
1031
304
62
4189
5130
4743
2162
2044
2424
2785
2995
2008
1195
1870
4213
2412
1580
770
2396
1633
1056
1912
4467
1547
4139
4503
2427
3384
3991
4838
4450
3258
3427
1618
4156
447
2562
2874
842
2517
2261
4841
3971
3808
2569
1388
3981
2102
1353
5172
542
860
3373
4635
3760
5199
3135
5258
1049
4488
3498
3295
4494
2036
2022
3289
264
1458
1952
1699
2144
4405
2315
1336
3790
290
2204
1318
4008
3063
2021
4177
858
1582
5287
2407
3585
3694
1345
4809
3920
2912
4880
4707
1257
2779
2250
3923
3896
1440
5174
3254
1506
4272
3497
734
1478
1424
476
2076
273
3628
4728
3335
5028
1402
496
725
216
2337
756
2605
2479
3708
4961
4247
3
4205
1731
2113
2068
140
3633
2694
1355
4382
2966
4644
3724
920
1927
862
5169
2507
350
2366
5208
863
5283
602
4954
36
2512
187
4307
1701
2282
629
2232
1876
3038
2138
5312
2383
2465
1922
357
4939
3825
2556
2580
1368
1858
1179
2100
4551
5077
2693
1255
4001
1045
210
1313
4125
2822
3132
4143
1260
3351
5090
1082
1236
2570
909
2375
3158
1166
660
2161
2564
3654
4433
3290
2306
1717
5073
4935
4744
3150
3196
1825
716
3660
4368
2032
3252
2189
1947
647
3127
1060
3653
4948
4293
3090
1518
3043
1812
5316
2648
5365
5200
1522
927
4848
5057
