78
686
347
955
514
581
950
832
177
657
539
55
797
753
970
691
342
289
477
220
284
653
1019
213
680
320
318
675
171
275
235
583
234
877
826
612
172
429
273
794
326
925
160
105
48
22
506
564
1007
322
21
410
740
853
883
187
378
573
325
516
668
549
790
507
869
888
1021
696
917
385
404
957
230
874
190
709
350
125
843
757
432
87
400
414
776
881
278
829
590
197
371
609
484
265
821
689
771
932
248
3
394
842
113
892
500
861
226
335
651
179
208
137
535
161
142
396
716
508
303
317
513
53
593
687
89
388
146
323
895
415
1018
670
359
238
558
422
669
611
703
591
912
804
497
88
328
781
77
257
52
700
480
607
870
461
189
659
577
103
596
827
864
890
650
559
906
251
336
839
7
23
229
455
809
620
886
984
634
705
676
466
56
151
488
149
492
531
638
585
196
390
945
314
920
594
613
425
767
211
136
644
1008
456
201
279
529
921
574
133
627
540
184
968
605
117
195
1009
896
205
304
132
73
671
188
192
69
18
258
485
956
911
505
704
38
306
509
822
926
64
909
534
521
673
122
373
679
1015
16
520
428
408
94
423
572
468
748
550
913
311
382
462
924
868
589
628
901
967
859
1016
952
263
459
339
372
557
1017
635
1012
332
785
435
738
8
447
266
743
636
473
633
374
857
652
144
793
498
114
528
730
803
282
381
729
68
800
977
546
649
747
348
204
802
486
169
813
723
954
733
632
397
979
79
694
63
907
722
129
780
262
1004
742
62
49
58
20
80
630
418
341
182
6
600
665
553
795
969
931
338
837
158
547
599
481
761
976
817
358
224
457
249
1025
233
259
662
1023
692
639
482
764
902
298
360
316
290
629
5
340
946
614
173
988
286
972
674
850
615
818
403
586
464
933
768
236
155
452
725
866
983
106
642
882
256
588
380
565
199
379
1024
387
124
369
938
420
1027
100
995
83
773
448
941
569
567
148
218
288
851
661
714
847
904
145
426
805
619
393
879
719
67
293
90
165
174
438
245
1
453
947
60
699
264
623
344
554
769
431
824
239
24
806
915
525
66
536
478
255
268
487
355
111
70
885
1013
84
1026
287
980
123
216
871
110
28
17
571
940
746
545
116
894
755
441
655
26
666
693
419
994
929
993
32
603
168
750
130
465
398
270
102
337
98
280
127
101
131
108
72
315
1014
352
922
140
138
440
156
34
39
626
411
10
150
47
759
708
867
198
878
503
530
610
147
831
548
86
502
777
863
873
118
143
361
598
327
427
683
501
532
658
985
663
648
12
217
202
999
45
375
833
219
758
898
351
601
949
862
494
732
542
386
510
522
412
191
223
409
363
42
446
281
960
754
154
518
643
241
19
309
152
283
762
735
483
854
551
943
467
65
998
178
736
99
756
392
875
29
490
476
563
460
860
935
407
107
119
1005
71
364
918
162
430
523
383
825
608
836
973
313
989
808
267
788
511
13
206
203
660
543
810
799
724
893
237
942
807
104
646
442
986
852
527
721
349
134
891
844
59
697
260
445
617
846
717
37
495
786
247
667
992
36
50
930
221
840
175
433
499
9
193
784
353
923
489
816
242
209
120
301
597
310
695
367
770
424
41
710
436
300
828
752
711
1028
243
515
75
454
533
200
835
1000
292
787
43
561
57
552
334
451
399
707
246
181
737
845
981
772
887
812
823
903
783
115
760
176
458
856
578
765
214
296
820
801
450
402
631
207
517
299
706
302
690
541
982
964
269
96
640
474
406
975
97
677
308
253
720
566
537
962
346
434
210
782
928
261
277
718
164
579
582
312
291
186
965
556
395
570
285
232
841
472
739
656
751
858
616
712
766
370
33
734
163
1006
81
698
978
391
621
74
688
215
135
838
580
463
362
449
726
819
51
647
1001
244
444
405
92
872
54
815
11
900
276
112
625
376
749
884
479
951
333
91
584
357
139
321
194
715
15
731
713
637
354
865
157
848
1010
437
685
927
153
439
4
905
343
987
377
618
763
504
595
919
974
250
538
159
470
180
937
368
1003
916
791
678
76
727
25
897
227
512
271
990
384
792
814
295
231
228
2
624
966
889
645
128
331
401
876
778
834
170
526
443
996
183
899
491
939
44
345
471
958
365
910
961
908
141
562
421
576
274
469
701
330
307
14
167
493
560
225
779
744
622
555
27
963
796
85
934
849
741
684
519
681
654
496
329
811
745
997
31
212
252
166
1011
413
272
971
1022
880
319
604
1020
568
991
944
544
682
30
93
775
641
606
524
914
575
95
324
254
728
672
46
959
587
389
240
109
