898
2519
5283
1806
4070
3865
4553
4326
1231
1665
3734
2001
4853
3745
4000
1601
1613
1512
2291
3167
2181
2546
3190
2849
1397
1123
4210
1420
4645
2117
5002
2486
2187
4523
2429
1388
1393
4169
555
1751
4224
74
3143
2235
594
3761
1026
3338
2248
1435
1316
2549
650
5158
1351
2383
4846
1475
278
1735
3363
652
5239
2992
1500
333
73
182
442
4101
2229
987
242
4876
4793
635
2202
3605
1394
3003
236
2344
2160
3298
3225
3122
3144
186
113
648
4560
1290
4559
1942
4063
293
2506
2763
2997
5081
5389
2362
477
2709
3334
3538
5244
497
4539
3685
1919
350
1081
3652
3160
5400
414
1535
1269
4825
4616
3213
1603
3313
2018
4386
2188
735
4455
393
4267
1843
3199
2894
1743
4421
192
5230
2917
1930
4859
5218
2234
1903
2753
3572
2619
5127
1079
711
4142
5173
5194
484
3489
4537
5363
1836
1533
3757
771
3131
796
5032
609
1945
5042
5243
3155
2284
114
4266
151
1610
585
3018
449
863
2070
5105
2377
4879
3201
3147
3860
869
4665
3002
3823
1094
2277
2746
2164
4003
2830
109
3778
3693
5072
3897
2551
3570
2691
4924
135
2552
370
1003
952
1254
887
1376
3021
5164
72
4760
1771
4077
3506
2655
4704
430
4653
4035
3990
3911
3553
510
1514
229
4970
4344
4883
761
1349
3208
862
3266
3880
1581
1369
3281
3709
3196
1275
3471
590
1403
3333
2
5214
4868
1034
1815
922
3904
3571
4935
3391
3
955
3516
3052
1262
1108
4546
656
3536
2596
5031
190
282
3360
4016
2978
509
325
2279
1559
857
272
3364
2126
5380
1491
1359
1104
4189
1424
1264
2132
1245
1522
1260
506
3901
5259
624
3814
4334
208
2432
3255
1064
3015
4604
1686
2286
4371
4323
4295
1635
2496
2821
3987
4480
2105
2876
5302
1542
2840
5316
716
4684
2685
3636
3065
1431
472
2157
715
2774
3767
3286
4850
3575
123
1465
3290
51
2148
1484
171
4302
1150
4403
2897
3799
2066
4139
4899
4433
368
412
1518
815
4485
1227
4529
3882
97
2759
1111
1847
1149
2614
4409
895
814
2343
932
2393
4689
145
4946
2726
2369
2356
4707
614
4963
641
1582
1232
322
1656
2643
4492
1326
944
4012
4
1673
1129
1060
1612
3236
5296
4624
5053
373
3424
725
2254
4260
4872
3698
1166
3033
3341
818
1083
3549
122
2880
2710
3072
1633
1415
1678
2995
4204
3303
5005
2860
81
4918
4810
3026
2594
2307
3808
4979
604
3089
556
1999
3724
831
4668
3641
343
3106
1224
4651
2466
2515
1437
381
2166
240
3944
4446
3064
2179
3294
3879
4064
4756
5263
564
3835
3228
3085
2545
602
2512
4202
4576
3820
981
5111
4568
4389
82
2364
3721
3827
4222
4816
5220
651
2682
4490
3188
1608
4856
4969
4976
2159
4411
1570
3077
3426
2226
2435
2197
5233
4886
2417
318
2523
223
5346
5364
5058
1787
3844
4894
1838
3179
5136
4028
4327
246
3925
3524
587
5390
3704
2046
2299
518
3094
2059
1858
1541
4931
3373
1009
2280
4727
801
4832
3251
2825
194
4706
2702
3562
1324
94
1577
4040
1804
2098
3038
4682
1096
3811
3031
2211
4374
4745
3637
4450
345
3619
388
669
2967
1167
3163
3300
4376
977
5003
346
2152
1383
4215
3913
3415
4623
2317
4240
4305
421
3508
2543
2653
2294
65
2835
3355
2461
4383
2616
2845
2133
1168
706
3784
4159
2314
2916
3875
1271
1169
1476
884
4076
4581
608
341
2112
1881
4591
2252
1670
2891
2150
3848
2813
4484
4362
4476
3999
1259
175
2489
677
4524
2475
2765
2863
5198
3181
1430
5062
4698
4589
5033
2313
1022
406
834
2436
1189
3060
4974
2807
4753
3096
3545
4426
4599
4910
2834
4321
2055
5292
4200
4235
2568
2386
2071
3672
1204
4888
24
2868
233
5222
4811
206
2768
4917
4047
4278
1589
891
298
3618
3413
1861
4404
2947
2375
1911
1336
3485
2597
1793
2483
822
2478
1411
4993
1031
2930
3895
2331
1070
4575
3183
908
1350
4577
2987
452
1630
4890
5044
530
1627
2340
985
4919
111
4248
2239
3374
1813
2714
5258
3711
2895
1566
3430
1378
4527
5334
5071
3981
5038
146
1173
4103
3648
62
1567
1734
1798
4113
1979
1278
3756
2548
5405
4095
2713
4767
1976
4595
344
2002
780
4307
468
5310
4300
1741
3339
1487
3480
1872
2667
4574
4964
3750
2259
1777
3991
2576
799
4462
839
1783
597
2465
169
2721
738
95
4765
1754
5260
2162
1563
4603
5325
2686
3832
2976
1294
3130
1719
3569
742
2603
4056
3405
4218
2320
4237
2245
2638
5094
860
4116
1513
5156
2761
1664
2016
2989
5117
1400
1146
570
1857
926
3604
2481
1644
2809
230
1974
583
4639
1
694
915
3329
3512
2915
3733
2500
2623
168
4449
3297
5129
4933
1398
2200
68
680
366
2508
816
1216
2716
2581
3154
39
1774
296
3773
438
3202
842
2256
498
2762
48
289
1451
4525
286
754
1023
3579
1606
3221
2061
3917
1713
447
5281
3622
5122
4507
686
4897
3156
4842
1246
4275
1988
3404
1592
2195
1724
1417
1948
3533
1289
982
762
5267
3717
848
3337
1268
5000
3800
4042
248
849
1529
905
3689
2404
355
4147
4986
3582
4416
332
828
772
5314
5287
4510
1443
4199
376
3394
1466
3522
1628
1539
4105
1161
4921
2810
1322
4506
218
4262
3368
4734
5236
1155
1084
4245
659
3265
3675
3682
2125
2958
2139
4857
1723
5068
4719
180
2780
1067
2879
3310
3366
2203
4736
3934
5388
1308
1396
310
3453
2099
1901
1709
1352
2501
1305
5349
1648
166
2028
691
2360
413
5212
2050
4733
2936
1492
1425
2795
1409
2427
3275
2266
422
2173
1584
116
2662
687
1114
300
3728
3824
2490
1207
120
