4
10
505
504
580
547
398
821
181
963
960
55
84
352
347
86
626
991
948
112
161
909
515
756
512
138
407
535
852
734
781
234
438
877
609
140
45
595
680
328
186
854
921
760
851
275
1002
482
338
817
236
1024
944
392
478
386
968
490
491
436
285
892
870
589
924
509
26
500
800
100
424
34
440
480
280
169
706
930
243
427
499
621
740
724
325
333
165
689
320
989
782
103
466
1013
678
502
721
245
795
22
728
159
751
1014
603
736
1018
585
222
764
811
310
812
17
649
641
412
88
657
283
867
61
360
846
355
282
582
481
457
343
75
623
940
517
332
497
400
309
584
524
455
550
769
850
62
92
819
137
952
540
377
73
905
583
613
720
266
428
519
955
113
492
683
367
647
747
857
290
190
956
277
41
1028
221
104
479
437
6
278
82
171
32
274
1011
418
384
462
985
896
49
757
1001
778
258
825
551
52
894
808
853
506
572
248
624
225
685
74
983
373
463
638
763
375
700
660
311
575
566
183
652
124
833
467
251
617
327
340
816
361
864
483
210
494
695
447
430
913
640
844
46
934
619
158
533
631
593
60
342
23
121
552
804
574
488
16
414
372
296
388
531
645
31
356
1005
271
200
718
588
108
701
47
227
573
818
903
90
931
374
643
410
36
487
786
654
94
1004
972
496
202
1026
39
102
267
208
605
899
881
8
254
230
11
829
837
946
219
935
832
150
98
409
716
441
442
959
1017
591
262
697
471
710
828
919
175
770
869
686
81
984
29
610
14
951
914
759
893
932
802
364
636
287
415
659
936
136
738
317
369
803
910
106
765
237
690
546
926
915
143
376
304
797
149
399
999
180
270
72
111
401
76
708
272
216
662
390
475
564
976
405
622
166
780
1
57
526
1016
289
126
739
628
521
423
157
201
794
395
884
598
24
587
752
783
974
507
294
298
118
133
71
1015
883
458
891
177
889
871
122
425
188
988
295
381
240
299
1019
288
771
379
874
264
324
831
1003
1010
173
667
48
860
77
920
206
105
820
612
314
684
847
527
534
93
608
663
1025
357
880
1023
134
477
461
994
665
132
543
799
902
419
89
318
664
65
187
848
21
673
942
642
292
501
836
1009
326
541
788
1022
330
250
485
7
703
354
37
692
54
191
453
776
456
235
321
570
996
53
601
986
554
28
214
904
958
351
604
15
688
192
368
146
252
69
798
99
565
341
115
646
746
696
197
322
402
189
382
859
863
319
882
268
635
945
474
129
348
813
449
677
992
469
668
80
226
249
301
307
261
966
691
594
308
792
339
978
777
155
413
961
259
204
393
865
841
907
729
300
468
44
486
826
545
607
977
503
179
733
895
489
445
128
276
887
750
790
953
239
403
993
465
553
518
1000
772
602
85
443
868
422
411
417
822
67
59
20
451
758
549
370
943
762
711
218
632
562
1007
293
435
516
87
714
669
420
705
559
130
807
923
704
615
260
597
163
96
929
25
1027
784
162
901
655
196
406
938
131
719
209
144
273
625
774
213
242
167
337
732
306
27
725
50
557
674
590
542
66
556
532
493
548
528
329
228
359
779
666
1021
967
785
693
735
404
538
460
789
805
629
879
793
767
997
916
707
397
975
135
644
698
755
745
651
830
444
616
596
198
432
464
639
421
498
742
223
965
941
964
815
723
450
151
220
970
246
484
91
160
876
387
1008
257
394
980
18
12
255
727
834
215
928
153
600
263
737
630
791
194
886
514
872
578
362
439
571
773
922
95
971
536
79
125
117
312
656
152
265
670
9
233
658
995
241
35
827
472
365
305
147
416
676
107
331
861
473
148
947
141
856
939
681
380
193
13
508
715
38
224
806
855
890
454
476
918
712
749
30
730
839
510
56
385
927
358
120
810
906
5
998
154
722
801
33
814
315
114
127
717
1006
675
383
116
560
840
842
620
286
835
2
679
933
446
336
83
19
78
544
229
70
537
176
568
744
522
40
313
529
888
775
787
987
211
567
279
344
606
990
648
969
363
731
42
178
577
145
316
495
614
634
581
110
217
858
43
182
618
256
426
184
650
611
979
576
748
937
539
156
873
269
523
862
199
119
912
741
897
64
699
520
366
982
1012
335
434
429
396
253
378
875
843
950
297
334
195
172
709
1020
238
766
231
513
185
949
627
3
168
303
661
203
408
97
761
900
232
768
743
346
954
63
917
244
350
170
530
391
448
592
345
838
753
431
459
349
101
962
885
561
694
682
281
672
973
671
653
51
389
911
353
687
558
291
142
470
555
981
207
796
139
579
205
637
713
371
569
702
174
633
164
511
433
866
878
908
599
323
109
563
452
726
898
586
212
845
849
58
525
809
302
823
824
123
925
284
247
754
68
957
