3083
732
147
5251
2441
681
3363
2973
3136
4626
1270
698
159
4587
4238
1472
2716
2318
4897
483
3668
3736
4516
3846
1436
1549
4470
4984
4689
4125
2734
1325
3354
5138
852
4520
3137
4681
3234
3284
1615
339
309
2352
4441
1481
3930
5236
4757
2279
4544
3329
2806
314
696
4953
2381
2839
743
5045
5397
703
1099
86
4894
1987
343
877
5082
530
1322
1211
5071
2505
3002
37
3084
230
552
1341
63
559
4108
1372
2007
1847
1357
5208
2664
4840
4511
3473
4121
3412
3892
4182
735
3218
4770
4644
4502
1017
2843
1560
2068
3367
2506
2033
668
1781
5177
2860
357
3430
410
2781
910
2783
3952
4609
3140
3522
759
1019
2760
5194
946
1556
1425
4328
777
3082
3633
574
1393
1116
2601
106
4033
4622
2215
362
3638
4670
447
195
160
3702
247
5231
486
513
3593
1013
4980
4920
756
4711
3962
3716
1256
1588
4273
575
3622
2103
3119
4142
3274
4375
1676
5379
3655
3266
3820
4793
3874
4335
2283
5051
815
467
2067
4315
4300
156
5247
2153
653
2277
1451
2217
4345
2555
4625
2316
3739
2402
674
5220
276
4356
2890
1825
863
4141
3727
4982
3496
3847
4968
4808
5134
1483
2164
5281
4376
3729
4690
3158
1612
533
2909
890
259
453
4088
3133
3279
4002
2512
4843
2774
216
3113
2763
3585
4474
1042
2448
622
365
3217
2622
4372
3358
3191
1052
619
2327
10
734
1559
2355
1697
908
1951
5215
762
4967
1501
5015
1066
1893
3509
2183
3196
2709
3313
3419
1632
3198
1929
304
5394
2170
3974
4584
628
1544
3205
4117
1184
862
3735
2306
5403
5263
4465
4428
4528
3171
3911
2963
3748
2798
5322
4942
4962
4602
3318
4828
4900
2643
20
5164
2061
5084
1786
1984
3578
4483
494
5321
4291
885
1576
2271
1580
679
5255
2104
2345
2827
3752
2786
4124
499
4615
4663
1548
118
2842
1671
524
539
3631
2053
4320
479
1167
4993
3733
1384
883
4977
2150
184
3626
2840
19
2203
2225
409
3253
4103
2922
4496
3076
3208
2684
3551
3921
5260
542
1075
794
3287
1383
3609
2866
788
1558
5063
202
4912
261
1859
462
2224
1050
456
2807
1087
1444
482
355
834
397
3848
4105
3339
4798
2830
5040
3210
4058
2655
4983
356
3800
5179
3245
2287
3724
1489
4281
5086
1131
646
383
5204
3034
3714
256
1977
1822
5155
3898
1153
2717
603
2009
1885
3089
1529
1600
2712
1884
3815
1297
4537
31
889
1833
4883
3617
1476
3673
5035
2549
1874
3263
1338
3340
4630
4665
1850
3841
1614
3469
1587
1916
2755
2057
5357
3700
2676
2863
269
953
78
2258
1358
2087
5206
222
4996
2560
4902
2926
2626
2360
3042
438
2808
3783
3017
2817
3804
73
1346
1360
1364
1275
4934
3126
2590
1960
120
4527
2035
2764
3365
3022
1631
5209
5141
564
3093
5365
4880
3429
3400
2968
4026
1969
5340
776
5020
157
2918
196
3021
4814
3325
4701
954
3359
3474
768
675
75
1255
3016
1511
672
5068
623
1096
2049
2787
4042
5078
4432
2392
3945
2434
582
3506
976
3127
3886
4494
368
5350
4948
273
4357
1478
1226
1522
1837
5358
2260
2376
4866
901
4236
2248
2665
1497
3798
537
2204
2210
1678
4989
664
1811
3281
3164
1966
3422
1821
4047
1058
3373
3940
2528
5168
2247
4136
5217
320
1387
5319
4623
2691
1046
1142
2539
1067
2841
4255
5043
359
4741
2742
4891
1103
71
5029
5176
2403
380
3057
5019
1288
2278
3742
4643
4759
3935
3580
2646
4431
3493
4850
434
3670
3839
760
1250
5106
41
4440
4342
913
2319
3895
2484
1007
4763
297
5102
2121
5094
3091
4858
4212
1321
4154
1237
5366
5287
3178
596
726
1412
2056
3740
4114
1504
5109
53
2129
4025
1648
3355
504
5047
1997
1180
5129
2633
1305
3661
1865
1380
3116
2046
2682
2065
2994
3346
5279
4857
2223
1201
42
4933
2902
5092
1263
3003
4908
1577
4368
2870
251
4410
88
174
915
3285
1469
2314
2743
1155
384
3260
3750
1892
3248
4678
2614
2442
1890
3857
3438
4109
2354
1989
4963
2791
3630
1354
3261
2335
2589
4928
1160
1790
1049
3590
5375
1785
728
2008
4579
3316
4377
4755
3646
1392
5273
671
3850
3320
5139
5398
452
3568
460
4766
940
742
789
4455
697
1970
939
864
1696
3361
4343
3069
4351
2029
4618
1621
1284
1862
4172
3092
4909
3110
4853
858
2591
3623
693
1137
884
3900
4241
5184
4145
3247
1962
3690
3678
1320
4081
2681
3597
1439
4272
4805
3983
4297
473
4653
5142
1867
99
5037
4956
2127
3096
1319
43
4027
2751
870
1336
1400
4899
2245
165
5289
5172
3369
3421
4601
510
4603
961
927
971
1584
3048
2349
1976
2013
392
3311
2587
1875
1324
1113
322
2945
1868
4905
2724
1286
386
4938
1524
1993
3970
278
2618
4365
4727
4599
5293
2250
1796
1765
3671
5053
4574
1416
2109
457
4852
518
3277
3095
4262
2267
5317
5099
854
2997
1021
1682
900
747
3123
2449
3477
3372
1829
4890
1130
3533
211
4893
5327
1782
3045
3148
85
3909
3743
4830
27
4039
1111
1718
4590
50
5288
2166
2500
2179
4772
1301
3595
2465
446
2135
4370
522
3312
1015
3351
1906
2998
1271
4217
4242
1204
2213
370
1940
4674
725
667
46
23
2597
2577
4877
1097
425
1565
2391
2990
478
2274
192
24
1214
5351
4434
4326
1739
3379
1543
580
3170
83
3125
1594
2370
2227
3197
4812
182
3681
1630
1352
2080
3362
4293
902
5274
5001
3335
4189
4147
2604
633
3409
563
4119
5230
626
2252
3665
2388
1566
4501
1982
321
1515
2583
535
663
5362
2443
5030
3863
859
1331
2292
2132
4152
685
994
3550
4302
4361
2298
4820
