2914
877
845
630
808
4496
785
1279
1683
1077
4795
2802
2913
3073
2489
4016
4118
694
5276
2190
3730
4174
2738
1599
4597
3946
795
4089
4979
2875
1983
5181
72
5235
1698
1443
1392
1747
778
4756
1600
3366
469
1121
142
1000
1001
1928
2362
4793
1049
2178
518
4439
1096
1812
4028
1037
3285
5206
3760
578
328
2988
608
5354
1094
348
3883
1270
527
1448
4264
4070
1796
3808
4527
1554
3157
2531
2219
3446
277
3041
3592
5370
4465
1329
4199
2354
312
698
4337
3944
2262
3391
2371
3623
3497
4293
202
2595
1848
1269
2464
375
3316
3188
2033
2918
3747
4818
4520
5016
3874
5274
3763
530
1097
387
1438
159
478
4124
2266
3689
3620
443
1108
2182
3800
2501
4011
2597
4302
3223
4123
2613
356
2481
3879
1965
4087
4600
1187
2816
1795
1564
4884
2345
139
3691
551
1968
815
4211
4753
3131
3970
3356
4961
3700
5372
1493
1976
2031
3255
719
1147
4521
4492
5096
4572
1549
5264
3868
297
2042
2415
2790
1628
813
1958
3980
2007
4371
4030
3992
3960
1421
3250
1416
4587
3830
2891
2417
5097
3470
3832
2832
942
4224
1955
4362
4359
4254
1273
3813
276
4830
3455
2157
1401
1417
3999
2361
3189
1785
2433
805
4364
47
2271
3369
239
4343
224
2314
4433
4900
3595
4146
1248
2413
1528
3214
1539
714
4972
337
1674
2406
395
4107
4946
5126
1141
1435
4942
535
2718
5005
1878
5345
258
173
4930
2637
515
2443
5031
385
2789
2440
889
1152
2837
3177
5387
1398
161
1414
4722
2204
4445
4002
4800
4559
1560
228
5366
3937
4582
4300
730
2496
412
3378
2785
3552
2230
5007
971
3910
3920
4904
4636
3456
2557
4785
3243
3342
3517
5077
3647
3624
2049
5373
4347
2957
3172
1659
2414
2261
2388
1925
4183
1994
3847
4280
3596
629
4893
5286
4173
3701
3820
2530
977
201
939
2996
4885
1684
3754
1774
1986
1686
702
3802
920
1580
4195
2300
1631
435
4221
4505
98
2943
2324
5008
1715
566
2025
380
5333
1639
883
636
3127
3529
3268
4620
3581
3228
5135
3257
2673
1669
2535
1165
58
4773
1699
2275
2
3233
2202
693
5375
2777
3101
4928
1433
3325
4552
1915
365
2231
3674
1179
1358
3091
2926
3743
1672
3858
4645
4810
4982
2775
1944
4714
4806
5358
4875
2548
5310
3178
1877
3067
997
5140
681
79
4771
4394
976
1734
5342
4711
4529
4988
3978
4652
4104
108
4677
3583
4149
3588
274
1771
3290
5145
1218
2848
701
5391
1209
45
306
1215
2638
625
2784
4448
4834
2441
2546
1655
3882
3070
1708
1743
931
3664
1378
3771
166
2456
145
867
548
4965
5305
1105
4937
3002
3495
4687
3633
1824
1860
2311
5254
1703
2989
231
2862
1284
2429
565
5327
953
5156
4657
1003
1690
5300
5191
5241
770
5357
2376
653
2661
3130
4230
4286
517
3885
116
1255
5219
658
5125
4143
3004
1436
573
254
1753
4580
4876
2712
1598
4909
152
1292
2898
2528
4341
973
4213
4839
2854
2278
12
4152
4634
2833
1657
2836
4650
3482
1280
100
1268
1241
1158
5383
1262
621
2698
780
2124
2017
803
2626
2877
2518
5173
2060
4903
4595
2810
2807
1803
2116
1886
919
1225
4526
2743
4385
1044
2249
546
2179
3000
336
2986
2900
3164
4288
1302
959
4956
172
2835
3772
5309
384
5143
886
289
3687
791
2378
2674
1620
1353
165
157
1967
4454
4700
482
3739
4613
3745
1773
2746
1111
4129
5133
2473
4073
5049
3469
355
1903
2974
5334
217
1372
3106
2222
3119
216
4704
618
4208
4420
1078
3033
5109
858
3145
1335
607
1034
4220
1465
1573
4477
564
4317
1122
873
2308
1057
2377
5390
322
2510
1277
4493
5020
2876
849
2702
422
1384
2078
1156
3191
2770
463
874
644
4575
643
3936
937
1766
3665
554
3827
2096
2395
1068
4470
59
610
879
1811
966
3108
3788
3025
1089
226
4713
3543
950
4331
646
2797
5086
1192
4978
4569
957
4888
4404
901
623
952
5230
4179
3154
1622
1802
978
3987
3545
2811
1711
892
2928
2097
628
670
906
390
2647
3863
1791
3650
4701
1957
5227
3779
994
4852
3024
2656
4780
125
2420
802
1211
3591
2389
1638
26
2512
1776
4338
3991
80
246
900
2146
4386
4802
2235
2924
5154
3508
611
401
757
2009
3490
4821
1570
1697
1040
4253
520
5369
1231
4486
3170
1807
5138
871
3704
1643
4194
2569
4368
33
4723
361
4233
4983
2125
2036
229
3540
1139
1482
1912
5232
4190
4064
188
754
1653
3530
1062
1070
3032
2218
1143
1679
3617
1649
1137
4291
4801
2686
2446
689
881
1328
4760
649
2055
762
4494
4166
4290
1426
3510
3921
4791
2273
620
2583
2723
5377
63
2453
501
453
4155
192
4706
4024
784
1086
2257
3422
1081
2904
1115
2740
627
1247
4669
2137
4082
4720
3466
4407
522
2776
572
4075
3260
4367
4202
16
1017
2422
4709
993
3279
2186
2978
4057
1966
2553
3855
321
1437
3667
3017
2787
2189
2460
1026
3174
2403
5403
2691
4918
95
3815
2194
5402
2962
3354
5066
2505
1011
4170
929
1640
2568
4318
1145
3722
3323
3767
5288
3661
3301
2469
144
2322
3337
5012
4901
3068
1220
5058
1543
411
4227
3376
2472
4877
1870
823
3299
4026
1507
2268
1371
1548
2792
376
2774
2303
539
4047
4090
4770
2427
5114
2517
902
4838
409
89
4405
5258
4336
2902
20
5025
2778
1363
4256
71
4692
5085
559
3146
4096
5325
934
2313
1309
1325
3133
1091
2857
3092
200
652
5396
1496
1008
880
2029
4540
4537
1817
755
2095
5239
3371
4691
3308
1504
4157
4986
4068
2211
3784
3505
3098
2765
2843
3110
4328
4105
1979
5295
3120
4188
4355
