1379
4776
1478
1799
3711
1783
4306
4913
5089
4456
2809
3037
835
2247
2882
3680
3319
2662
1208
2497
3555
4074
1182
4376
3903
4550
4639
4449
5038
2922
737
4661
2745
5051
39
5350
2965
4583
5217
504
1065
3184
4581
2801
1134
819
2242
3635
3804
3262
4858
4850
1900
1489
4717
2035
4695
5253
8
4873
4476
5347
2844
1424
2628
3264
1904
4897
123
0
3500
1313
1993
1997
1052
4387
4482
3728
822
4626
1621
528
2967
3052
3803
1579
3315
3335
2806
3200
1480
5121
3608
640
3891
2734
512
1737
5326
633
743
891
660
177
4500
5186
2625
5160
2788
4292
1350
894
475
2047
513
4350
2136
1863
3468
3221
4847
3334
5178
4649
84
738
5306
1971
2716
2401
3755
5057
1367
1834
2117
5216
2006
2998
2402
768
1090
2285
1123
4601
526
2731
1544
5074
3853
433
3343
696
1980
131
4994
2865
3056
1198
4193
955
2927
4599
4473
1189
3590
1713
3481
3749
1988
3658
1883
4239
820
3896
5320
104
314
1151
4101
1692
2126
1214
4958
309
342
1459
2871
4640
3043
3924
3403
481
248
4628
790
2132
1481
3783
1881
164
1722
531
2608
2494
5214
1229
1689
5285
3050
1709
4049
2209
2594
679
2321
3989
61
4094
1343
3459
1519
2985
4679
3458
4752
724
4591
295
3907
3877
3889
1394
2929
1486
647
2454
5301
4005
4269
2687
3368
4463
1749
3451
1794
1129
1849
800
2480
5209
1610
1499
4590
5205
2437
41
3876
1476
3801
683
3778
3716
982
183
5330
3986
413
3669
688
2003
4469
1572
363
1876
4981
911
5269
3320
4827
2905
1843
2491
241
1829
4147
1592
4474
4319
3169
4715
334
1449
4458
3121
3494
4442
3685
2634
2941
3097
4667
5272
3302
3142
898
4797
4135
319
4874
4656
3919
473
514
5027
3994
4471
834
5172
4512
3155
2956
3278
3225
377
5299
1745
2768
2251
735
2122
4360
5042
4906
2911
4391
3072
3928
1615
4530
4103
2692
3152
3046
1441
4381
3727
441
4446
2149
1822
1079
3735
1933
1792
3136
3872
5386
2113
3900
496
1444
1295
414
2418
3744
2252
562
4545
4824
4757
313
1604
1763
2091
571
960
3167
926
3646
2609
2582
3022
88
2370
2886
304
5101
2659
1484
783
3534
3638
1412
1190
451
4260
1973
3972
3769
1584
872
741
315
3793
2730
3433
2931
