16
95
110
112
115
122
135
149
162
174
196
201
219
222
225
231
248
252
274
281
286
299
303
318
329
342
383
389
391
395
440
465
526
529
531
562
572
584
619
642
663
732
734
773
854
872
876
887
898
909
923
927
961
968
974
981
985
988
1010
1018
1052
1061
1069
1113
1117
1127
1129
1142
1158
1190
1201
1214
1217
1224
1238
1259
1273
1287
1357
1367
1370
1386
1413
1418
1423
1428
1519
1521
1522
1543
1575
1611
1619
1627
1634
1642
1656
1658
1659
1660
1663
1672
1684
1692
1717
1779
1793
1795
1803
1817
1831
1835
1841
1853
1877
1879
1880
1895
1904
1907
2023
2035
2039
2059
2063
2066
2069
2088
2096
2097
2116
2125
2138
2163
2179
2194
2196
2215
2217
2238
2242
2244
2245
2278
2338
2349
2353
2374
2388
2390
2425
2434
2435
2436
2478
2485
2488
2490
2492
2524
2526
2546
2586
2588
2651
2652
2662
2675
2689
2768
2769
2778
2789
2799
2800
2869
2899
2919
2932
2951
2961
2962
2968
2971
2980
2982
3004
3013
3020
3024
3026
3060
3093
3112
3117
3119
3122
3123
3131
3141
3142
3176
3189
3218
3223
3225
3238
3248
3250
3257
3263
3285
3295
3298
3364
3380
3422
3439
3442
3463
3467
3473
3508
3553
3570
3585
3596
3644
3673
3689
3694
3701
3711
3714
3728
3811
3860
3891
3928
3990
4034
4035
4061
4067
4125
4160
4198
4252
4279
4283
4315
4330
4432
4436
4501
4508
4516
4548
4551
4581
4622
4676
4814
4817
4818
4819
4845
4903
4908
4952
4954
5008
5029
5082
5098
5114
5217
5241
5326
5331
5372
