95
153
162
208
298
420
439
542
625
709
734
745
774
804
893
943
990
992
1034
1037
1073
1148
1183
1192
1193
1243
1248
1293
1297
1322
1351
1377
1391
1429
1486
1514
1524
1568
1660
1755
1794
1802
1810
1818
1824
1870
1878
1893
1948
2003
2062
2077
2092
2106
2148
2163
2171
2177
2191
2196
2202
2223
2254
2281
2305
2315
2356
2370
2463
2481
2517
2552
2567
2586
2611
2660
2674
2686
2687
2747
2752
2794
2943
2958
3000
3011
3139
3171
3176
3211
3227
3231
3269
3281
3356
3365
3425
3457
3526
3536
3573
3579
3584
3598
3692
3694
3704
3723
3739
3929
3946
4039
4058
4068
4111
4253
4372
4419
4447
4478
4505
4598
4811
4896
4977
4987
4990
5012
5192
5217
5241
5274
5312
5348
