8
11
41
44
58
104
138
174
222
230
231
248
267
299
306
327
334
350
403
404
405
440
444
445
464
468
478
484
503
529
540
552
553
558
561
602
621
624
651
693
734
740
760
773
784
793
802
806
808
854
860
863
873
888
894
932
1024
1028
1046
1055
1058
1067
1078
1130
1141
1153
1185
1209
1239
1299
1321
1341
1391
1425
1449
1485
1521
1551
1593
1598
1627
1637
1642
1653
1664
1686
1706
1727
1731
1795
1830
1832
1837
1852
1858
1861
1915
1962
1969
1975
2013
2023
2039
2058
2067
2076
2145
2155
2163
2189
2194
2196
2213
2215
2217
2220
2260
2264
2280
2285
2311
2330
2331
2345
2366
2386
2388
2435
2457
2492
2498
2499
2509
2524
2586
2660
2719
2762
2767
2778
2795
2798
2919
2924
2935
2957
2984
2987
3006
3007
3013
3034
3037
3042
3092
3093
3095
3126
3144
3160
3162
3164
3192
3226
3251
3273
3289
3291
3295
3364
3392
3453
3458
3464
3465
3482
3518
3534
3538
3539
3551
3555
3610
3669
3675
3753
3851
3904
4123
4168
4170
4191
4226
4252
4261
4286
4290
4298
4314
4330
4478
4504
4529
4536
4565
4689
4748
4814
4819
4845
4908
4951
4999
5032
5074
5159
5162
5169
5251
5292
5385
5394
