4
23
35
150
283
288
330
333
338
352
429
492
532
690
845
864
884
904
937
951
1048
1270
1302
1313
1326
1328
1348
1375
1397
1399
1406
1450
1458
1476
1481
1492
1536
1690
1725
1742
1790
2230
2275
2310
2427
2496
2575
2580
2729
2757
2857
3011
3063
3135
3157
3333
3354
3443
3451
3475
3535
3555
3632
3654
3705
3715
3738
3794
3816
3846
3879
4008
4050
4092
4106
4152
4171
4211
4253
4349
4360
4420
4462
4487
4490
4552
4554
4560
4663
4732
4757
4783
4935
4946
4994
5006
5027
5102
5129
5157
5158
5184
5189
5210
5237
5286
5349
