6
25
79
92
110
130
150
200
206
227
243
254
267
276
282
337
340
390
423
458
471
478
510
525
537
700
716
721
731
746
758
768
772
775
905
918
980
991
1010
1106
1122
1124
1152
1188
1189
1222
1227
1232
1262
1294
1340
1343
1396
1401
1464
1465
1469
1489
1504
1559
1580
1601
1634
1643
1647
1648
1669
1699
1721
1723
1734
1744
1760
1903
1913
1931
1932
1944
1950
1958
1963
1987
2136
2147
2199
2200
2226
2284
2291
2308
2350
2398
2419
2420
2449
2452
2493
2502
2523
2564
2592
2628
2682
2685
2699
2704
2793
2816
2838
2868
2894
2899
2920
2936
2968
3029
3061
3127
3129
3164
3172
3301
3330
3334
3339
3399
3415
3416
3490
3504
3515
3522
3531
3633
3636
3639
3679
3682
3685
3764
3780
3809
3821
3866
3871
3883
3936
3961
3977
3988
3998
4017
4034
4054
4060
4066
4085
4089
4112
4164
4206
4211
4247
4264
4288
4298
4317
4322
4349
4350
4355
4365
4368
4387
4398
4410
4428
4434
4449
4506
4514
4537
4548
4572
4646
4680
4703
4712
4736
4761
4823
4843
4903
4905
5044
5048
5053
5054
5115
5161
5163
5181
5212
5237
5253
5262
5264
5266
5273
5324
5374
5394
5404
