98
115
143
150
168
178
181
314
327
345
358
387
420
452
479
482
634
686
687
688
707
710
725
788
791
795
829
938
977
999
1094
1132
1157
1162
1164
1175
1238
1283
1284
1303
1318
1349
1418
1428
1456
1467
1475
1480
1503
1591
1636
1659
1663
1711
1715
1771
1798
1808
1861
1913
1930
1942
2014
2096
2122
2129
2155
2163
2215
2242
2290
2333
2349
2368
2391
2399
2423
2435
2437
2478
2484
2488
2490
2501
2525
2540
2546
2599
2630
2676
2798
2812
2815
2836
2843
2845
2849
2865
2875
2913
2931
2942
2956
3017
3056
3060
3062
3074
3147
3169
3188
3193
3212
3257
3351
3352
3360
3395
3417
3422
3455
3499
3645
3650
3657
3717
3718
3796
3872
3891
3929
3933
3971
3978
4069
4190
4230
4305
4340
4352
4373
4413
4435
4440
4475
4496
4514
4602
4656
4673
4760
4893
4908
4933
4981
4997
5279
5317
5331
5361
5393
