14
42
98
162
166
168
231
233
239
356
410
419
511
595
683
708
710
781
787
909
992
1016
1017
1023
1035
1074
1114
1129
1148
1276
1283
1287
1309
1321
1341
1391
1402
1470
1485
1509
1515
1543
1580
1617
1637
1701
1707
1795
1880
1883
1907
1964
2033
2131
2156
2165
2185
2211
2248
2260
2263
2271
2311
2331
2388
2390
2433
2434
2494
2500
2501
2509
2553
2567
2599
2604
2613
2657
2675
2727
2748
2869
2923
2986
3019
3089
3112
3176
3210
3223
3248
3257
3264
3265
3279
3372
3415
3417
3428
3478
3544
3664
3668
3677
3683
3788
3814
3922
3990
3999
4016
4069
4085
4123
4140
4150
4167
4250
4270
4347
4470
4529
4551
4585
4591
4652
4684
4685
4718
4721
4759
4814
4908
4997
5004
5024
5082
5094
5141
5182
5204
5209
5277
5292
5293
5325
