27
59
63
77
84
94
127
144
147
150
168
221
234
314
367
372
377
387
405
429
444
538
560
566
598
619
651
667
744
751
780
781
817
829
842
914
915
961
1014
1016
1019
1026
1063
1107
1122
1164
1207
1225
1254
1301
1312
1322
1342
1415
1438
1456
1488
1493
1497
1515
1526
1543
1671
1695
1711
1716
1717
1719
1728
1776
1835
1849
1877
1896
1898
1900
1942
1947
1949
1950
2019
2035
2122
2180
2191
2205
2242
2260
2287
2303
2331
2355
2356
2364
2378
2391
2403
2498
2510
2540
2546
2553
2667
2679
2680
2711
2767
2800
2817
2836
2876
2878
2885
2899
2904
2931
2932
2954
2990
3017
3100
3106
3123
3125
3130
3134
3158
3169
3218
3239
3248
3262
3273
3291
3344
3350
3365
3399
3414
3425
3427
3458
3470
3484
3490
3499
3545
3578
3619
3622
3628
3655
3673
3717
3718
3750
3847
3851
3895
3919
4019
4069
4076
4095
4104
4108
4161
4165
4179
4203
4224
4245
4263
4266
4286
4356
4362
4377
4383
4466
4496
4517
4518
4574
4644
4653
4664
4667
4679
4695
4700
4714
4731
4769
4796
4827
4841
4868
4883
4885
4902
4938
4944
4965
4978
4988
5041
5099
5109
5153
5168
5242
5283
