0
11
41
133
166
244
276
285
318
345
491
504
529
619
630
740
759
773
829
867
896
993
1020
1044
1052
1119
1130
1188
1259
1270
1418
1446
1462
1465
1503
1509
1521
1592
1627
1648
1658
1692
1907
1946
1950
2036
2085
2166
2198
2213
2233
2234
2267
2280
2294
2333
2375
2412
2440
2450
2451
2457
2589
2672
2675
2722
2789
2878
2909
2940
2981
3062
3069
3162
3166
3174
3186
3216
3225
3358
3404
3470
3663
3788
3791
3832
3849
3860
4013
4085
4115
4161
4188
4220
4235
4330
4420
4748
4803
4819
4893
4958
5021
5093
5106
5177
5179
5182
5250
5301
5381
