19
44
46
73
84
109
122
132
135
159
188
220
237
271
341
350
382
427
483
531
547
596
619
625
640
651
658
667
673
693
707
740
794
798
806
841
865
918
983
1006
1028
1054
1091
1097
1106
1113
1122
1198
1225
1264
1273
1311
1364
1370
1400
1416
1421
1454
1465
1494
1518
1547
1621
1630
1641
1645
1659
1664
1687
1719
1748
1793
1798
1803
1804
1843
1866
1890
1904
1913
1946
1947
1987
1996
2063
2109
2138
2162
2193
2198
2220
2226
2228
2283
2327
2336
2349
2374
2395
2415
2444
2452
2498
2510
2517
2532
2556
2566
2613
2653
2656
2705
2804
2833
2886
2964
3024
3043
3054
3131
3256
3258
3431
3448
3463
3473
3500
3517
3534
3537
3547
3638
3656
3669
3685
3711
3718
3837
3845
3858
3999
4019
4037
4104
4139
4187
4200
4231
4250
4260
4267
4285
4347
4378
4443
4459
4560
4588
4608
4686
4707
4742
4751
4934
4944
4950
4971
4973
5048
5144
5201
5205
5246
5284
5286
5292
5325
5326
