43
181
183
327
342
452
589
603
614
634
668
737
793
806
846
876
891
938
940
994
1175
1217
1229
1333
1335
1364
1391
1439
1455
1486
1488
1496
1512
1531
1537
1540
1543
1566
1603
1627
1663
1668
1687
1706
1711
1830
1832
1833
1889
1922
1987
2098
2140
2167
2188
2189
2211
2307
2312
2364
2400
2409
2500
2511
2589
2599
2633
2679
2743
2746
2803
2871
2884
2956
2995
3021
3022
3045
3185
3198
3274
3280
3281
3297
3340
3359
3383
3425
3432
3472
3499
3519
3579
3597
3839
3880
4023
4071
4090
4133
4187
4478
4629
4835
4968
5251
5317
5372
