22
62
123
176
194
204
256
301
407
423
465
530
677
769
790
842
913
951
1002
1158
1171
1178
1202
1277
1354
1445
1446
1492
1501
1569
1629
1685
1722
1781
1800
1806
1825
1910
1935
2059
2164
2187
2239
2243
2307
2337
2387
2414
2424
2433
2487
2605
2622
2735
2828
2857
2885
2890
2917
2973
3002
3028
3032
3060
3086
3185
3221
3236
3263
3282
3305
3324
3347
3394
3445
3447
3459
3506
3540
3574
3589
3684
3755
3807
3915
3975
3994
4087
4105
4192
4195
4279
4339
4430
4451
4470
4516
4525
4531
4559
4576
4579
4597
4636
4667
4707
4745
4757
4759
4800
4808
4847
4865
4920
4929
4961
5031
5034
5036
5037
5046
5048
5104
5207
5211
5227
5232
5263
5311
5314
5353
5400
