9
61
84
94
170
272
316
387
452
458
482
560
580
621
672
722
740
789
839
842
914
939
942
947
984
1014
1019
1107
1148
1265
1288
1312
1394
1418
1566
1586
1602
1633
1642
1711
1717
1724
1734
1736
1764
1831
1853
1953
1996
2006
2072
2122
2185
2189
2215
2310
2312
2350
2356
2403
2525
2536
2538
2540
2548
2581
2616
2641
2642
2643
2803
2875
2932
2942
3100
3129
3179
3248
3386
3408
3439
3499
3505
3523
3556
3562
3573
3645
4004
4027
4190
4229
4237
4331
4340
4370
4383
4466
4493
4517
4636
4699
4700
4813
4885
4914
4938
4943
4965
5106
5120
