20
33
36
41
45
46
56
127
148
222
235
262
274
345
361
377
396
414
420
540
566
618
638
648
657
725
732
760
818
829
909
946
954
981
997
1052
1076
1288
1295
1414
1503
1507
1521
1527
1549
1602
1611
1618
1658
1663
1764
1768
1811
1829
1831
1835
1857
1879
1922
1930
1948
2002
2022
2023
2029
2030
2046
2092
2126
2129
2131
2136
2138
2155
2163
2169
2179
2220
2227
2307
2338
2370
2388
2435
2436
2463
2498
2528
2538
2550
2565
2582
2604
2651
2778
2822
2851
2904
2950
2957
2991
3022
3023
3036
3056
3060
3074
3117
3138
3163
3171
3189
3192
3219
3248
3256
3259
3282
3380
3414
3425
3427
3442
3449
3467
3487
3540
3598
3611
3619
3644
3647
3678
3717
3756
3900
3933
3991
4043
4110
4133
4176
4178
4197
4228
4307
4348
4440
4527
4579
4639
4689
4700
4733
4741
4785
4802
4862
4958
4969
4973
5023
5035
5042
5079
5247
5279
5322
5351
5357
