5
8
41
56
115
170
235
244
267
286
303
327
334
336
345
420
437
452
585
601
602
611
614
615
710
737
752
806
831
844
856
876
920
938
994
1016
1028
1105
1122
1128
1162
1175
1179
1180
1230
1265
1288
1331
1341
1344
1535
1537
1543
1573
1584
1586
1598
1642
1660
1703
1727
1756
1779
1781
1785
1798
1801
1823
1878
1900
2004
2005
2029
2035
2055
2077
2084
2096
2102
2122
2136
2169
2173
2191
2217
2275
2339
2399
2446
2483
2525
2532
2540
2549
2565
2567
2584
2599
2616
2655
2676
2699
2769
2865
2905
2931
2956
2978
3002
3018
3082
3089
3096
3120
3126
3129
3153
3180
3251
3356
3395
3482
3486
3499
3501
3540
3572
3574
3643
3664
3698
3718
3756
3852
3893
3938
3971
3999
4024
4056
4068
4135
4187
4213
4245
4340
4348
4368
4413
4434
4445
4609
4614
4616
4630
4700
4722
4845
4877
4895
4900
4963
4989
4990
5035
5042
5074
5170
5261
5279
5319
5333
5357
