24
27
35
47
58
69
109
114
162
166
171
223
242
251
263
331
405
409
444
474
477
524
538
546
562
566
624
640
661
672
678
692
693
749
794
826
862
880
908
932
933
970
977
981
993
1039
1051
1077
1078
1142
1273
1283
1294
1363
1379
1436
1449
1459
1463
1575
1602
1706
1733
1736
1811
1829
1843
2005
2122
2240
2264
2388
2548
2576
2587
2602
2604
2610
2640
2652
2751
2755
2768
2836
2892
2997
3054
3079
3106
3107
3147
3179
3238
3262
3381
3431
3500
3505
3537
3538
3558
3611
3617
3619
3673
3687
3723
3837
3895
3902
3928
3945
4032
4035
4208
4319
4331
4359
4425
4453
4505
4619
4644
4662
4689
4802
4828
4854
4862
4899
4939
4948
4974
5037
5040
5076
5347
5357
