695
860
707
460
527
706
180
727
614
849
910
72
355
213
924
147
730
931
836
636
224
526
141
216
127
50
177
539
831
433
474
824
368
290
427
327
195
405
346
818
236
869
181
260
738
940
652
384
511
861
607
502
772
1003
101
228
67
537
837
298
371
828
616
719
456
937
809
416
955
46
533
124
419
285
12
654
491
548
160
352
276
983
230
396
745
295
897
1005
884
123
949
567
379
751
192
286
744
102
13
199
845
426
294
458
734
670
975
1001
82
201
630
641
947
387
30
58
398
815
995
618
540
119
900
532
93
162
78
1010
985
761
475
109
591
642
590
425
283
918
212
559
414
558
179
449
991
544
764
256
953
692
672
656
917
648
278
996
480
7
374
605
740
21
714
198
767
320
941
894
999
116
253
471
333
145
902
137
252
508
916
992
453
319
37
787
1021
353
546
68
583
24
611
373
782
606
356
79
113
850
77
140
75
206
509
249
758
280
369
271
998
83
610
698
657
1025
269
823
948
896
816
422
420
838
493
615
43
597
626
476
348
601
59
585
392
785
325
830
773
708
891
1012
979
328
659
321
901
579
70
291
971
757
490
513
96
287
226
270
406
711
507
551
562
525
596
919
385
309
613
742
22
110
347
779
942
721
486
132
864
498
515
191
40
404
677
9
364
796
506
418
251
674
990
447
755
517
981
658
459
549
39
504
687
138
675
535
795
564
234
408
890
204
84
196
318
578
813
87
193
144
238
148
873
1
870
343
756
207
668
170
645
465
497
481
51
800
200
48
602
964
442
843
274
736
592
899
16
790
720
424
599
811
603
789
882
808
588
222
496
543
171
718
731
571
461
735
178
6
139
856
960
23
155
158
797
639
233
518
993
273
762
982
536
311
49
723
483
519
1016
545
792
492
1019
775
593
65
939
89
500
338
832
717
428
403
857
92
267
74
839
689
661
945
693
989
331
19
279
786
86
568
637
114
277
806
821
653
247
357
741
923
415
166
457
911
908
553
69
215
153
943
889
174
232
680
794
64
438
662
586
183
402
906
281
63
875
190
503
582
221
651
501
313
5
312
470
382
409
802
921
966
1028
243
700
34
339
297
448
595
987
55
98
572
377
892
303
468
635
915
463
699
326
547
737
628
188
108
412
407
812
930
202
530
97
462
421
390
510
354
793
126
728
367
60
248
105
47
244
523
432
715
217
1008
205
308
80
257
1024
560
142
122
436
713
317
340
739
209
769
753
31
362
242
71
647
128
620
454
452
120
747
696
488
541
750
146
514
1018
301
678
296
791
854
220
759
85
417
701
176
435
478
151
589
570
389
969
702
494
330
826
103
1014
872
840
928
53
638
679
743
909
300
805
54
529
768
332
29
644
671
264
685
152
254
225
733
629
898
688
817
467
829
627
44
1011
893
185
681
712
129
936
304
874
774
951
958
223
565
550
622
443
505
876
997
920
1009
608
265
988
372
1007
766
682
633
646
240
799
976
42
783
895
134
10
106
383
305
423
172
100
666
573
57
370
694
349
376
634
363
395
397
886
722
434
361
956
441
45
121
959
245
218
944
208
848
825
833
859
1027
262
749
484
159
210
552
189
866
94
938
781
631
219
401
386
879
569
913
187
289
950
927
820
933
229
314
649
690
154
914
516
360
531
1013
466
574
673
961
464
765
324
472
974
88
520
972
542
621
430
868
1000
388
440
725
980
99
306
8
952
35
994
133
266
27
798
66
445
703
557
41
555
399
28
887
268
479
710
112
538
239
827
450
104
413
771
117
381
359
337
375
237
660
473
803
455
156
439
135
136
258
871
563
302
350
664
26
95
841
310
617
20
686
150
315
33
197
814
25
293
18
963
512
716
469
968
844
336
11
934
366
834
143
335
977
163
275
732
477
697
907
729
1020
259
255
577
880
575
970
487
973
984
663
609
932
111
194
342
878
554
709
704
912
804
495
676
858
292
164
587
4
684
524
73
625
632
161
272
810
107
482
528
3
211
38
801
411
763
926
231
17
227
90
534
784
746
619
329
669
334
851
929
485
807
581
76
344
246
566
15
623
855
881
867
341
1002
640
115
612
819
400
393
724
173
556
822
650
770
624
584
925
167
967
429
683
36
307
380
358
754
598
965
499
323
643
986
32
852
378
391
489
437
175
705
2
168
250
1017
157
263
846
131
522
922
444
351
261
780
394
883
241
576
877
288
61
182
316
665
561
1006
1023
604
56
600
149
962
776
322
165
885
446
835
284
752
691
365
186
118
760
125
957
954
935
842
62
777
1015
431
978
888
410
1022
903
905
81
203
788
862
521
904
667
52
214
594
726
853
778
130
748
863
847
184
235
1026
946
282
865
1004
580
91
299
14
169
655
451
345
