1233
3097
4500
1832
3155
920
4677
2497
5222
3601
4605
4913
5385
246
1573
4044
3241
3424
2745
3940
4031
4912
3543
2674
1943
3554
1173
1126
2764
115
4956
931
1845
2915
316
760
3895
2613
2308
2389
3868
4265
822
3520
1886
5196
803
5149
734
3050
4581
4726
1511
3491
2074
4649
2881
4217
672
611
3824
2874
3751
4598
1275
4856
843
848
814
3933
2369
4125
781
606
1033
971
5349
4975
4030
3069
3001
716
1555
1861
3285
5227
2908
868
3400
4106
2299
4830
2116
2345
1196
289
770
623
4656
4411
4698
3075
3783
5287
5152
574
765
4845
2084
2843
3189
2530
5379
4423
466
4798
5088
3650
4812
3125
4427
1698
486
1995
4852
1218
4391
3676
3701
3663
3777
773
2963
4373
2813
166
1248
412
4238
430
4318
2979
3937
57
1118
2996
227
4352
3551
4124
2568
4650
4034
2968
1620
4449
5249
1254
1487
3673
3947
4596
2221
327
179
4890
3575
646
1130
2222
981
3479
2861
3264
5142
4026
5140
3831
2161
3149
4790
305
5398
5233
147
170
410
2004
2712
4059
3194
3488
4209
3547
2402
2187
4652
2002
1806
543
1343
5146
643
43
2831
4339
1425
4195
4511
3390
5344
2386
4435
4871
4142
1393
4794
4350
3415
1191
2042
2533
4284
1953
1177
2541
469
5306
3998
4375
2649
180
169
3927
4701
4203
1662
1163
1735
485
602
96
294
5155
4591
4806
1335
926
4009
2676
1882
5070
4665
3486
2086
3284
1877
2570
1426
1684
786
2586
1359
3203
2796
3542
900
159
3248
977
267
442
3438
3369
4599
1137
70
4608
1622
5311
2216
2512
320
3705
3142
2938
177
1960
3759
3849
844
2870
3813
355
5214
3348
533
1693
2021
5098
1585
2627
3942
1159
1200
583
2819
2447
5242
5359
2166
2510
2401
1579
3644
2455
4495
3991
2048
2543
2679
4550
2420
3964
3506
4178
2575
1032
1581
215
856
5045
3168
4346
961
3657
4060
4959
4522
4293
3270
264
1035
1725
1323
2681
1836
2710
4430
3529
3557
3580
1765
1506
2275
1482
656
3328
298
2365
30
2255
752
310
2622
4145
5384
553
703
1304
3505
1015
2504
2901
97
2919
3119
151
4447
1866
452
2081
4094
2478
4014
4012
2574
4553
5069
143
4995
4601
1893
2059
3082
4653
747
1141
3314
2437
3597
4752
984
4343
2673
4978
4629
