780
248
425
887
330
558
900
192
465
989
18
38
386
917
841
902
714
647
12
569
334
510
397
545
171
797
197
92
143
231
646
378
511
257
423
382
723
101
329
675
621
318
455
592
523
41
483
572
774
140
777
764
86
263
656
704
390
865
733
948
694
1026
848
1023
657
407
599
340
956
368
590
537
632
74
469
345
31
608
418
519
697
980
1014
864
539
479
421
998
609
1006
827
416
184
209
746
67
225
939
319
179
846
246
121
678
971
544
401
933
996
138
240
255
430
100
453
713
429
744
911
755
698
220
640
818
370
1019
740
169
364
1004
671
1021
535
283
734
852
266
613
452
72
726
520
285
962
45
447
275
158
997
311
361
778
230
907
132
803
380
908
518
629
166
381
79
729
717
925
705
955
174
709
623
718
218
811
550
127
32
509
212
638
977
767
936
457
1017
50
115
757
90
77
372
750
49
610
427
890
84
920
669
308
674
182
772
963
249
237
438
952
593
871
493
341
800
763
480
272
191
241
889
814
712
579
357
304
840
387
193
11
906
411
410
366
350
1015
529
64
905
915
29
48
857
787
538
310
934
869
648
899
891
913
776
445
190
885
812
402
398
819
70
444
552
462
849
238
649
828
194
612
135
691
181
17
761
805
216
146
525
860
322
559
33
762
117
261
567
1013
617
104
97
999
226
358
728
210
251
526
278
56
931
1001
877
302
512
286
176
597
872
853
363
389
551
820
888
515
731
5
323
108
62
589
964
867
46
775
619
630
978
514
737
409
633
195
985
412
492
498
347
596
99
8
270
659
736
618
909
875
186
783
19
124
159
21
627
883
562
988
503
280
120
373
745
426
502
561
4
802
137
136
396
973
228
585
52
540
333
651
680
707
441
154
205
160
165
405
47
356
919
83
531
938
274
873
59
320
207
437
442
73
316
681
664
990
1020
281
2
582
1025
833
622
517
522
289
149
51
391
937
942
403
806
307
921
914
922
895
497
844
611
284
943
456
779
944
383
843
76
250
106
808
941
111
639
379
739
9
693
229
945
200
125
54
615
652
328
295
727
164
161
153
701
487
573
536
950
1009
464
543
476
446
253
1007
821
168
335
222
336
765
213
1010
994
129
463
221
23
835
748
929
14
279
575
666
896
1003
769
916
303
481
478
953
466
276
1016
6
204
791
967
696
339
468
435
123
644
126
1
150
185
756
782
105
679
189
34
968
975
876
662
924
631
574
752
89
399
273
501
415
910
60
343
676
901
546
201
580
1022
75
708
984
686
16
155
473
55
198
417
321
374
434
392
139
348
199
406
826
486
616
874
484
743
388
420
602
578
614
710
147
36
256
685
24
583
301
668
211
960
400
983
375
824
832
25
187
96
969
433
110
553
439
112
926
496
219
495
485
793
327
130
53
39
506
637
1024
428
689
214
658
82
786
878
95
687
521
880
223
500
813
42
324
549
768
677
298
568
269
673
156
760
44
1005
798
935
252
35
563
282
976
591
507
208
450
816
741
524
491
422
670
830
15
61
367
868
342
131
28
247
443
475
894
879
847
695
369
742
992
355
13
142
365
541
119
505
660
359
747
346
584
254
837
557
232
58
842
859
37
148
354
152
954
923
815
451
40
377
850
598
277
829
267
294
807
801
725
470
88
771
116
488
532
449
641
344
932
721
634
564
530
376
78
692
414
650
965
667
892
260
854
68
961
203
979
177
20
27
151
898
586
940
454
719
773
702
215
595
217
570
577
789
706
172
672
351
477
353
338
474
331
57
884
604
7
804
970
243
1027
65
636
966
134
987
576
645
1000
262
790
863
290
716
244
927
265
385
986
352
516
981
144
85
606
788
313
825
959
554
605
703
785
839
102
851
881
732
490
413
245
753
724
690
749
588
1011
699
688
738
299
781
982
897
995
80
431
293
836
722
822
845
653
1002
720
288
206
795
770
620
625
886
317
928
893
684
949
163
870
145
513
784
349
957
113
628
296
264
162
325
167
224
665
947
930
297
581
440
654
759
555
560
362
700
993
312
547
404
958
227
394
460
643
287
188
838
332
810
565
467
271
823
607
494
528
448
292
87
792
384
655
587
683
43
834
393
234
856
601
94
918
1008
527
180
472
326
306
242
471
624
735
903
904
419
71
30
314
766
239
711
972
951
831
424
809
661
291
183
855
566
730
533
548
196
305
603
663
504
118
459
10
258
122
861
202
175
542
26
66
408
534
571
946
858
371
556
991
499
751
91
642
395
635
489
482
300
107
1018
22
432
236
178
103
157
862
436
974
63
882
235
817
109
1012
268
458
799
233
69
