1591
219
3225
2137
3436
5390
373
804
3250
4011
1574
298
1815
3192
3687
4781
968
238
2032
4453
3982
2272
4030
4362
793
4548
4686
481
739
4498
615
3548
577
4549
2125
741
3529
2098
3697
5090
555
1242
1841
4505
4294
5294
68
4824
3527
3760
1573
4582
941
3056
2956
808
4235
5199
3884
2216
3207
146
3304
2694
3032
1730
250
2462
1190
4997
3745
5225
1985
5219
584
721
5361
4627
1267
558
2276
1928
5096
4906
865
2239
2640
2939
632
2377
2251
3112
3494
1114
3341
3621
2838
263
3470
2992
1298
2178
705
2016
4784
201
485
5006
570
3937
2288
4220
139
4951
5370
4044
2191
1040
4769
4067
295
21
1959
2423
2339
2113
572
389
3402
1389
2017
4151
1516
4208
1666
1134
845
5044
4562
1203
3573
155
1245
1140
3397
1004
3862
145
2703
3636
224
5232
3695
172
448
1757
1758
2501
4139
1259
4156
3761
3213
1422
3444
3618
408
3006
5283
3434
1826
2615
1101
3449
4162
3801
627
755
1532
3575
3787
3583
1846
4104
4756
470
4779
62
2293
3592
4750
4116
47
3135
1649
4507
4321
4706
441
4535
644
3065
4652
2629
360
2891
1457
3249
4829
4704
753
4807
1779
3294
2853
949
3980
67
2962
1908
720
2644
1657
2466
1572
4271
4659
2490
909
4649
3507
3635
5067
3807
772
2240
4833
166
3464
3717
790
2110
4642
4422
4107
1454
5021
4382
2566
2193
3143
1062
5027
4730
4915
1633
686
5341
5010
1151
3452
5105
2332
5203
4144
3068
1029
1783
1247
4341
3308
1669
4925
3173
4134
2119
4443
2650
2100
1073
4265
1144
1688
2471
1420
372
637
3634
997
2595
2257
3167
2855
2893
152
3364
604
3037
809
2201
3612
5268
4143
3928
3628
2920
3878
2054
4268
1753
169
496
4093
3569
516
3912
2636
1059
2767
4699
3334
3941
4166
2071
3103
109
1746
4552
2167
2200
1756
426
2502
2207
661
1557
3786
1229
4192
2850
5248
554
56
1744
2302
4077
1597
1954
2468
2558
1162
2824
3620
4292
3859
3936
1194
3181
3087
2497
4226
3283
3929
4091
3541
4927
1828
3100
1323
899
1461
3741
3306
3606
2028
1608
1870
2660
2832
3823
2184
2908
3015
3195
107
5360
5178
3122
5227
2793
4353
3269
5213
4323
66
1189
1006
1335
3455
1927
2325
5372
2674
658
4197
3417
1895
5121
1827
5304
342
72
714
3756
4813
1701
4412
2072
4569
2616
2062
2389
1289
4790
733
1008
651
2481
4085
996
5226
4503
3546
1283
3230
593
2542
1599
933
3751
4748
3472
3844
3624
4806
1521
2395
1651
509
3182
1626
2700
2
4513
3317
1973
1798
598
1547
4157
4015
2425
5324
4560
3441
2683
2975
15
2718
1314
1488
2688
1824
3011
2799
2648
207
4700
2219
2752
4570
3639
5335
181
3176
4404
2160
1366
2776
4490
225
3663
1161
3971
1220
4684
1958
2094
937
1836
4173
867
2284
495
1645
2564
4943
3368
5326
5316
3105
3788
2040
4016
288
1724
3183
4066
699
3036
3290
177
3232
1143
2576
3604
3925
358
4078
1808
4944
548
1407
4887
2476
8
4206
300
1902
492
2748
1440
1490
4305
36
2433
2596
1232
2406
2927
4515
4337
1266
4563
1479
4437
645
468
2762
2097
87
3837
1818
1061
1494
2123
5223
3480
2951
897
1693
3231
4055
3924
4754
93
4924
2393
1043
4600
911
4931
5111
2096
3696
3951
5190
528
3435
3552
2019
1084
414
4526
3603
2585
5296
4780
872
2266
857
2095
2243
715
4753
3029
1888
1909
2077
2514
1414
232
3356
2689
2171
2156
1165
5233
2060
4491
5081
2445
1914
4277
3101
3973
4940
2041
1391
1200
1770
5344
4
5253
4282
2554
4589
344
1051
3768
3643
469
4482
4200
4539
2540
3153
4080
587
3189
4999
819
1034
1418
4538
1502
2896
2714
4283
3566
3423
1780
4789
565
4863
2375
987
501
4249
2885
1011
1355
2901
2460
2202
3918
1820
331
4459
3448
5195
1254
302
3754
2347
1016
3882
1554
3259
822
1915
4775
4308
1133
4019
3772
333
1265
2387
1834
601
4430
861
4318
3257
771
3797
2559
571
4786
5145
3946
475
1857
607
5312
1531
3410
4408
1806
2822
458
3852
525
1768
2424
2133
589
3876
1831
3007
3094
3834
4712
4669
2706
1636
2373
2297
3142
3471
843
217
4149
4610
2642
2463
972
1426
3190
1280
2635
4514
1088
396
5222
3395
2611
2765
1961
3481
3024
511
934
2600
4207
4386
2971
3654
2229
2768
4702
4214
3947
289
3813
4295
4581
1843
4254
2413
1276
3343
4449
1567
2851
3776
3008
22
4203
4655
126
54
5250
1470
1882
2778
48
3922
3221
4975
4898
631
1983
3753
3000
2326
1879
1509
3591
3999
1248
2802
1628
4867
2818
4477
3917
2313
3555
1343
3777
1683
4137
5330
1953
3389
3934
1141
311
257
2419
1187
4227
2064
4543
4098
3450
3216
351
2904
341
4874
185
1787
527
3375
3459
209
5186
285
2474
2337
3817
3957
1277
3289
3712
590
929
4183
4660
3050
130
3680
4388
385
4478
5237
5295
1164
4324
3200
2953
2268
4435
334
4464
1150
2092
942
1173
422
1176
328
3428
1698
1030
1596
2141
763
2982
827
1027
3357
4729
3647
3553
2479
258
407
4426
3532
4973
1809
2024
1801
5113
4499
3166
3649
3799
1745
1905
5245
2935
2634
104
2253
984
1635
4586
3134
1620
707
3240
1361
1777
2428
3151
3442
5246
1404
630
4504
5026
3827
11
3072
197
4196
2386
4131
5298
1169
5132
5339
694
1310
4050
2867
3378
2930
3721
1091
1241
4856
4421
4046
1209
695
1856
926
2083
1048
1719
2874
4777
340
4225
807
5258
5018
1861
1709
780
5376
3138
98
613
624
3675
3462
3353
306
2782
2745
4442
550
708
4811
3570
1443
2800
5148
4964
4239
3600
781
2353
