4074
1257
1412
1547
167
3966
5166
4472
5309
4174
411
1040
1113
3195
889
5376
3090
2717
2731
2841
1609
3747
1794
191
448
606
3841
4561
3065
3787
3039
171
954
4477
1271
2605
1124
4446
904
4392
5375
4288
4554
1632
5308
5247
166
4410
2535
3951
1586
1832
4827
2657
666
1580
1858
1654
5243
4156
2151
3531
854
3204
1802
4291
1751
4546
1450
2191
114
3230
4929
4886
4677
1790
4731
3478
387
3958
1320
773
4937
3069
4111
1049
2149
2319
237
471
28
3104
124
3436
816
1745
4826
5257
517
1278
3244
1190
2725
775
3971
354
1089
3343
2982
1033
1659
1108
1498
1903
2158
4328
3514
3429
3836
5267
824
5132
4300
3728
4552
2224
1597
4773
1946
3235
479
4012
2275
310
4445
1225
3930
2874
925
3529
3835
3639
579
3779
346
1715
4198
3303
242
1625
3425
1980
903
4071
5107
1245
1876
1121
1917
2515
4543
4838
2646
1663
4560
5259
264
4917
135
4086
4057
603
4386
4750
4766
2380
1224
4640
2676
4948
2137
1552
4624
2359
149
4298
2263
1132
5319
753
5209
1400
2150
2802
2553
255
3921
1992
56
3057
5366
2638
4161
3850
214
3626
942
1920
763
4863
2554
2609
793
487
196
4648
4073
3508
210
5129
3330
1022
289
4658
4245
3002
1727
4984
595
2028
1353
1338
3544
3404
3383
1568
4733
770
1978
1557
3304
3166
1558
61
4117
3130
2647
3692
2512
494
2383
83
3791
2876
4296
1172
486
2358
3210
492
509
1004
3605
3916
3729
201
1519
3733
3350
5221
970
2066
4622
3196
3579
19
4460
1308
2715
1646
3721
2273
2589
5014
3227
389
996
2000
3046
1367
4687
3392
1396
659
4896
3981
5253
4663
3163
643
1237
4527
640
231
459
3842
4716
555
892
1549
5338
5144
1298
626
4141
5122
1826
3942
3670
181
3576
2829
1605
4293
3183
1778
2310
2361
4196
4260
3956
3911
1178
4137
1364
4391
877
1814
656
3619
3109
4482
94
3667
3145
983
286
1394
2133
1657
258
1697
3523
46
1079
3447
1276
378
3247
1354
1535
653
5069
1474
961
4001
2420
4787
1694
2946
2825
1550
4923
4475
2785
3973
4419
64
1875
581
2567
1122
2424
1702
435
1779
3520
5151
3270
1216
4179
2598
3427
2022
5222
1003
3919
938
3603
2989
398
610
4905
1835
386
2778
3913
3331
3192
2090
500
1493
3732
192
4924
4176
376
5274
409
2831
1460
5241
1342
2097
2565
2025
3751
2645
1138
2682
4173
8
1439
2996
569
3566
1209
2059
616
2777
2600
3872
2669
1374
236
4717
2601
1214
1421
5266
3810
884
4420
2976
3855
964
3119
3646
106
2451
4501
2920
40
2897
2986
1430
891
2973
4646
2128
1545
2062
5011
2184
4087
156
243
3284
1651
3252
2744
1741
2441
2846
4666
4193
2138
855
488
99
3326
3678
3864
4945
4098
2391
1543
3416
1703
5200
2878
3722
3551
5137
4485
3823
776
2895
247
4499
2439
1520
1327
353
115
3854
24
4759
444
3570
3962
5365
3381
3827
4890
4872
1902
974
2460
4986
4619
1683
266
631
1840
1791
3752
4699
1922
5076
946
5196
976
263
4783
3110
899
1961
4922
1987
1889
2282
2244
2474
2212
5304
1921
3118
1623
5043
4495
2352
4993
4788
583
430
2020
2510
2024
933
2949
4342
5050
1483
4816
65
4752
2429
1837
1927
2586
1191
695
3480
4058
4411
1155
2679
4632
3462
3155
4895
1100
4264
1892
2716
3883
2635
4470
2936
1405
535
2422
321
924
3327
2875
2765
915
1782
3808
4008
1188
2867
5343
2663
4502
1158
1284
1095
3844
1900
2188
1904
2338
281
2163
2031
2217
2075
3369
1864
4815
3627
3264
1608
460
4192
1104
4837
1162
691
1385
3362
2164
3963
879
2913
4043
350
222
1807
760
1471
2909
3878
3234
3501
3661
744
1761
1724
3538
814
5337
3135
304
2226
4467
2752
2521
1118
1008
3426
1114
538
1687
3669
3256
4253
3651
3250
5280
163
3707
80
1843
4996
771
1416
3644
957
3949
4009
508
3030
211
1617
2779
1763
1981
735
4320
2307
4444
1924
5220
2816
3168
232
3760
4139
2856
5182
3804
3938
665
4273
5066
53
4913
221
641
827
1479
318
235
2413
3510
4508
431
4821
669
2760
2467
3972
368
3565
931
2471
93
384
613
4377
23
3482
4853
3725
2357
5116
1844
5210
559
155
4556
2805
4947
5082
539
3286
3400
3062
3674
1928
2954
468
328
2556
3190
134
3013
2819
2794
2956
388
4601
136
2104
3505
4935
4321
5305
4598
2207
680
3645
3456
1497
4217
3681
4055
1999
4356
5042
455
3141
633
2815
399
3771
2865
3766
2267
1156
4101
513
2917
520
1738
4210
3158
796
2354
4312
1588
1696
2412
818
1270
3977
3356
1781
580
2896
2915
3470
1459
4437
2117
396
2242
3134
3079
5215
2828
1150
3705
4344
3901
1286
868
1541
3308
1175
2013
3959
3774
78
4571
3742
217
4958
5306
2834
15
5153
481
4939
5251
4758
2883
1619
1682
1838
5188
4026
2873
3047
2353
1612
2041
3573
1863
928
1217
3776
4329
3473
2033
2039
743
1201
2595
3926
2288
2727
2475
4277
238
1691
2662
5362
3964
3390
1196
2552
5399
2179
2227
2127
4418
270
3876
5364
4681
5211
551
138
1314
5393
3888
528
2452
1147
1331
1739
608
834
554
3333
2694
3920
1909
2608
621
3857
5322
3049
4611
4011
939
2893
4549
3896
803
79
360
701
1159
3895
2695
3990
1032
3735
3988
901
1426
4841
3917
1808
3464
2904
4491
2529
4313
4337
4604
3112
4979
1166
1344
3907
707
3399
703
2591
1907
813
2326
3526
4977
3354
3295
2775
1059
3892
3537
960
1038
1466
2437
5163
2175
41
3322
4045
1296
190
5045
1647
4734
638
3676
642
1272
1897
3620
4091
1362
952
