5270
2151
2984
543
1413
3354
2436
677
3380
1529
788
5338
5277
4022
2113
5220
355
2280
4165
1139
4600
719
328
486
4604
2126
4355
1499
4347
4757
4696
2444
1137
2950
2915
1164
1589
5237
4734
3523
5216
2269
2359
402
3019
3866
2052
3658
4030
1673
2381
5175
4857
842
613
1776
772
241
2934
2822
2477
801
4841
2082
969
954
354
4071
396
1459
1510
1532
4182
807
4348
3540
3951
4960
2406
3084
4095
353
4652
3802
2698
2244
5047
3172
2998
4492
3562
2171
4470
3073
1444
1535
1615
929
642
240
2237
3103
4751
1423
2313
4996
1521
999
3269
936
3252
2197
2817
1331
2416
2212
1061
2945
4237
282
5096
2133
3404
2812
4501
2850
4256
5044
312
212
2882
2800
1097
4236
1089
2312
1617
3675
165
965
3221
3744
255
3689
2
3384
5161
585
2258
4621
4284
3813
4475
4063
2722
120
3548
2908
143
2470
1520
924
2070
2524
4407
1696
1050
1460
2571
1819
4761
3206
4471
3680
3094
2874
1301
4981
3304
4230
1407
1199
977
3895
601
4050
3879
1801
660
2811
5265
1513
3454
5054
2135
5273
139
4533
5016
3491
3515
569
1212
202
4280
787
762
3008
5018
805
5211
3179
1954
2598
1211
576
3797
757
5102
3692
4272
5330
3265
737
3936
2245
1783
3015
3782
2189
4758
2120
3260
10
4937
1254
3303
1548
2538
49
2031
5369
5377
2989
3785
5019
659
3202
239
442
94
4812
4692
648
1967
4354
1326
1005
504
3648
580
390
2876
4708
1138
3210
129
3795
4805
4656
265
808
5162
125
4247
1648
519
2139
138
2728
3821
4341
414
2851
5073
931
3014
5376
4504
4992
4746
4852
1025
20
3965
4339
4465
4169
3991
673
222
347
79
1274
606
2974
1957
313
2435
4124
4554
1127
3774
950
3550
5130
2172
4648
2041
2522
4962
2075
270
1258
40
248
2424
4434
4782
3565
603
507
3137
4452
3089
3881
3731
4202
2427
4004
615
925
1685
2624
3106
5340
577
1621
5144
3254
1063
4732
4300
1990
4308
4123
4763
5260
5097
38
1485
3415
3030
4484
3870
2904
2395
1392
3960
3214
3099
3544
4054
124
2156
2825
4959
5042
4086
1702
3314
2574
425
4498
2773
4406
4287
1637
1851
3456
4611
790
84
656
3916
1768
2997
4443
4367
4248
4078
4710
814
4953
1197
5272
2545
365
3897
4779
1165
2535
2371
4238
223
876
4168
4410
1487
1604
5197
3345
4741
4116
2066
2917
3130
3901
4493
877
69
556
2995
3350
4073
5189
3363
3656
2356
1045
4714
2303
2509
2625
3463
2897
811
3218
4152
1179
3583
2958
5313
5079
1401
4084
3940
1636
2907
2104
4226
4338
2645
1046
2684
5343
3039
1380
4325
1547
1848
4479
935
755
4843
2506
2523
3749
4412
1810
4194
4567
4879
2831
3780
4774
2474
3567
592
2354
2063
2554
4735
587
4044
4816
3597
4778
299
2200
2713
684
2517
2906
3896
3431
810
5345
3436
2483
3903
649
3371
4685
2551
1021
278
3854
3723
2929
1760
1105
3262
2581
567
2771
2033
5124
1115
30
3575
1949
680
2144
5405
1688
2772
1370
207
1874
2644
1884
4189
4311
1429
3871
1672
2629
4295
2895
4911
4262
2231
2755
2566
3876
2299
1674
3961
3771
1979
3022
1075
3139
1391
1422
4269
4724
2129
1291
1067
242
59
134
2220
1353
2437
926
3954
1950
2114
3353
4867
376
1158
4491
2288
336
700
1914
1482
3518
4542
4185
3171
2783
4505
4747
5001
739
4330
591
796
3570
4797
2807
1952
3478
3729
4345
2046
880
1081
2592
1349
2285
2691
1176
2016
3745
715
1012
127
1900
4586
2469
3856
1470
3816
3205
3718
3337
1663
2446
3608
1583
3924
3857
1272
5119
3358
4398
3259
2884
1897
1833
2655
5174
4917
4490
3087
2871
5287
5028
4660
3406
2420
3764
4260
4597
3037
3637
1116
5334
1273
5235
1299
2570
2295
733
219
1351
2985
1866
3685
2650
1895
1433
2325
4096
1732
2716
1812
3888
87
199
696
3776
938
4869
3980
3859
5190
4624
2119
85
4011
3167
4378
306
1771
5062
291
3933
4336
204
1304
378
3020
2936
1999
4557
1343
4160
3375
3220
3708
5344
449
4323
1231
101
1002
2214
1865
238
1393
2387
1750
5283
2364
1557
5100
1942
5207
1512
1309
1936
5118
5000
3969
2533
3031
2730
4199
2376
55
1367
5147
2527
4228
902
583
1501
3573
647
4974
1984
1175
3617
4698
720
933
1546
1780
2540
3458
2262
3932
571
2255
2485
3279
3344
1049
3443
1346
4037
1800
4971
3860
1394
2433
3730
1666
3844
3845
450
900
4935
988
3114
3326
4548
4938
2002
2009
4703
3781
3662
1415
149
5192
2749
958
1519
289
356
3051
4619
2178
5230
1443
350
4951
906
256
4544
2576
4973
5193
1076
4543
3616
3414
2709
5399
701
974
1961
1152
849
1248
1989
4350
1454
888
1336
1762
4684
1449
713
338
731
1103
4177
5224
689
2402
3125
4893
1901
3365
2944
3398
2195
290
1339
4789
1323
1100
4963
3109
4573
32
1247
1947
4069
3911
5314
3322
1345
1490
4369
2085
3036
1095
3863
2036
2038
2758
2181
4630
1066
4298
4627
1073
4821
2786
698
911
325
3393
1824
651
472
2284
423
4922
3161
821
5309
3105
4762
310
421
1611
292
758
683
2933
4268
1464
740
3038
4796
823
4420
2251
31
426
1481
4278
3522
1829
5255
4515
1642
2669
1390
2059
2725
181
3719
850
4895
3239
776
3198
3777
2909
5113
3912
4211
4446
2511
2305
3705
1363
279
5091
4657
3170
1837
1168
2603
4924
2294
2410
671
4091
1974
12
5212
4101
3624
2250
3419
5284
3761
2986
639
3120
1873
3077
491
4208
4716
1004
2639
678
4403
61
412
348
1978
2806
3003
490
1709
3832
2039
4993
5279
4243
2405
1943
1245
1592
2010
2186
3480
1725
0
3455
2475
1425
2961
1347
4113
4784
2706
1986
707
2724
65
4838
2597
135
1646
1703
987
1686
2746
957
3751
1418
2177
2914
2007
1716
1147
1902
2664
4510
502
1619
3741
3299
2291
3509
1334
775
3704
3847
5382
4645
2213
4814
2766
3909
4667
4340
2122
401
5276
1853
3563
4788
1980
2593
389
2121
4077
837
2827
1655
131
1729
1826
108
915
1078
2790
1544
2164
4377
1409
2583
3379
1289
1319
1284
2852
4872
3994
4874
1680
247
4633
1157
2128
2488
4366
144
367
4305
3188
4017
4912
1913
4669
4930
2170
3806
4422
1275
2385
4277
4532
4218
1721
852
236
5150
4680
171
1728
586
872
2396
4213
5165
1259
4145
3626
528
1516
5348
4876
1911
3403
251
588
3113
5183
4328
548
3738
645
672
234
1605
885
3049
774
3236
5074
3155
525
829
5185
3709
4167
1940
573
2734
4119
3762
3054
909
830
1523
685
2044
3376
732
2585
1603
1844
3967
2744
1450
2620
2413
3746
1993
4153
4163
4979
3615
3686
4319
4170
5087
3619
634
4474
4376
3449
3086
2690
819
3531
4793
5055
2391
5306
2781
1753
2204
2347
3193
948
4477
3984
335
2707
3330
1044
5320
1297
2217
4053
4333
2864
5022
2117
4954
3323
1515
1267
2201
3321
2964
5241
3644
1352
4404
4388
3450
2753
334
71
3696
3100
1421
711
3873
3041
1631
636
420
2216
855
4324
1591
566
4549
766
1926
156
1882
3434
495
1739
2053
4830
1467
1550
5310
3976
2335
4643
3528
2383
3152
3331
4497
4802
4144
3810
3963
934
930
429
2621
2499
2267
3875
2043
2697
2341
3524
5105
1822
2767
17
122
4932
3068
1576
1324
3501
4529
2705
3814
2316
3289
3096
2856
2501
4365
117
712
1161
5082
3638
2431
2559
2991
2079
4496
3427
150
4899
836
5271
4538
2165
2887
235
1656
2147
991
717
3029
726
2206
1572
1868
2429
2026
2676
5067
3513
1277
47
249
3671
956
217
1624
4592
2089
1143
1332
329
4522
589
1879
2423
2580
2467
4102
1525
4855
2411
5339
2575
822
1551
5179
268
3104
3108
3307
4010
1207
4117
3769
1948
5293
4729
5164
3926
1084
3639
3787
3276
4322
3249
2087
5269
2320
173
779
1991
4335
2972
4147
2542
5286
3166
5303
2308
2491
2239
4768
262
5267
5250
927
2338
3484
4555
4275
