95
112
122
196
222
231
248
252
274
281
286
303
342
383
389
391
395
440
526
529
531
562
572
584
619
642
732
854
872
898
909
968
1010
1052
1069
1113
1142
1158
1201
1217
1224
1238
1259
1357
1367
1386
1418
1423
1428
1522
1575
1611
1627
1658
1659
1660
1663
1684
1779
1795
1831
1841
1877
1895
1904
1907
2035
2039
2063
2069
2088
2096
2116
2138
2196
2238
2244
2245
2338
2349
2374
2388
2390
2425
2435
2478
2488
2490
2492
2651
2652
2675
2768
2769
2778
2799
2800
2869
2899
2968
2971
3004
3013
3020
3112
3119
3123
3131
3142
3176
3238
3263
3285
3298
3364
3380
3439
3463
3467
3570
3585
3689
3701
3728
3811
3990
4061
4067
4125
4160
4198
4252
4436
4501
4551
4622
4814
4818
4903
5029
5082
5326
