6
150
200
206
243
337
458
471
525
537
700
721
746
775
905
980
1010
1106
1122
1124
1189
1222
1227
1340
1343
1464
1465
1489
1504
1580
1601
1643
1648
1699
1721
1760
1913
1944
1950
1963
2136
2147
2199
2200
2291
2398
2420
2449
2493
2523
2564
2682
2685
2699
2816
2868
2920
2936
3061
3172
3330
3339
3399
3415
3490
3504
3522
3531
3633
3639
3679
3764
3821
3866
3936
3961
3977
3988
3998
4017
4034
4054
4085
4089
4112
4164
4206
4247
4264
4288
4298
4317
4349
4387
4398
4410
4428
4434
4506
4572
4646
4703
4843
4903
4905
5044
5053
5054
5115
5161
5163
5181
5237
5273
5324
