1301
626
1672
366
3384
1936
1261
2603
4541
557
4960
279
2385
1729
672
4279
5086
2126
2101
66
3764
316
5132
3548
2157
3516
2871
554
50
2538
872
363
1038
750
4317
2251
925
2441
2654
3550
219
761
4362
3829
3471
4855
1084
1511
79
1633
3952
4533
4439
4578
1715
988
3369
197
2771
3252
2862
1165
844
1514
632
1659
4747
2074
4721
351
5168
1395
2039
2057
929
2359
1055
4450
4528
1300
689
1001
2470
1366
3819
4347
5024
1574
3022
700
3063
2063
1330
2049
2650
1631
3290
4992
1023
3155
2389
466
4461
1413
2479
863
1537
2881
2939
954
1705
4770
2059
3869
1380
2178
2749
2397
979
4422
2120
3075
1502
1510
2367
4861
3724
4453
223
2995
4118
4762
3935
3563
2598
4153
1248
576
15
779
2812
2038
3341
1154
2708
4830
2929
4413
3493
2239
2103
3583
2971
4
664
2022
1243
4447
5177
4192
2557
2430
2941
4943
4469
730
2673
2144
1609
3771
4784
3143
4632
4271
4258
2554
3296
4301
23
4824
914
1355
799
2823
998
4396
3827
3476
3322
1644
405
1604
1986
112
460
1491
3805
2372
4767
4364
1106
3772
1376
2262
4256
1607
478
1112
5075
2818
2651
2578
745
1709
647
2377
3403
4802
2339
4593
2165
4804
280
1593
3851
1933
3540
1911
541
1000
683
930
2680
4750
652
4025
5214
4955
4713
4723
4937
3588
1576
2719
1469
4225
3417
2325
407
1665
5351
1690
5130
4463
5236
1974
2386
3928
1946
2895
3718
569
3523
624
3348
4357
4162
3986
73
423
2142
346
3425
1386
1666
2489
5250
915
4769
4419
3088
4662
2867
2276
3457
4962
982
3649
3726
134
4948
3671
4539
1397
1888
2068
4457
4144
5034
727
2004
3993
5245
4065
4664
4337
1429
1091
4645
198
4900
4273
2962
1161
4672
2499
3477
3903
2308
1128
5153
1748
1323
5211
5003
3274
3383
4051
3973
1812
4361
1978
1520
3410
2789
793
161
3490
3360
3353
39
4410
4471
972
945
1263
1072
3192
3922
104
1955
2528
3915
2697
668
1345
5312
1339
2
1954
2234
1192
5394
1239
2338
5154
1846
1210
3362
992
31
1756
375
5156
199
2873
3844
352
5070
3645
4618
3619
3103
2350
2506
1785
3659
1854
642
3698
3709
297
13
5116
537
792
3505
2112
978
2758
3998
290
4509
2435
4221
1758
2769
4982
1216
3443
3799
2936
3664
374
4404
2885
4183
1078
215
2330
2447
4456
4235
1007
2738
2420
1360
1774
4545
2341
5323
1485
4562
2983
3358
4189
4787
4616
5027
562
3937
3767
1652
4881
3106
4837
4985
5042
3856
4904
1635
3255
1343
2070
3602
1651
4252
4376
3821
2223
1712
2809
2662
5095
1086
882
1430
1584
4201
4968
2722
3359
1869
4827
2136
4310
5361
4137
4734
2977
523
4315
2354
4506
1414
3853
2755
408
4516
1302
539
3307
2007
838
867
4421
2734
250
4585
958
97
4119
3101
1535
1872
183
1044
495
1037
736
3780
2788
4336
4332
4194
2847
3096
75
85
843
249
2666
2504
376
3379
3759
5375
4846
3761
1333
4209
1551
4385
450
831
1807
1219
5272
358
2481
4139
1877
4838
4452
1830
136
4217
656
989
3163
796
1577
2624
2014
1826
4178
2848
4291
2258
3082
2810
558
2695
4655
414
2392
1743
2657
4127
1611
4674
3682
1895
3692
1096
701
1371
2798
2744
1087
4121
4135
3921
1714
1878
4828
1370
137
1406
4378
1824
788
3861
4011
2244
1452
1456
600
2170
3097
2757
3332
4048
614
3601
140
126
875
4443
3180
1555
1458
1521
2711
2225
2629
4940
3062
1356
93
3131
2767
5231
5060
1956
2305
1733
3945
2241
2585
4188
3266
5246
1269
3528
3486
2716
1009
5212
1149
4405
4709
1941
4626
1873
2294
1627
5216
419
4715
2463
5223
3508
819
4077
3316
1698
747
0
2826
4335
5340
489
3753
3426
3699
2132
2172
5155
3970
1119
5110
2973
3947
1068
3433
3210
4134
397
3268
1899
2153
1045
4495
3651
818
1237
1932
3728
4395
2361
3059
592
1612
1815
1098
4340
3480
4570
1332
4889
3140
185
638
2831
356
88
1220
5180
5276
146
2556
1590
931
4789
4798
2900
2048
3086
130
1768
5171
1776
2803
908
1326
3092
530
3710
3504
2209
264
3832
3801
836
4758
1829
2116
3079
1786
5143
81
2482
3451
128
3854
2946
2582
1563
5311
687
912
1653
2821
888
3284
1726
1171
3401
3943
96
4725
3727
1365
1904
3135
3745
2727
1971
1744
2691
4140
2129
3248
2072
1014
1820
51
4267
547
3572
2540
4888
3837
4552
1819
2306
2040
939
4958
1648
2003
1435
3051
2997
5264
132
2664
5158
2967
906
1142
1981
1077
3427
325
3600
339
3639
398
3313
3941
1287
2800
2509
1218
317
3223
917
791
3673
425
2819
1289
1942
5025
342
5115
3589
3459
4875
758
3585
5014
2135
3755
4517
4003
4227
2577
47
1779
644
1392
1066
116
172
254
1318
2512
1703
5026
4984
3231
2090
3906
3473
5108
2265
1155
2561
2439
1449
4445
2959
1787
1526
2599
1622
4822
4328
2030
5386
3129
2147
1226
3912
1764
411
4196
2006
921
2452
3338
4095
2688
564
3128
574
849
1418
2976
1668
4128
3246
4871
2825
1445
776
1120
5300
5051
256
2433
1897
445
553
1770
3570
4895
1232
2357
3411
1988
1887
83
4606
5073
2583
857
4218
4251
4630
1979
510
3862
842
1738
1876
3680
3016
488
1188
706
1340
1934
240
1327
4748
4240
5293
5202
5020
5403
1152
3095
2053
119
3559
2162
4939
1060
4930
5129
661
525
3390
338
1860
2299
1625
3206
880
266
4210
2197
2628
684
1920
3849
439
4493
2085
3691
2180
4427
4208
70
1227
4902
2723
1818
2545
2994
686
2017
4092
3777
3308
4198
947
1121
3020
2918
920
4202
2179
2143
4617
715
