2
3
8
20
21
23
26
27
30
31
32
33
38
41
42
45
47
60
61
63
76
77
81
90
91
95
98
100
102
103
116
117
118
130
131
132
133
135
136
141
143
147
160
161
168
174
176
186
194
208
212
217
222
224
231
234
239
240
241
242
245
251
253
257
258
261
263
269
272
291
295
298
299
303
307
309
311
314
315
317
321
326
329
332
333
343
349
352
353
356
358
359
360
362
363
364
374
377
379
380
381
382
387
391
393
394
397
398
399
405
406
408
411
417
419
422
425
428
429
432
433
436
438
439
440
450
451
452
454
455
468
470
476
477
482
483
492
494
496
497
502
507
508
519
520
521
528
532
533
535
537
538
539
541
545
548
549
550
553
559
562
566
567
570
572
580
582
585
588
590
593
604
605
612
613
614
619
634
636
637
639
649
651
652
653
666
667
669
670
675
676
680
685
689
690
691
695
698
703
705
710
714
717
719
727
728
731
732
733
737
744
747
749
758
759
762
766
774
778
779
780
783
785
788
791
796
798
800
804
805
808
810
813
814
815
819
820
824
825
829
831
835
840
847
850
852
854
858
859
864
868
871
872
877
881
886
887
888
889
895
902
906
908
911
912
915
916
917
918
919
934
935
940
953
955
956
958
960
962
964
967
971
972
975
977
983
985
988
989
991
994
995
1005
1009
1010
1011
1012
1013
1015
1019
1020
1026
