1
2
3
4
6
7
8
9
10
11
12
13
14
15
16
17
18
19
20
21
22
24
25
26
27
28
29
30
33
34
35
36
37
39
41
43
44
45
46
48
49
50
51
52
53
54
55
56
57
58
59
60
61
64
65
66
67
68
69
70
72
73
74
75
76
77
78
79
80
81
82
83
84
85
86
87
88
89
92
93
94
96
97
98
100
101
103
104
105
106
107
108
109
110
111
112
113
114
115
117
118
119
120
122
123
124
125
126
127
129
130
135
136
137
138
139
140
141
142
144
145
146
147
148
149
150
151
152
153
155
156
157
158
159
160
161
162
164
165
166
167
168
169
170
171
172
173
174
175
177
179
181
182
183
184
185
186
187
188
189
190
191
192
193
196
197
198
199
200
201
202
203
205
206
207
208
209
210
211
212
213
214
215
216
217
218
219
220
221
222
223
224
225
226
227
228
229
230
232
233
234
236
237
238
239
240
241
242
243
244
245
247
248
249
250
251
252
253
254
255
256
257
258
259
260
261
262
263
264
265
266
267
268
269
270
271
272
273
274
275
276
277
278
279
280
281
282
284
287
288
289
290
292
293
294
296
299
300
302
305
306
307
308
309
310
311
312
313
314
315
316
317
318
319
320
321
322
323
326
327
328
329
330
331
332
333
334
335
336
338
339
340
341
342
343
345
346
347
348
349
350
352
354
357
358
359
360
361
362
363
364
365
366
367
368
369
370
371
372
373
374
375
376
377
378
379
380
381
383
384
385
387
388
389
390
391
392
393
394
397
399
401
402
403
404
405
406
407
408
409
411
412
413
414
415
416
417
418
419
420
421
422
424
425
426
427
429
430
431
432
433
434
436
437
438
439
440
441
443
444
446
448
449
450
451
452
453
454
455
456
457
458
459
460
461
462
463
464
465
466
468
469
470
471
472
473
475
476
477
478
479
480
481
483
484
485
486
487
488
489
490
491
492
493
495
497
498
500
501
502
503
505
506
507
508
510
511
512
514
515
516
517
519
520
521
522
523
524
525
526
527
528
530
531
532
533
534
535
536
537
540
541
542
544
545
546
547
549
550
551
553
554
555
556
557
558
559
561
563
564
565
566
567
568
569
570
571
572
573
574
575
576
577
578
579
580
582
583
584
586
587
588
590
591
593
594
596
597
598
599
600
601
602
603
604
605
606
607
608
610
611
612
613
614
615
616
617
619
620
621
623
624
625
626
627
628
629
630
631
632
633
635
636
637
638
640
641
642
644
646
647
648
649
650
652
653
654
655
656
657
658
659
660
661
662
663
664
665
666
668
670
671
672
673
674
675
676
677
678
679
680
681
682
684
686
687
688
689
690
691
692
693
694
695
696
697
698
700
701
702
703
704
705
706
707
708
709
710
711
712
713
714
715
716
717
718
719
720
721
722
723
724
725
726
727
728
729
730
731
732
733
734
735
736
737
738
739
740
741
742
744
745
747
748
749
750
751
752
753
754
755
759
761
762
763
765
768
769
770
771
772
773
774
775
776
777
778
779
780
782
783
785
786
788
789
790
791
792
793
794
795
796
797
798
799
800
802
803
804
805
806
808
809
810
811
812
815
818
819
820
822
823
824
825
826
827
828
829
830
831
832
833
834
836
837
838
839
840
841
842
843
844
846
848
849
850
851
852
853
854
855
856
857
858
859
861
862
863
864
865
866
867
869
871
872
873
874
876
877
878
879
880
883
884
885
887
888
890
891
892
893
894
895
896
897
899
900
901
902
903
904
905
906
908
909
910
912
913
914
915
916
917
919
920
922
923
924
925
926
927
928
929
930
932
933
934
935
936
937
938
939
940
942
943
944
945
946
947
949
950
951
952
954
955
956
957
958
959
960
961
962
963
964
965
966
967
968
969
970
971
973
974
976
977
978
979
980
981
982
983
984
985
986
987
989
990
991
992
993
994
995
996
997
998
999
1000
1001
1002
1003
1004
1005
1006
1007
1008
1009
1010
1011
1012
1013
1014
1015
1017
1018
1019
1020
1021
1023
1024
1026
1027
1028
0
