3
20
26
27
30
47
60
61
63
76
81
88
91
95
98
102
104
116
117
118
130
131
132
135
147
161
168
174
180
186
208
212
217
231
234
235
239
240
241
242
246
251
263
269
272
286
291
295
298
303
307
310
326
333
349
352
355
358
362
363
374
377
386
387
394
398
405
419
429
432
436
440
450
451
452
460
470
477
483
492
494
502
507
512
520
521
529
532
533
537
539
545
548
549
550
553
559
560
566
567
580
581
582
585
593
604
609
612
614
618
622
628
637
639
652
653
666
667
670
676
680
689
691
698
699
703
714
719
727
728
733
737
747
758
762
767
778
783
785
788
791
793
800
801
804
805
808
810
817
819
821
825
831
838
840
850
852
864
868
871
872
875
886
895
902
906
916
917
919
934
940
941
953
955
958
960
962
967
972
977
985
994
995
1010
1011
1013
1015
1018
1019
