523
500
607
317
12
148
104
42
226
798
248
296
636
922
17
1020
842
451
817
370
919
695
801
467
186
421
397
297
502
916
83
685
403
563
969
610
234
621
948
114
1010
645
177
823
376
427
41
569
256
479
595
735
281
90
448
808
480
1005
932
789
1007
441
906
342
21
251
843
937
151
613
658
913
130
1003
740
908
686
2
710
455
590
718
553
93
88
876
444
927
714
29
238
543
887
488
934
351
827
338
738
598
26
162
800
968
340
663
363
159
1009
419
393
744
508
847
725
522
533
561
188
223
977
582
828
549
412
806
905
642
975
558
28
169
743
631
229
165
388
46
853
280
15
383
290
581
379
278
13
536
726
840
734
497
792
707
173
127
622
574
910
437
924
172
63
460
860
878
210
453
334
170
501
100
212
143
1006
850
245
466
283
727
194
936
768
452
205
606
566
183
602
785
935
879
777
1000
219
868
293
425
755
873
374
124
951
65
852
230
833
657
51
689
289
411
356
688
632
181
323
1026
839
762
428
628
465
708
40
350
179
994
565
683
463
217
629
712
445
700
930
352
244
531
928
713
751
591
372
134
241
279
939
392
893
871
747
284
468
952
956
671
58
72
784
1015
945
36
742
155
866
998
584
698
252
973
34
185
292
462
684
618
209
331
32
164
192
870
972
812
228
654
519
525
882
699
485
630
250
110
107
1004
958
258
116
45
123
106
831
499
208
66
399
53
407
661
633
599
385
706
102
805
728
140
309
516
56
224
837
158
207
187
44
656
300
904
897
659
81
475
377
682
86
585
984
458
415
996
265
50
160
786
332
711
204
534
749
949
608
759
341
153
11
199
510
357
888
491
330
964
872
336
877
579
851
417
867
895
832
302
288
202
793
95
612
387
909
1008
402
206
310
754
796
314
739
113
782
410
650
266
18
820
617
829
848
856
981
966
980
9
551
418
180
1014
902
426
720
535
348
481
593
247
305
79
354
274
594
511
818
804
771
409
834
643
335
25
362
776
85
941
649
373
1
844
216
896
19
554
398
676
564
505
825
940
898
364
139
779
701
253
242
845
117
303
811
146
270
802
544
757
982
474
119
125
587
773
414
756
620
540
723
790
325
492
166
237
23
272
49
861
892
489
168
507
961
859
98
133
1013
267
191
605
369
211
515
529
885
770
635
381
27
461
304
196
269
614
914
346
666
571
794
440
122
126
71
8
438
988
423
69
967
327
1011
355
709
215
167
767
64
665
572
432
752
903
797
358
985
627
233
646
652
761
264
815
562
504
324
542
917
592
567
524
819
555
677
275
890
974
541
694
750
979
436
406
821
495
298
424
472
285
648
343
813
141
724
826
154
89
76
963
509
482
1019
1024
1025
559
149
626
926
225
232
156
131
470
705
763
672
31
473
97
609
14
471
736
758
855
854
57
997
35
838
589
316
992
737
901
586
746
953
697
59
753
1023
1018
464
195
986
1002
512
603
347
37
883
788
16
886
276
198
835
778
87
30
382
575
668
950
420
367
869
320
184
221
577
54
955
22
667
111
454
222
588
900
814
75
766
532
129
389
307
962
971
849
404
359
91
513
62
783
772
96
537
494
48
733
552
487
147
7
220
858
978
182
213
112
457
810
557
944
696
995
446
193
921
990
660
874
1001
273
1017
673
24
55
703
596
449
675
390
774
959
933
765
67
254
865
201
993
108
243
624
809
92
889
639
791
456
333
640
214
530
518
496
105
135
450
384
295
716
227
286
634
262
132
318
816
431
235
261
570
741
644
144
715
641
880
349
478
271
319
469
894
73
912
1027
246
236
655
138
1012
692
637
651
294
1022
748
681
580
77
291
476
255
931
503
604
263
315
539
231
20
807
965
556
526
1021
857
729
344
60
911
121
560
514
429
366
447
94
33
799
745
483
282
875
498
687
918
731
722
70
538
960
101
386
5
128
484
78
824
459
322
161
691
311
545
662
678
597
176
976
550
68
47
548
43
583
4
260
669
846
368
795
881
983
528
760
109
899
189
378
239
422
704
670
1028
52
136
573
693
308
625
365
197
864
142
527
884
664
3
647
163
674
690
380
345
439
174
841
39
611
203
257
616
405
719
822
506
337
862
721
600
178
547
157
775
120
999
326
780
442
803
433
730
434
249
375
947
989
312
268
84
943
99
920
306
171
443
987
360
287
299
115
787
679
259
145
490
150
546
623
10
400
328
578
521
240
430
957
80
946
395
517
408
942
6
416
353
200
38
371
175
781
923
702
435
830
954
520
970
103
74
732
137
329
717
313
61
301
836
321
396
863
413
615
218
339
