2869
1826
1802
2794
3608
3858
1757
3382
4174
347
1632
1038
3206
5276
1917
920
4177
4165
1876
5060
3843
2327
2442
4444
4716
5158
4260
3149
2209
237
5154
1913
2142
4069
2575
1532
1846
4286
1371
4313
5014
4272
885
1683
4120
349
3317
2948
467
2162
4321
3003
2791
4675
1078
625
671
1753
4981
1932
3349
3903
253
2214
1181
3989
2085
2204
4217
4171
3724
2804
4227
788
3166
2927
5043
1061
2533
4266
42
514
2634
5092
1346
3377
2699
4758
2252
1360
3041
433
748
1021
1867
3294
3949
3050
5006
3558
1201
5056
4831
3683
1633
1319
1366
5346
2109
1734
5162
4761
1664
4818
3943
2136
924
2129
2895
1323
4309
3291
1080
4654
235
3945
1586
4630
2306
4332
3225
4569
2801
3298
509
3672
5272
3352
3754
632
626
260
3631
4819
2102
255
4742
967
2544
1529
1030
59
2074
4986
2648
1859
3977
1302
1639
3112
5047
5141
3827
1679
4915
4685
4668
3290
1447
104
3535
2714
4221
3776
4788
5136
1281
4634
2897
1584
2215
3316
3418
3767
2809
3484
435
5048
3530
4238
1641
4343
3835
474
4369
5345
68
3736
5271
3873
1650
4609
4949
2583
2280
1705
680
3542
4389
101
3471
4542
3862
1838
1963
5208
3919
1143
423
4132
2019
4222
663
3061
772
1043
4307
2977
3429
605
3840
3552
4351
2655
5373
4051
2553
2973
570
1268
2736
4865
2197
2943
3030
206
3488
2839
3811
1243
4518
1657
1654
4345
205
735
1352
653
3598
1669
3900
2815
1417
3684
1675
1799
202
296
4524
1326
3517
4727
631
4650
1651
4577
4443
2689
1697
150
615
2172
1046
592
5097
1300
3957
1172
2700
3319
3189
997
2964
1035
1207
4779
2803
1064
2415
2154
5365
1434
3246
1390
4398
1665
1914
2014
1086
2597
4100
1828
82
2190
5123
1640
2080
4004
5342
2155
151
312
2984
1065
4432
1480
2355
3196
3497
2213
5238
1135
375
466
837
4372
18
1008
1603
2876
4305
3182
3129
1435
3689
2208
4552
1612
4862
1252
4406
2150
938
4122
2030
533
2733
823
371
745
3500
4473
3866
1073
3220
2861
99
4884
4128
3084
1823
164
102
3358
1568
3493
2703
3096
5087
4584
2753
3799
1998
2253
5009
3815
3179
4681
2283
1531
3565
4466
765
1886
984
4557
5380
2741
3928
3757
404
2424
1426
2131
422
4930
4604
503
3636
5313
3708
5302
687
427
3860
2271
845
448
1597
424
186
1490
242
1499
436
3506
1405
3110
581
2009
2726
3671
458
3872
1040
647
2173
1692
5396
2773
62
3838
4029
3540
1451
2398
3427
2025
2127
865
4092
3108
956
4021
4235
4637
141
2712
5376
906
624
1373
4778
4047
4628
776
2308
1429
1815
4830
2631
216
4822
3778
2045
667
557
4117
2066
1502
1504
5285
915
5156
763
2594
2460
1980
4213
850
1477
1297
3663
1139
39
3725
4851
4537
1013
1230
4495
1929
2486
1225
4451
4603
515
4563
2886
1807
1796
5339
4252
4476
5287
487
1042
2918
4199
4492
3622
820
1088
4281
1286
4112
2319
4449
1546
4355
4920
3537
3982
4070
4158
1007
275
158
4167
3156
4182
1106
4338
1328
4013
1019
2786
4359
2728
960
3568
2440
1304
1111
5237
996
2181
2022
465
1808
3744
4922
2328
2671
968
3118
2491
2185
4924
3309
3148
854
4929
2340
1186
947
1315
2610
4127
3389
774
4187
2358
983
562
4403
5377
4979
1794
3970
2627
1797
741
5261
2330
1879
1383
1155
5290
2093
2071
3226
2392
3992
2542
1972
2969
3513
811
1185
2445
789
270
2024
1420
4002
4676
2988
2831
5189
2667
3987
4487
5305
4567
1900
4578
1487
389
4298
2806
3394
4994
4774
614
3442
1938
1363
1462
4089
4216
4276
5248
2554
923
1605
3258
1780
2929
3618
3135
1843
2808
3261
3486
810
3345
1320
4237
5138
4632
340
5037
2843
2901
4532
2156
2547
1471
3089
4989
816
2434
4711
824
3727
83
1818
4974
5205
3792
863
3947
160
3457
4857
1864
3930
2067
3344
3002
981
2795
3990
2706
4919
3968
469
2410
3927
3810
1610
40
5329
2629
1279
3208
2582
1585
213
1309
4664
2639
3591
2211
2068
3092
1306
1872
3616
362
3177
1368
3252
5178
33
3852
1182
1890
4435
5059
4206
3842
1076
2751
3529
2483
2983
4883
3327
38
4410
1275
3173
1873
4548
4661
443
3065
3320
4843
5338
1229
5080
4535
3380
5174
367
345
79
5093
528
3158
501
4772
3093
2378
2690
5258
1829
3308
2004
3412
4009
2724
4806
3956
1525
3675
1163
3613
12
2922
545
4849
4017
4300
2734
5030
5063
1133
5085
4160
5135
1503
521
4813
1814
1582
4975
1436
1484
4232
731
5332
5121
3768
111
1467
3368
89
4163
3639
1293
560
1478
246
760
2900
2121
2684
5107
3303
2933
4804
4507
1327
3808
3283
1010
1552
2021
4589
4480
2096
554
496
1508
4896
2615
294
2750
4109
3781
4022
546
627
1359
4965
4860
2111
2310
857
793
502
3330
2926
230
3070
918
4296
342
418
1642
3619
1822
4687
628
3009
2824
3331
4023
2614
1936
973
3310
211
4251
4193
4138
4714
3325
2104
344
2396
3818
2346
5239
3097
1993
529
4991
4873
1105
2998
5147
3539
3117
535
4016
1759
4561
4176
3673
2787
3147
2752
985
2537
1067
5017
3302
3379
5349
3209
4226
3645
4762
2941
5282
23
754
1969
3459
805
2677
5295
5005
4381
4665
2527
734
2229
4872
3311
808
2073
267
4121
5036
881
4055
2905
1272
2664
2494
4626
4904
2873
57
78
583
4166
887
2484
1919
2517
621
1023
4209
3894
4093
766
4828
1959
1120
1465
2676
2871
4523
2487
1763
4409
1052
2065
2913
2991
1766
4990
4689
3052
2952
478
15
3795
4601
1305
4720
2225
1536
2092
5243
807
2730
566
3686
5084
217
2114
