268
3251
1110
706
559
3615
1033
933
1809
2321
1691
3981
3420
4943
2230
1596
1812
5328
1544
1385
3787
4881
4483
5389
2033
3735
308
3397
4284
1559
1316
2159
399
2910
1288
4993
4985
4782
3068
4551
3157
1572
4099
1736
1788
3343
3260
1054
4378
1666
5317
21
2476
1676
1892
3638
2463
4803
543
831
4715
1577
882
3210
4932
3870
888
2351
1989
3264
4292
1951
3651
3897
1216
750
4319
3247
3700
55
353
1935
4653
610
3626
2401
914
691
4287
5100
1725
1590
2504
5315
3892
3798
1027
5228
2947
408
1142
2816
3508
1690
1578
1982
2258
2240
2216
4759
702
341
4278
2232
3022
2966
536
1999
122
3527
3931
2779
4110
2637
2040
2907
1318
4641
3274
3991
4339
184
159
14
4375
3385
3525
2530
2551
2558
4470
4200
4246
183
2115
2564
2771
3321
517
1460
263
1620
3431
5198
2981
3746
2632
5200
5294
2249
917
2101
1786
3267
4812
4893
297
943
4464
819
1964
2099
1975
1048
1290
4513
34
476
2729
617
1957
2595
1025
1474
669
3101
3029
504
2585
2862
5203
848
1731
2143
2183
440
5015
4875
607
2380
3628
5226
1855
86
4261
4248
3405
1719
2819
4039
1930
1806
2464
1153
1001
1170
4424
1721
2130
593
3346
4826
1022
623
2207
326
1261
1793
3695
148
4950
2255
2167
196
2284
756
1857
4621
3948
2461
332
3658
1602
117
4461
4712
4303
5368
785
5310
3
11
4179
2368
4452
3180
4635
4802
769
2673
3783
2152
516
2659
73
1041
713
1941
3705
2145
1244
1262
4419
4058
1199
964
1452
2499
4642
1131
1835
3278
3533
452
5099
5
4784
1695
3740
1350
3634
2600
1966
1608
2821
4162
2891
2157
2031
3115
2942
3154
3326
3374
2975
5024
962
3407
2584
153
4348
4821
2449
701
3181
1445
4639
1167
3083
5330
4880
1911
1250
1400
1562
2579
3583
2350
3132
328
2412
3025
4282
3713
3674
524
662
3383
22
1856
2875
5180
2220
1206
178
3176
955
4003
2168
5072
1121
123
2516
3472
1314
1744
1034
336
682
2320
2590
4686
4579
1344
277
3923
4962
1745
4133
568
3455
2745
2348
2672
3846
4249
4657
2260
1026
738
2241
4933
5385
5181
2882
4484
3988
1173
238
3679
3023
3369
3411
4978
4617
2421
313
4669
3910
927
2339
2301
5337
3103
5003
5347
4713
