1901
1024
3649
3273
4041
5032
2201
2975
2722
767
1775
4043
3420
3613
3795
4080
2056
4813
2574
3071
399
4687
3376
4467
3829
1028
3944
3202
5216
1523
1758
804
5155
1783
4106
5267
3207
3887
5178
2041
4266
2521
356
3216
1034
3763
58
2276
5327
869
2799
4483
4605
4627
3106
1167
2614
4364
2792
4257
725
1699
4837
1575
1406
346
1443
3850
2732
337
1000
3031
1998
1618
1342
1486
1568
1112
1102
5009
3614
3632
4216
2132
4068
4235
3950
1188
5262
820
2681
1976
4253
505
5072
3682
2283
4702
4389
3754
404
2271
716
3621
2221
125
4117
4699
2425
2426
2963
1588
3236
3218
121
1492
1543
1910
2931
272
571
859
301
3934
975
4776
1143
47
3518
1304
1929
2189
2678
73
945
2423
1076
130
4454
1798
1889
4336
4352
2773
4000
1191
2068
1537
1787
2555
2510
2387
3173
843
1074
4915
1228
1865
3126
2723
3462
49
509
2820
2069
4866
1968
1718
4844
1448
4334
2946
658
489
4923
2058
4962
487
1731
3
5154
5183
2452
580
2831
5403
4371
578
3858
789
5157
3285
468
4423
2822
4472
1348
441
1565
2321
5229
2275
4275
2900
2274
638
4184
4107
2984
1175
2677
1725
5238
4645
2497
2658
3796
5121
249
3791
1404
4715
3034
4679
1259
2660
5243
4649
3404
2992
3596
4009
3062
2233
3157
4728
526
1649
3056
268
4409
4270
2374
764
4936
2779
1274
3161
2628
114
3535
2391
4187
3857
1379
3734
4386
4861
5298
392
1878
2464
345
4
4428
267
97
4126
3050
2030
60
1907
3985
3869
2751
2912
4964
475
4420
4620
2827
1966
5279
202
5105
3421
3750
770
2501
2989
5059
1670
431
4534
3127
2688
1203
2605
2309
3321
2047
1172
1919
4817
913
2615
233
3426
139
4652
1452
2270
4707
2366
1653
1879
3897
315
4071
1736
3607
470
591
3604
4526
1939
3120
5241
3563
669
1094
3356
236
2120
2338
1858
4219
1294
1805
3270
3792
3391
3537
2451
3337
4961
158
4780
4576
96
511
2818
5372
4337
4011
4723
324
541
3495
1924
3301
3873
3617
1389
4639
2079
2484
2740
3152
5096
4488
1613
2224
1128
3040
1387
1881
2235
3123
2961
4528
4456
4697
1009
1063
4354
4361
3191
4410
5297
3701
1890
4461
93
3870
4706
5136
2187
19
2342
3651
3335
2635
5254
5029
4230
4933
5158
2174
5197
5036
2066
2949
3444
1778
1236
3915
4653
5060
1472
3417
1025
2457
3188
4615
3756
5146
3987
1311
310
4325
2705
4630
452
2855
3902
5227
2020
5369
3381
2388
1542
3761
3184
1832
3942
5396
257
218
1479
1442
296
2536
5204
4890
1868
4691
450
4374
4601
4815
1085
2422
2166
4402
2259
1967
2918
5381
5135
4593
4931
280
4938
4666
3310
1765
2487
3952
2126
3036
4073
5107
3277
1134
889
2878
3826
4316
2208
3299
1871
5141
3105
2399
2049
2360
5284
5226
1674
986
140
1395
5235
313
4684
4087
1125
960
4463
1870
779
1994
464
2871
1990
2557
221
4657
1255
1295
3536
1989
1781
3147
4886
3958
3445
2258
3531
3119
2742
4282
3374
3949
1338
4452
5111
2240
3250
698
2839
2403
4647
3328
234
699
2001
2619
1118
926
2969
2636
1817
4103
2539
3158
2171
1852
2541
2562
4806
3280
1705
4202
4091
4194
3113
827
3051
3807
1488
3928
1308
2172
403
459
1835
1066
1412
2948
4943
222
868
4925
2297
5027
536
4029
2542
4313
3232
2407
437
811
2693
3388
4223
4658
414
575
1093
2114
3449
2872
4562
2747
4650
4608
5324
1455
4225
1056
713
2003
636
1122
1239
3894
1963
4967
2463
2033
2092
1811
2609
4193
261
919
709
666
1706
189
2745
1383
1463
4641
4491
5276
3177
4365
4376
3564
5113
1786
13
812
3252
754
382
27
674
3628
1232
159
2031
115
113
2753
174
1591
3279
1059
653
3085
4939
4086
259
4480
4057
4018
4846
1550
2226
4245
710
3868
250
3932
2726
1948
882
4479
3257
2617
2840
5211
803
4845
2489
1278
3891
118
4748
587
1679
721
3860
3827
3911
4604
2977
289
1600
5335
3139
4176
4476
1163
1480
297
5159
5390
950
2050
2229
1925
1950
5182
3264
2812
4607
4623
1433
1222
2444
4069
4391
4205
2046
5225
334
2997
3727
2413
1597
579
3595
4703
3456
4566
4485
2313
4638
1836
2876
2881
2804
2558
3186
3832
552
3038
2037
3151
3146
3677
2932
463
642
629
3966
1794
1133
3862
3867
3340
689
1176
5018
4521
2703
2767
3459
4724
81
2950
1727
3256
2647
2014
1969
3403
923
2780
3055
2689
4922
5389
839
3865
2263
3163
36
1388
3546
3124
1100
650
1675
2175
2292
5336
1041
974
3440
3176
2346
1921
4892
427
3717
4127
1416
4152
4455
2112
694
3601
3554
5373
1552
232
1110
5021
2806
2161
4530
493
1022
4351
553
2427
3751
3168
2943
4529
5077
3037
1902
1037
282
4919
4487
2935
2655
1210
3267
4414
1525
2072
4395
2324
896
320
1667
1481
848
4852
4006
2010
465
2273
1249
3997
2370
3217
1574
5237
2478
4276
745
661
4809
4849
4310
3639
1301
2368
226
4167
5057
5082
2349
2587
3976
2899
2791
178
4631
78
420
238
2352
3443
3707
5033
2530
3818
5007
3288
4190
3878
4928
2828
1569
1130
4059
1829
781
3478
4429
2389
104
1440
1964
1807
2729
3592
2288
4212
736
4268
112
3116
225
5119
1669
4764
2318
3816
1350
3645
2526
4031
5210
1202
1544
842
2921
2359
3728
1029
3483
3983
5347
3210
3162
2695
5187
3138
723
3854
495
1135
2063
2089
5172
5385
3856
2095
2765
3463
4471
514
3528
2099
3514
2466
2538
2164
2402
4213
3323
1425
749
143
48
2883
5391
4739
2332
1622
3669
1673
966
1935
626
407
3977
1174
1833
350
1204
2371
690
4139
2715
2548
2345
