2532
4681
1544
624
289
3383
3910
2057
3358
1985
4781
2810
280
1266
4726
903
3499
3637
985
3069
2479
558
3877
1594
3859
733
2062
843
4399
90
3631
3780
1961
2499
3841
617
2787
1545
4354
4951
3509
3390
2510
4581
1505
388
2309
4495
5269
362
2066
253
3754
1621
676
2598
1267
2692
5256
1410
382
2858
2770
1101
3899
4021
1999
1636
723
2633
820
4943
1754
1972
5088
774
3582
5173
3952
3464
2650
3984
1254
828
112
2157
106
3823
1771
799
2971
1943
1808
2707
4838
4716
4045
2726
1708
4785
685
3051
4087
1852
4178
2967
1384
1
4358
1187
2289
1970
3717
98
2865
320
4404
1714
2716
4357
4800
4283
2060
89
5096
370
3250
628
5100
2705
1173
5347
2415
4412
4700
5050
5386
1148
3429
647
5378
4938
2685
1333
3994
3565
2657
2768
4942
0
200
4449
2068
67
69
1106
1110
4961
2724
2131
2595
563
731
2231
188
1018
1346
4520
4278
4821
4146
1769
3112
3794
3651
2290
4670
5163
3469
2405
307
1473
5297
4421
437
3634
693
5114
4633
3525
3077
5280
2352
2143
4171
374
642
2005
3210
4389
2377
2092
4620
971
3769
597
2128
1204
3096
3449
1891
4180
1743
1051
2922
2243
193
4989
1398
70
3406
1049
3776
1899
1215
1186
5307
2814
1528
857
4455
2504
3559
341
3337
4390
5093
726
5352
836
4206
773
4648
4924
1263
2614
2488
4835
387
2826
3135
2090
4396
3439
120
3674
753
4656
684
561
5284
5074
2185
4231
2548
1546
2688
3443
2617
54
3677
1179
2404
5213
2466
1996
2525
885
1618
1697
1656
340
2481
5189
3424
3040
4269
4662
1927
786
2930
2103
4287
2863
3693
1724
2025
339
272
727
2189
1689
5109
1934
467
1000
3583
931
854
3673
4192
3396
3364
4610
4651
923
2169
1755
3330
3549
3245
2578
4132
1461
1954
1400
4553
360
855
904
5068
3886
549
3459
4410
1726
1827
2704
1875
4062
2788
1607
3241
3764
2988
657
2045
3849
788
3218
2890
2759
2450
3233
3353
3569
4299
2950
2662
696
548
2175
2219
197
5182
1134
3075
263
4864
5001
2753
1527
381
2413
1084
3828
2640
4991
1526
4472
4444
1921
2520
779
3190
109
5296
466
869
4119
5390
2588
33
4985
2637
2351
436
4339
2075
3304
4708
3577
3450
4960
3590
2592
3475
2941
153
4814
3930
131
1623
284
3670
368
4023
2986
2979
5188
1297
3150
1322
1651
3506
4360
2257
1152
3294
1504
2886
3881
4451
2286
2518
38
2909
2176
2358
4825
745
1240
4315
4330
2470
2612
5049
4307
832
5032
2109
2966
1408
4063
5192
454
4776
5043
4166
3098
2550
2815
3306
5223
5008
3339
4426
383
3864
776
114
5131
3128
3183
4371
2775
533
510
754
1359
2332
4876
3174
1650
704
2193
2684
3398
210
2698
4359
1236
2394
3397
5363
3222
3325
4490
3024
4372
608
3934
3758
3601
1098
3223
924
1471
4676
3787
1763
1247
4348
3807
1284
1363
150
3967
742
1902
2013
2118
1759
5273
865
2746
2132
3141
3635
1910
3088
1497
3388
2028
1299
4970
4428
1253
789
1928
3031
3885
457
2136
3471
391
1082
2149
107
4462
5241
3249
2055
2749
1844
2146
4289
2951
29
4332
2835
1751
3738
3224
3545
2347
1873
396
3987
1137
3093
483
2703
5005
3180
5170
2771
2601
4328
3153
5210
2883
1235
3700
4109
3307
2307
3483
5306
55
1710
2395
4095
4311
1096
5236
1802
796
5283
953
162
2400
2574
3119
78
1948
1859
4790
4877
1608
2220
4817
3782
3078
1818
1046
1279
1147
5120
1667
50
1207
956
2327
2903
649
4750
279
2237
136
1017
4510
3678
5289
5217
5314
2781
4519
1532
1288
2643
3207
1912
4539
5128
2299
4714
1537
2860
707
2381
3282
4215
2246
922
4273
918
4241
4560
3103
3125
481
2187
3049
1338
3056
3636
1459
4851
406
3143
969
2761
3573
2678
2792
4001
2580
2756
1533
564
118
27
4777
2855
3362
26
2244
1655
2717
4392
4037
2350
4793
2531
1103
4239
2383
3983
3917
3640
4542
4614
2766
5194
3895
2912
4030
1059
3551
604
4711
4098
2522
782
5039
4999
841
4904
1252
430
2515
5175
2493
2813
488
2676
1640
4577
3603
3602
3937
2618
3788
4941
4998
3621
3719
1212
3829
4844
367
2328
588
3822
3073
3844
3872
1946
4896
501
2419
5104
3581
1360
1192
1825
3893
4002
759
989
784
255
503
3529
5278
1833
4091
31
2116
4103
5334
442
4059
327
3753
1350
4029
4475
2398
2321
1500
4228
1056
3882
4658
2031
3341
4900
4048
616
1729
1691
3656
3686
323
3552
1572
3662
186
3834
833
5165
1616
928
1184
2414
5277
3892
3746
2811
4368
1579
137
2069
3571
2646
3768
4243
4480
4411
2952
5339
2541
4567
2179
1199
1491
3310
2897
1638
1131
1783
5025
3664
3228
1850
635
1455
1427
2994
4416
2497
751
579
1004
3973
411
77
4826
2492
3138
115
3650
5346
2982
57
1068
3007
1672
4789
329
1343
4271
3671
5259
3027
4672
4304
3614
3054
1283
4644
3236
1871
6
1309
5230
3365
4646
1702
1632
3615
2914
504
4549
4113
5331
1849
420
3542
166
1293
4292
173
1583
5166
1067
2056
5057
3301
5151
365
2238
1378
4401
4915
1781
1189
277
4975
3473
2467
947
2802
2188
4885
875
4110
1888
353
4598
4981
1462
1507
1369
689
4923
3032
2008
4276
5265
4589
587
4786
4988
5343
3723
4255
2613
5178
5036
2438
925
1925
4619
3012
2954
1807
135
2322
3485
2758
2364
3955
638
3079
3510
2425
2336
5356
64
471
1153
4335
3976
358
2665
1878
2659
2007
4526
191
531
546
4992
4597
3026
4447
4514
4997
1748
4912
4189
4824
697
538
2228
5286
4657
126
4064
82
4827
5398
1428
431
568
3986
737
