3792
2958
2962
984
2794
2924
4175
4837
1779
4141
2649
4734
4223
3203
3277
2797
4205
2198
4438
2743
1023
3404
2626
5324
3033
4244
4641
1495
3463
1368
2324
3338
1490
1809
4019
414
3095
4909
849
785
747
2666
2093
2210
530
1281
2471
3537
1780
3977
3658
4596
2202
2297
4309
2714
2791
400
2434
795
4630
1887
99
4862
1652
4121
4340
3735
1356
861
1108
1663
5027
3727
3568
1941
621
2464
1025
3544
3113
2248
4787
1959
3084
5360
3902
1680
2230
1605
2017
288
5287
3745
4115
2822
2039
2807
5198
266
347
908
3137
980
2370
4258
1028
5149
4795
4055
4568
240
4635
2921
3684
3580
5155
4955
3255
4908
3682
2841
1832
1906
4094
4320
492
4329
3317
1085
867
2269
3490
2864
4343
2874
3005
3091
3879
1469
3765
1988
2566
5160
5144
1829
970
232
4911
5037
4712
2428
2043
4468
4405
2675
4240
4092
2200
1816
1541
1208
5205
5248
4771
559
3134
241
5353
4142
5161
2803
791
1788
783
1405
736
4573
1429
4327
3655
1698
890
2396
2843
639
5392
1260
2833
2919
3109
1935
1904
268
2938
1712
3585
5379
2710
4169
5009
4746
3827
5138
1011
4576
3309
4963
840
3494
1947
4671
1730
5070
1660
4685
2235
3108
822
59
3154
3356
3851
4767
73
3497
2369
1919
2655
4661
4237
2750
871
4201
1982
2496
3925
933
3425
384
3731
3234
175
1587
3720
4775
3630
128
3524
4459
3913
948
1494
1326
4860
837
5047
5239
973
53
2340
3018
5143
4612
3533
2121
1457
2476
842
4386
1566
3517
3884
231
5229
5091
4693
5086
3204
4747
3691
92
894
312
4570
5206
2266
2140
446
2885
4565
2156
2281
3960
3013
1418
3384
489
4050
2437
2355
2063
2845
4443
2226
2713
4594
2251
366
3427
4978
473
1949
2320
1280
2561
1842
2790
661
4118
2021
4701
4070
4894
1304
2763
2173
544
1443
5237
4445
4117
3587
4341
2234
3870
881
4229
3617
1083
5046
2453
2926
5247
1027
3554
4452
4197
4538
4928
3253
5320
25
1371
1489
2194
2101
3928
1736
4388
907
5318
3791
2818
4659
3090
856
3922
5097
996
4013
3262
3752
739
3160
897
4566
3491
4696
3092
2838
16
944
868
2323
972
1666
4740
390
2809
3481
3989
142
1764
1539
2270
2070
5295
3400
3889
58
4919
1275
4990
4863
1931
1953
1140
3448
502
3687
4473
5380
2772
809
3698
2308
1524
2389
3319
4791
1973
2273
475
803
2956
4313
4664
4041
1268
4104
1762
3062
1121
3035
698
4694
2024
1569
4488
1874
1894
3286
4799
3646
421
5304
3920
4346
3567
87
3351
4854
2376
418
1644
314
369
4886
4379
1377
35
1209
551
4550
5383
3728
3538
713
3177
2009
645
298
1315
119
3058
4245
3454
2691
537
65
4080
2454
1933
1222
2107
1395
4033
4381
1379
3377
553
1077
1964
2887
1670
5290
267
3457
4770
2117
1523
3496
5312
228
4334
4017
2892
571
4958
5405
3649
4038
1417
554
24
4120
179
4642
2955
962
1016
1661
4769
1905
5240
4564
1725
1419
2721
1628
1540
477
4723
3936
169
4204
2677
3796
2553
575
3350
5006
2490
3257
479
3688
326
2720
223
2594
4665
4832
914
5111
4484
2010
196
766
3513
4931
4218
1365
1029
3946
2058
4527
250
1911
1659
5019
3665
997
5169
4318
2674
1078
1517
2745
1606
4682
4546
185
5146
1555
2344
2697
428
386
4353
3784
3853
5129
2944
1740
5010
3036
3047
954
3132
2451
4183
3578
269
3522
927
1123
3260
397
3291
977
816
2436
4126
2552
2067
4865
427
3709
4466
1923
648
416
5066
3220
1839
3626
3866
748
2501
465
3840
3175
4801
2264
3668
2765
1768
4689
1272
324
2167
4097
4300
3126
1554
4195
2751
940
5393
2530
4182
4571
4516
810
5329
4626
4836
1665
343
5030
3334
1278
4153
769
1955
935
4248
4722
222
4850
2178
2827
354
5338
2085
3785
1563
3493
2432
4207
1050
2018
3875
572
2993
1845
4833
4264
1896
2457
3104
5127
2168
2706
4983
5327
2333
426
3370
5168
4993
3767
2732
2232
4541
5395
1814
2693
1877
4774
3149
1194
2
529
4704
103
880
2695
2035
3151
5107
2106
2735
500
4807
2119
3751
276
3097
2847
1064
3275
236
1040
1382
1183
4773
718
2036
870
1393
4857
5141
1296
1962
3815
1308
4075
5231
4622
2609
992
3437
499
252
3440
4084
2524
299
2412
2184
3303
491
2784
1289
4355
5081
5222
2375
4220
3940
4009
1197
403
3477
3313
3376
2274
4483
2382
4889
964
5090
338
4393
1100
4331
1977
2500
4881
1550
814
140
1190
1132
1475
525
3412
2579
4491
577
4112
2991
3938
5045
915
1375
1446
3950
4458
130
2805
2048
732
1570
3817
1463
1823
3763
2973
2004
1883
2911
655
2280
4031
4072
478
658
4841
2463
1175
1251
2604
2387
34
2748
5279
1499
1351
5184
4427
4406
4788
259
715
1485
2213
290
408
5136
3600
4478
4695
3107
4561
3441
3315
2571
3140
4074
1409
817
2535
1870
4953
3266
3541
4562
3647
876
539
2015
4533
2000
740
1191
1386
4528
3202
4066
5255
5108
2536
5361
498
1444
5345
1522
3320
245
534
2512
412
2891
3852
4732
4891
1286
495
1711
603
337
1230
596
1234
5196
2968
2047
874
1854
3584
3949
4756
1026
2326
5367
1231
3711
4917
4148
1477
3486
979
1975
3897
3809
4558
1437
215
4485
2349
4042
1707
2342
4316
4378
2180
1720
4688
2953
1402
2603
3395
1501
2407
4361
5121
2556
3811
2204
4649
1012
3102
415
710
319
1164
4301
3447
3613
94
72
4579
189
919
4090
1391
4639
2127
2245
556
3956
4128
1327
334
63
1951
2029
1518
513
3410
3184
4765
3968
4384
1792
5186
1596
42
663
2611
2051
509
246
4003
2300
4407
