5325
1125
2235
4612
1085
1694
1330
1646
3581
3985
4717
3902
2852
1685
3658
294
2725
1406
700
557
3059
1883
1941
2340
3586
51
2198
5269
2913
2668
4153
1100
4788
489
4419
1944
210
4921
4773
3579
3
4752
3075
443
4086
3447
3180
1992
1500
1939
4529
1077
3704
3692
2666
1789
1932
2220
3077
4607
1348
5049
606
286
1812
2845
2570
4848
3080
4621
144
262
3162
4692
3887
1337
1238
2837
1925
2547
5303
3388
2378
709
3302
1773
498
1937
975
5056
4707
5368
1215
803
4445
569
3556
4213
33
2594
3187
180
4878
3749
4186
4518
1542
3332
657
5318
4869
2275
5065
959
4402
2430
3064
1851
1432
4396
3969
436
1304
1039
1086
4715
4053
1601
3303
783
1763
1881
3676
4641
928
4202
3938
585
704
634
190
2364
549
4945
235
3051
1707
3160
3819
5349
3535
4721
313
849
205
1064
4311
1171
4671
3534
1234
3838
4100
3720
1792
830
3331
5110
1253
4472
3726
4854
3561
2101
3641
4037
3209
4834
1213
1814
5088
5011
3885
5151
2371
1395
3773
2296
2641
5271
2366
5228
1065
2379
2280
2075
1477
5291
4097
140
1405
2174
4668
3594
5207
1776
4403
3099
4289
3557
1191
5270
2368
5243
2713
4564
1921
3392
4174
3976
2237
3081
3124
1978
4084
1625
1643
1998
326
3972
186
2444
1060
1505
3052
4664
1550
5311
979
4884
2693
3877
3611
4045
162
1771
3157
2037
560
2568
4889
123
70
4394
2048
5315
641
1403
1458
811
3725
4181
2937
2107
4484
514
2212
3891
1115
3994
2151
5337
3508
1178
526
4429
3660
888
1294
5364
931
3199
3271
1564
4966
2592
5070
3233
3468
4433
4680
2828
4885
4922
3214
3446
2657
125
5356
272
4661
1965
1613
394
4845
4083
2058
1933
2669
1530
5265
832
2154
1092
662
1738
1233
4588
2144
1054
689
2511
3856
1081
1138
1686
3255
4559
1627
3345
5400
80
3426
4270
4234
1568
3907
1010
3001
1844
279
3445
2957
3466
2346
4346
3018
381
2857
5210
3589
3301
4932
1624
2485
2438
4329
2070
3744
5159
722
2675
665
3310
2989
1923
1717
576
2116
1778
2163
3710
4958
5127
430
3049
4395
712
1398
920
3923
4288
850
2934
4278
4310
1193
2367
26
412
4509
1411
3640
4654
1720
965
3990
4378
3062
1208
892
904
1216
5308
1185
1260
5136
4613
2459
2949
4423
3202
5383
3399
3491
4650
4713
1442
1619
3275
338
1912
956
3691
2790
5085
4566
4682
2856
2563
925
3145
3120
163
1206
5171
4180
4816
612
1345
2226
2242
4460
4413
2788
2651
813
1482
605
1503
3905
2206
95
5382
292
2291
347
3629
1186
2496
943
2147
35
4111
2331
4168
4123
112
2999
1680
2234
1082
1930
5188
5075
2089
5101
4719
16
2480
2535
187
3889
283
729
1903
2924
4013
1784
3774
1766
420
4557
4703
40
3026
2269
2111
4076
4007
1423
1722
1653
1848
3098
3384
1074
2315
640
3888
3461
2541
4801
4645
2398
3073
3734
2797
5310
5301
2658
4094
2785
5157
5218
531
5369
287
2011
2987
4985
3169
4205
1660
4776
281
4620
1467
375
534
967
1971
1964
4888
5119
52
5091
2026
1123
231
1491
836
1339
5280
3078
1499
1561
4169
3070
4366
2469
3453
1308
3931
1031
2698
1609
2701
4447
5332
1188
327
966
5173
2182
114
2729
4299
3963
3475
1652
4029
1409
2363
4836
1316
227
2880
2871
3027
2586
3718
96
3849
3967
3476
3382
3778
5216
1359
4462
3650
3708
1754
1485
3864
4228
1926
1725
4082
2453
299
3795
3576
4937
4916
974
649
787
3033
3020
3415
4224
2499
4307
519
2705
3174
1448
690
2372
2447
727
1450
5055
2085
982
2836
2835
4976
4028
2942
1429
1136
4592
543
2074
823
3614
2730
5347
158
505
1876
945
1349
2685
1228
2317
2014
3243
91
1350
1640
4369
3518
5170
2458
4439
4301
2350
2038
2472
2320
3420
618
1595
455
4785
2039
4838
4800
1076
3897
1518
1934
2950
2221
1045
4327
4188
1098
2995
4648
4381
1805
2152
4458
4809
253
3653
3288
2380
4244
1109
2079
1899
4596
2254
2308
413
1210
2010
3090
4606
1729
1571
3141
3870
3674
545
2792
3492
1772
2738
826
568
744
995
503
2261
2418
4417
3766
113
1931
4001
4069
1891
3300
3780
616
2959
4568
110
4024
3933
2846
2322
2195
3387
3526
4193
4373
748
4312
69
3390
1388
3616
4199
3805
2158
1727
2521
1464
2947
4275
5062
3179
1898
4731
4210
842
2912
5196
3765
4163
1302
4827
5116
1421
435
4211
1069
4636
3770
401
3565
3762
617
4146
3530
4384
4519
981
1408
2530
431
1920
476
2329
4522
65
4095
540
2157
2498
3299
1948
3545
520
1639
3989
4635
691
319
1459
2333
963
5374
1135
5143
5024
1371
103
3333
2128
4276
1377
4444
5149
4266
5103
4946
629
2437
767
3939
3163
3608
1823
3986
2211
978
5212
2456
5107
2571
4411
105
4089
2819
1936
2536
2985
4974
1110
30
4994
4747
1510
3521
684
5169
1681
4851
2090
5042
2632
1385
3352
4647
1020
2847
583
4456
2533
4322
2667
4065
1986
3666
168
1003
5201
2663
3457
3855
1038
3411
115
2578
3168
1535
317
1117
3910
1641
1748
4745
4229
3793
4862
1897
1854
4317
3327
4064
1168
2209
2823
1528
3510
208
3652
3809
3161
374
5013
3336
2102
1368
3520
4497
3366
1901
5336
1797
1935
2979
4761
1157
3705
2878
3559
1251
1183
2342
1129
988
4628
4063
3391
3360
5200
5182
1025
3835
4831
4842
4113
1139
1552
2045
2488
2813
188
3102
919
515
2338
3779
5163
4657
1706
3404
1711
200
2012
3782
5214
3908
1473
4879
5012
2088
875
924
4688
1946
1313
3226
191
2976
3669
2478
3488
2575
129
1219
4215
666
2686
3465
2503
1581
2063
1433
4405
