3239
2981
5160
1667
1691
3437
4155
2356
2826
3582
3487
1540
3132
5241
1835
236
2820
128
4436
193
142
3991
5007
3514
3932
1252
1924
2493
3451
962
1536
2864
4127
5334
1197
2461
4792
4158
648
5147
2000
1506
4870
2581
2931
2520
3025
4479
5354
3764
1022
2854
2609
122
1317
1273
2155
1583
2454
4970
2579
427
2544
5120
3829
3596
5329
1362
212
3031
3268
2639
774
4955
1419
2452
1437
2259
1887
801
2731
1974
38
2194
5104
1590
161
795
5181
5328
348
25
307
3012
1158
4821
4926
4031
647
4471
1105
5034
60
3775
349
2492
234
1896
3890
4771
2741
2923
5331
1329
4383
2721
2176
792
4585
2475
2409
3943
354
4008
3347
1975
4004
1068
1415
4837
3824
4068
1112
4855
773
14
594
4881
1955
3467
4532
2034
1996
4115
4264
5346
1262
4760
3853
5391
2286
1713
2134
3683
405
136
3177
3406
1195
4947
4778
4079
1968
2630
500
4304
4240
4246
4817
820
2334
57
2747
4746
4167
3058
2172
2758
879
980
3688
5254
5064
3295
1296
3088
2777
3276
4219
423
390
3185
2232
2351
2552
2199
3984
2672
2687
4018
5033
958
1647
5309
466
1024
5381
1243
4598
1299
2603
2936
5297
3296
3109
189
4826
3771
4052
923
4331
437
4939
3958
5002
659
4864
4118
4274
1374
876
1751
1225
474
4886
831
3645
4624
4252
1981
905
249
3818
4194
1063
3071
329
2944
2031
3792
2044
3413
2699
3380
2775
5066
1094
5005
1410
5156
2882
2078
4593
218
2680
3490
5396
4978
3927
4573
2602
471
3118
3265
1752
137
2534
4187
692
779
2303
265
2241
2804
5257
1379
3193
1880
4795
3698
2300
1026
4415
4774
839
869
3942
2122
2238
3828
5363
3115
797
3324
4687
561
4170
3881
1661
4446
506
4032
1287
55
3806
3297
2477
2091
2305
2120
2397
4995
4468
5100
1712
4500
2526
451
1282
1471
660
3981
3344
2246
3883
4296
4387
2952
2042
2899
4391
4709
1889
3893
367
5183
1009
417
2809
2883
595
2984
337
49
245
750
465
2106
5286
419
3755
2108
999
588
652
1703
4054
2139
4738
4791
2965
3258
1124
3730
2112
1788
3046
1644
5259
4454
2508
4048
5153
5146
1740
2464
4122
2608
2848
3894
5057
886
2621
1121
3292
2321
985
610
5087
1347
1127
932
2427
1662
4352
5135
5378
2654
2231
3728
3219
1617
3865
717
4425
1517
4175
4551
3781
4508
4350
2214
2543
1942
4732
2545
3114
2262
3330
1743
3563
3328
4140
1460
1795
3562
239
1563
701
2919
4575
454
3203
891
4733
4591
3236
4972
2690
3004
3244
497
947
3821
814
3871
1623
2136
1611
2593
5077
3664
3425
3414
3904
2877
1095
3525
3715
3950
860
3867
5355
3854
3440
1032
45
4510
2190
4979
3869
0
1126
3523
3528
5387
1002
4096
5385
151
4950
3060
100
4185
3047
3463
3987
3484
3511
1041
3713
782
4804
2933
5399
428
4541
1904
277
5343
2784
3613
825
4611
3901
1495
1658
1001
719
2205
1118
4941
3146
4316
2769
1089
5140
3737
1218
1508
4695
3377
121
4287
4595
1832
5292
2175
2865
4475
5154
992
5211
3607
710
2290
3315
3131
1386
3564
609
5266
282
5299
233
4578
2531
1005
2993
1376
1222
3396
221
5028
4070
4451
4895
5229
2299
2881
4314
3504
439
5131
90
2159
3150
4960
5079
1520
2422
5276
4716
214
1761
4555
461
853
1474
2439
2757
5395
5371
4676
4087
5192
3747
4531
2766
2304
3454
4662
2858
1292
1344
274
5144
3499
3370
1803
1684
2410
5095
2022
1650
3684
2988
2507
1353
4461
4347
2043
2470
5205
5180
206
673
2051
4533
3968
3211
1394
1257
4743
5380
5282
749
4073
784
4666
1569
2515
930
2168
1710
173
2025
935
4930
2659
1351
4017
4075
683
252
3319
4438
5093
3201
1750
912
5017
2970
493
5009
1855
2522
918
1072
754
4530
3843
3672
716
324
2921
2330
4393
4923
2084
2256
3790
4616
4385
1166
3215
4849
3055
2925
4572
625
4057
350
2192
1332
2825
3584
3879
2613
2969
1922
3381
512
3066
4256
4873
164
2018
2810
2509
2829
2105
4190
798
4204
2118
1303
4739
117
5197
1311
2911
264
4195
4010
655
3241
3156
1071
3165
4132
2036
1747
551
2606
1807
5305
1452
1236
4467
3107
848
382
1272
2138
5038
2188
442
3223
4969
800
2495
3632
837
153
4023
4672
764
1589
432
2504
3988
3501
3540
4222
3808
4723
3845
816
2772
3993
765
2814
1445
4796
4762
541
2001
3722
3212
977
2710
2519
1456
4363
4418
5052
4726
1919
4876
536
1382
521
591
204
4673
241
4407
1279
2348
1381
280
4667
851
2678
4949
3605
3252
1734
2938
2986
829
4056
1733
1295
586
203
507
4005
2309
4523
361
973
4259
3571
2812
2637
1972
1375
3723
4333
378
1990
1018
1119
2670
2047
1172
5076
3965
84
2722
4303
4696
1994
2907
2236
1235
4646
1221
1035
2550
1616
991
1586
3386
1192
444
738
5348
226
1147
5031
2773
5060
1699
270
4892
4640
1534
1268
2872
4251
2420
2780
1668
4825
4334
1593
1525
770
4839
82
433
1769
573
3500
4400
1122
3291
1146
2527
1869
2255
5165
143
2421
3953
3175
600
4767
3615
2336
3757
1453
2099
3043
4929
3014
4550
1240
2414
1742
2270
2740
228
4965
4359
4597
1871
220
3403
1512
3731
2196
4450
1365
2004
1664
1106
4742
2411
917
1231
3537
4489
2572
2612
4184
29
2146
1202
3868
4957
3117
1104
602
817
4844
1293
3460
758
1551
5175
2707
3038
4177
1438
3791
3013
670
4355
4022
1947
1023
491
4448
2489
835
1413
2695
3242
2569
2491
597
4099
1455
2888
4819
2066
240
1603
802
2929
3539
4306
1179
5275
141
812
1775
2895
2831
4371
775
2715
740
896
724
