2739
5036
3111
1523
2185
1312
4231
678
5058
5008
4313
5167
176
154
487
1447
1945
1816
353
3814
1014
79
3920
635
1726
3152
1177
3977
3767
1149
4263
1047
1999
4133
291
1918
4872
1659
1863
3577
3041
4003
824
2744
5187
3538
459
2702
1199
656
2728
3106
2382
391
2627
757
2050
2523
1513
4675
1244
2197
3738
2165
1695
1716
3280
4112
1675
1913
1539
3517
477
3267
1804
3067
3796
2679
4697
335
4038
3899
416
1291
3637
4463
2030
3220
4247
268
3703
3961
4233
3644
881
1090
1107
5392
3785
1274
4492
1610
1533
4485
4253
4250
1102
3144
761
3371
4860
4728
1397
4358
769
1468
4473
5112
3264
3956
4176
1334
840
1810
4290
3028
3273
2656
3097
3513
951
2124
970
2737
3763
400
723
5039
3227
5290
2126
4517
1638
4340
5256
1538
4379
318
5046
4832
4571
5073
267
4694
17
547
544
472
5338
2517
894
4708
3587
2343
3321
3439
175
4547
4988
5405
907
1306
1963
3651
4698
4631
3567
687
3619
1592
2619
243
4749
2525
4488
938
2538
2131
3194
4952
2383
960
4261
4339
916
4237
2833
1163
94
1174
2834
2605
3812
3543
4799
2086
1526
2546
424
4414
2736
3254
3926
1148
2638
650
4325
1217
1463
1598
131
1980
5128
2759
4577
1562
2914
2584
3554
3842
906
4718
2977
944
2282
316
2815
1708
914
3502
3416
4390
2451
5174
2529
4338
3235
3458
1952
5224
903
3536
1687
4737
5264
2966
1665
4846
990
642
2617
2649
2426
1813
4725
3679
61
5137
5333
2719
3326
2811
77
2673
3919
4901
1120
3519
4710
4608
2218
2436
1860
4986
3139
4360
2021
2055
111
366
3186
132
4990
3401
1949
5191
1541
4035
4875
2661
4865
5284
2483
4705
2932
3836
688
3601
1486
880
81
702
2671
1036
1702
1
3149
2551
3376
369
4546
957
4090
4148
3495
676
1995
5080
2894
4633
2230
1390
1333
2954
4257
1290
3860
3913
3238
5089
1852
2404
3830
989
562
579
855
310
736
5272
1618
6
1028
1938
2573
2553
3348
4476
76
2735
4165
2647
2732
3272
3659
3128
4823
4209
5389
1480
2082
4230
3342
4861
229
4632
3873
745
3298
4034
4540
2928
3746
2884
5384
1340
553
4014
2801
3547
102
1342
4794
4280
1434
2117
3374
308
2996
3574
4935
5252
3732
4758
3479
5320
4493
2537
5240
2390
5161
398
325
3086
2961
2900
5193
4161
2249
248
1475
677
4178
149
2374
3896
1207
3307
2862
3979
1356
3222
4904
936
3337
856
4106
3486
4397
2177
737
1000
1053
1196
502
4040
1670
2399
346
1446
393
4072
4367
1607
5
5123
1605
4128
4021
4000
599
4604
3610
1606
2910
4815
4495
377
5150
3456
5261
2653
4859
4910
5352
1642
2624
404
3802
2457
4797
3840
3485
3833
846
388
2408
2148
3063
1537
3719
3627
2023
312
3044
2467
948
4614
5242
3602
2696
2844
336
2645
402
2161
611
1655
3054
2069
3851
1764
4524
2455
4722
4062
445
3954
2233
1979
484
1578
3758
805
4336
5162
871
2770
1886
4521
1767
4765
3998
3061
2708
4059
3693
1396
1078
2142
5386
5345
5285
198
2943
3154
2948
2892
4364
1799
3949
2015
3701
833
3309
4871
1704
5198
4126
2189
4554
4959
3872
3478
4221
4135
1487
3915
4243
2450
4269
581
2561
2140
1840
2631
1629
2429
3903
2789
1737
2704
3349
998
411
4847
1575
127
2875
4218
2027
4818
3293
2941
1159
1555
4525
1911
986
5098
3482
3251
4685
3246
3560
4469
4380
799
1585
464
271
922
1749
1378
2972
4917
1427
4487
74
614
5249
4041
4720
1602
4457
1842
2861
5238
620
3431
828
2623
4279
4074
379
4330
4629
4285
2879
1956
2771
2487
3944
3914
3237
5402
680
3278
1466
2114
1700
1370
2301
3228
1484
5158
4245
2753
2265
415
1873
2964
2384
4129
4486
3398
2556
874
1791
2859
1673
2903
2967
1839
4683
2897
1132
5115
952
363
2599
4594
4349
1793
2431
2761
2869
4506
3588
1156
3811
4332
376
275
4159
4918
3784
450
1227
1656
1373
2750
2369
2181
2473
818
2720
4768
2281
3789
2407
810
4605
2889
4693
2289
1800
7
2886
3694
2003
5003
242
101
3427
5367
64
955
2567
1622
5097
150
463
1943
332
2059
1677
2727
4841
639
1545
1328
296
3997
2816
2405
523
2312
179
4954
3515
1417
3880
3184
878
4782
2145
2574
3188
766
1093
3498
403
4344
2385
2940
2756
556
2093
3405
3689
5302
4637
2173
2432
2582
167
4319
4284
532
2396
2974
5388
1170
3759
2130
2394
2416
3074
5016
2598
301
3794
508
4903
592
3270
2180
58
4171
706
5072
1261
5014
3204
4101
4427
3483
4961
4868
1759
5234
1774
3433
3542
1917
1083
2310
2711
3996
4691
2208
1853
421
371
969
1819
3677
1527
2359
838
3599
5048
406
4138
3711
133
440
1760
2228
3040
1424
1723
2486
246
4071
4466
1496
199
1794
1175
1519
4736
2849
5189
5277
3648
5050
4724
4553
418
4232
1367
1735
293
2803
578
3305
4744
5124
4545
778
5313
4416
1057
898
2625
4981
3035
2187
1012
1230
284
59
5314
1967
1128
5108
1728
1689
1864
3505
752
3005
2412
2796
3023
3155
887
638
3544
3121
2362
1182
4656
2955
1212
1900
4401
1679
567
2417
3010
2401
4061
4556
2295
546
4638
2733
5221
4452
4150
5032
4896
1802
4354
1866
3206
1430
305
4919
4392
4020
3516
5359
4911
3816
352
138
1690
3960
2917
2906
3129
5114
2294
3625
1838
480
1315
4567
1363
170
116
4583
2557
5235
1817
2435
730
1988
4012
1663
3524
1907
5083
2328
1205
4658
1672
4651
2143
3224
194
330
1705
12
4480
682
3256
529
3826
4783
2868
2311
2115
5022
4639
669
4679
806
2580
3667
2020
1307
215
3432
28
490
