417
308
626
932
1028
202
331
663
194
378
794
812
760
830
498
648
86
376
256
745
306
653
458
628
18
623
761
899
230
762
445
435
529
937
920
777
703
804
601
634
6
972
726
196
1001
939
897
406
300
303
157
886
558
148
87
181
1026
478
163
482
267
914
586
951
1022
922
639
208
512
702
12
193
205
200
81
212
738
788
654
741
987
819
234
452
145
467
674
128
801
913
290
753
85
165
111
707
606
502
735
768
348
499
826
764
136
468
100
31
332
379
538
699
853
488
1014
170
546
523
657
797
570
559
229
677
380
890
431
453
759
962
19
295
369
993
541
451
66
391
318
708
871
409
1
412
494
508
446
357
5
45
297
704
427
386
310
643
106
351
492
530
254
146
817
400
65
149
509
650
774
198
1013
361
282
863
557
1012
598
555
613
162
537
860
988
209
659
818
140
293
946
877
78
900
150
609
424
442
222
966
813
632
915
1002
561
313
1007
604
52
535
105
372
563
713
556
912
262
935
48
800
934
833
849
995
390
347
573
910
612
203
189
116
93
396
722
206
545
867
766
974
701
693
687
878
35
338
26
253
695
506
814
841
994
527
413
174
700
88
880
902
484
96
522
110
352
104
954
73
842
824
958
782
228
710
41
1010
620
39
368
496
737
232
17
473
227
316
144
658
852
345
425
101
568
359
42
280
309
294
216
944
36
408
1020
888
173
292
291
154
773
706
350
500
716
204
471
1023
263
389
238
237
126
667
457
721
180
649
838
28
936
839
40
930
323
882
57
217
324
672
553
438
176
246
670
881
449
952
836
421
956
851
947
647
566
91
828
172
182
430
571
638
34
578
984
747
77
366
141
134
114
487
167
660
870
728
142
171
524
694
1017
717
637
567
769
844
866
437
727
1016
164
226
884
550
59
387
748
662
574
967
740
191
1024
898
411
675
50
565
210
281
441
614
132
244
462
197
823
736
152
69
21
787
322
472
288
469
1009
108
481
289
655
1004
135
515
957
383
38
231
618
489
43
247
520
582
377
418
743
218
416
260
220
63
271
688
903
248
102
854
979
214
264
296
862
969
23
513
474
440
299
756
336
850
778
461
1015
963
991
975
269
516
725
965
166
733
414
949
183
690
8
465
169
924
686
485
434
223
70
490
76
475
859
239
815
624
698
668
491
929
540
767
37
250
685
349
739
564
631
245
275
997
772
709
235
798
514
783
835
511
925
517
1027
869
548
876
56
980
54
207
781
153
895
998
617
893
428
327
848
776
47
14
720
669
861
192
443
213
233
285
948
868
113
27
904
885
61
921
591
971
730
829
329
356
834
415
642
671
328
518
221
843
907
940
270
103
973
98
961
439
832
429
645
450
625
600
528
927
158
138
906
444
315
917
404
608
385
734
590
375
715
894
362
32
277
1003
224
610
945
273
875
960
90
822
301
656
397
354
139
795
746
151
68
603
243
976
919
636
454
901
845
543
382
680
697
784
554
120
122
3
79
816
891
321
276
178
889
908
549
1021
448
16
847
4
665
858
143
344
403
241
10
185
732
497
72
82
789
190
53
754
319
986
255
770
519
821
580
284
926
751
633
1018
583
236
959
857
302
266
806
536
392
94
855
531
569
71
807
211
510
943
916
874
343
353
560
9
619
534
931
251
249
775
752
479
358
265
1008
992
187
873
786
552
420
33
742
941
30
791
456
24
495
307
644
317
872
689
810
923
123
83
970
240
225
572
501
341
29
763
340
320
161
664
576
460
175
156
802
579
883
692
20
131
286
652
199
846
155
402
272
909
466
525
80
627
679
505
562
629
401
147
426
635
333
585
981
955
712
714
805
547
268
118
683
551
89
75
928
107
892
381
999
1005
758
242
258
597
887
436
160
865
589
339
933
611
129
312
370
215
790
287
840
996
765
49
395
646
684
785
507
719
447
64
640
905
92
423
1019
622
186
311
651
483
792
95
304
325
539
592
371
393
938
399
364
621
363
22
989
112
911
581
470
355
274
184
983
367
793
803
124
335
977
750
616
51
593
261
575
330
820
67
1000
1011
432
542
577
731
279
278
7
588
398
342
796
74
137
360
599
463
195
521
757
676
953
486
455
133
808
964
673
115
405
179
58
11
602
1025
533
119
594
532
127
60
374
384
257
809
615
433
630
125
779
605
464
298
811
130
168
968
46
681
109
373
365
259
459
493
121
771
544
661
837
219
159
305
62
666
410
978
314
480
607
252
827
799
504
711
388
864
982
856
879
596
641
394
407
780
691
678
477
705
55
918
84
831
744
587
117
503
990
729
44
584
749
682
755
