85
3451
2322
2241
176
914
5316
4296
4139
1406
4344
591
892
3820
2771
519
1634
4922
783
4860
834
1759
4181
668
4295
1615
3836
4942
341
4894
1975
210
1213
1439
918
4662
3951
1253
2943
2268
2265
4423
3762
4386
1503
4179
1789
2203
141
2251
1068
3129
1487
2236
1695
221
3173
2199
70
5337
51
2835
2206
3380
4735
2813
3596
615
2
60
5299
3974
1155
5303
404
1628
3159
4101
2798
1388
4340
932
1422
4693
3941
4569
1697
4155
5038
29
4912
2179
5236
1568
2585
4482
4612
3152
3571
4008
1130
5320
3606
3239
3346
4665
4046
4971
863
1105
2580
4271
1477
4098
399
3060
4443
3433
3936
5214
2597
3548
3923
3367
3728
3905
2738
430
3517
2497
3408
2438
2194
3693
1838
3874
582
1377
1877
2076
2781
5273
5139
2670
4909
1600
2523
1232
3927
1243
1178
3732
134
1666
4672
1064
2159
5224
571
4283
3417
4274
3033
1734
5014
1664
1145
4500
4143
132
616
2702
3649
4574
1910
4224
2421
2730
1830
4022
3607
2267
1683
2663
5150
4375
2376
2802
2257
3819
1407
1250
4887
2859
3652
5019
5257
3754
1031
2204
2927
1882
648
42
44
638
4696
5208
3943
1120
3175
5101
4666
1630
2903
3954
151
544
2156
4057
5154
1736
655
2803
3037
3227
1000
3771
262
4491
4399
5357
1726
636
2692
2018
3089
4617
3588
1320
299
4938
4964
1429
3483
635
4613
1314
371
4191
3644
5347
1308
4298
3306
585
3368
509
2215
2079
3639
4193
5202
5399
200
2644
2519
2883
1507
2221
2381
3685
4415
1353
1327
5328
2930
2115
1957
4074
1632
261
848
4326
4095
4579
5063
362
380
5288
432
421
87
1035
93
4905
3138
713
3260
2977
539
3775
3438
5217
1125
2748
4688
1404
1646
1996
5056
3841
3268
4246
197
40
2347
4538
3047
2114
4056
2815
102
2415
2248
2838
3901
1141
1906
2853
4045
1832
460
5206
1802
3632
1303
4798
646
2945
3858
3866
1165
3956
874
3917
4990
5271
4858
882
2060
2184
2525
3099
199
1382
1104
3666
1551
4234
5160
1170
4633
4230
5197
3325
1305
2465
5392
4970
719
2864
2243
4212
1588
4004
3664
3783
4636
5198
566
4625
4204
2042
4880
4816
4036
1449
2289
1233
128
4758
2697
4510
3556
2837
4133
682
5035
1800
764
3638
3240
3748
2869
5078
4039
2195
3840
4564
3983
1694
3456
3241
107
2891
5359
3788
2276
3471
3631
4840
1084
5264
809
2767
2002
4136
5168
2520
658
3653
2358
3753
3755
2797
2037
5122
2514
4082
1337
861
2010
2538
1001
1448
461
3881
1783
3572
1261
3701
3654
3625
4029
423
2365
4760
2020
1029
2085
1894
2560
73
3201
4616
3363
17
1389
2940
1506
4049
100
115
4146
4626
3497
3212
5365
1811
2288
1663
927
1076
2582
3935
2094
3862
2895
839
314
2810
208
5393
3752
2691
2217
2171
4512
2868
5088
4728
1297
878
1743
3772
2416
987
2719
2228
889
4263
4721
1396
5057
1761
4587
2489
2458
1727
1799
5118
3903
3328
4759
2044
696
2932
2379
5011
5255
2032
4182
1058
1916
332
503
3036
1559
2375
2599
285
3582
4336
3697
4425
2099
3949
1566
4498
2984
3228
3849
4447
2012
50
3982
121
1280
1133
3677
146
1517
2603
3382
5278
4797
4275
328
3250
2482
958
192
5352
4862
1639
3490
5079
3474
497
4657
4852
4753
769
572
288
1172
2642
4398
1680
3622
1618
4290
3051
5151
4314
2202
2185
3207
1251
3965
3421
2368
1518
2652
3975
2008
706
459
3506
1214
817
1478
5383
1592
43
3180
4952
1144
4890
3489
1435
469
2398
804
1248
2426
4959
5292
4389
2259
3338
2127
4533
4497
2244
2801
4196
4442
3142
5156
2950
579
4832
4411
2968
741
3648
1993
2371
644
1291
5015
4330
4977
1306
3659
5051
714
2556
612
1990
3132
589
2174
3898
984
2951
5033
4031
4700
5332
1576
2464
4169
3992
3574
1044
1633
4481
216
268
48
4306
2811
4097
1932
2780
12
3704
4653
5098
5069
2374
4345
1426
1128
4661
1931
329
5138
1567
4470
811
2966
1581
5149
5326
1180
1331
2936
2677
5250
2327
550
3370
5181
983
2388
3794
4300
656
5338
2211
3076
1425
1032
1146
852
1945
3760
4936
3391
5189
4235
370
2451
3710
4490
1034
3597
2495
1118
5159
2954
994
403
5030
5341
260
3213
4403
1950
3282
5036
2001
408
3934
1488
117
1397
3830
3257
5237
2921
5403
2571
2785
2205
4198
5266
1336
5348
65
4565
4595
1284
972
4943
3013
4079
5050
4486
5194
1078
587
1668
1500
4584
596
660
1349
3940
1006
2403
2561
162
3352
4236
2068
1852
824
2700
4170
4167
525
2255
1772
3446
3030
4530
4483
2611
4148
4872
3945
174
2422
5140
3436
5391
1067
2865
4790
2123
4705
3502
1546
3128
1913
738
2393
4713
352
2112
840
4144
1171
1895
1998
2344
1823
2983
3154
886
1720
202
2048
3845
3765
3
4091
5127
357
1868
3500
319
1161
52
4430
1273
3286
3493
3014
3763
3557
4352
3726
1614
5128
1411
1533
5052
1605
4347
2967
5146
3209
2356
3053
5389
105
2487
3882
3744
5113
2666
5133
1524
3372
625
125
3897
4932
3297
4582
4321
5350
557
4934
4826
1313
4257
1220
1564
2588
5081
3964
4124
2043
3924
1520
4380
3947
2799
3465
462
1579
1326
3344
4060
4781
1775
1948
1272
583
5300
3970
724
3018
4304
3766
2737
1631
827
986
5178
2938
1598
3373
4811
3311
15
4995
1400
3615
975
944
1184
5016
1863
3944
3678
627
2606
3150
1218
1479
1856
4436
90
3872
2998
4623
4237
2720
417
2274
263
5394
2650
516
1470
4292
1873
3313
2915
3579
1149
2093
633
1494
5356
2309
476
4034
3153
3734
3604
677
4930
4962
3863
1066
131
3538
1264
4373
744
4289
