2212
1445
3008
4065
229
2999
2939
4529
2498
2095
3691
5164
3987
2134
4525
2116
238
1927
2233
2757
3883
2773
1752
2062
4589
907
3256
581
4128
2209
4050
413
1959
2350
89
556
1647
5037
1777
1749
3263
504
4767
5105
3942
592
1140
4032
789
3561
4313
4496
1256
5401
5204
195
5262
4792
5054
2776
3715
1779
4921
4329
1290
3289
269
602
5297
1176
203
4033
303
2596
4048
2271
2305
3358
148
1938
489
2430
3442
1960
2629
1472
3397
4492
104
1117
5072
1654
4608
4631
959
3770
562
576
334
2686
3727
138
800
4229
4776
3285
1659
1557
2863
3219
4549
2354
798
69
2210
4546
4829
1010
4433
2997
5302
734
5053
3269
4239
5235
3458
1135
1050
2912
252
223
4507
611
1933
5211
3488
881
4320
1216
1414
4637
1362
2011
88
4593
3135
4855
2144
3808
3324
1153
4255
4981
4828
999
2028
1301
3233
2207
905
4268
1262
970
4572
4420
1542
6
3466
4545
3640
2283
4841
2351
2834
347
4197
4337
4058
3443
4350
2904
4107
3961
1431
3846
3017
3422
631
4830
4843
378
4104
1939
1285
3264
3222
4140
2314
2986
4967
4297
5005
1384
938
4742
520
2131
5195
4446
1009
4202
1688
1450
4571
4708
3721
1286
4137
1359
1462
3651
1733
3878
2059
4899
3434
35
1914
1655
2117
8
2832
4476
4334
723
1386
2213
3929
2431
4923
122
1722
4339
133
499
2722
3477
1574
5167
1560
2554
4906
2102
1469
2734
3235
1496
3801
4583
2481
298
3236
5047
979
1858
79
3886
1254
4521
3034
511
710
4670
1580
4209
1693
2110
1671
3103
3785
4448
1055
2727
5203
32
3031
1160
2235
2172
829
2357
4132
3310
506
1710
3885
5311
2784
1519
2714
4067
2301
5287
2353
4210
284
4026
1865
692
593
4914
3400
1219
1907
1459
5344
5111
2473
2456
836
3208
2641
5222
3420
1111
2568
2956
1793
976
2122
72
5371
1701
34
617
1108
3645
4016
393
649
22
2470
3148
4881
2021
2296
1847
3877
2065
801
4457
2996
4264
1186
3231
2277
204
745
3831
647
2292
1545
308
2540
5176
3432
3576
1645
2229
2097
3054
2550
1707
1974
4020
333
5205
563
3255
5043
4405
4225
1769
21
3234
5200
3041
4205
2490
1467
853
3270
3660
876
1323
302
2155
4465
4766
2971
1921
77
1393
3071
4883
4078
4580
3501
2401
2872
81
3117
3491
5259
382
5124
5190
3857
538
234
2280
2501
4689
1387
1419
3656
5275
4319
154
1368
2461
2742
3403
778
756
160
4722
796
2688
688
3971
5068
2646
3733
440
850
2552
376
4388
4807
2427
1612
1806
103
1492
4947
4621
4933
4918
339
945
1820
2173
3412
1423
1807
3170
3304
2340
1229
2329
3429
436
4548
623
1890
4138
5272
4850
2716
2941
5404
5284
603
664
3246
3891
3907
366
2402
2214
4799
3827
1810
5298
2624
5191
3646
1827
2970
3595
971
4638
344
998
293
4627
4963
94
3690
543
4218
2270
4634
1617
936
923
608
4915
5084
3161
898
3149
3531
4364
4135
1121
1434
4919
5031
4186
4726
1210
3177
964
3672
1421
5317
4603
4598
1700
3223
4414
4233
815
512
830
2503
3887
620
3674
3058
3146
1624
5007
4528
1924
219
3793
1606
2084
5152
2192
1013
4979
5171
2360
4499
227
406
4814
4165
3376
1082
470
2985
4475
3711
2362
1642
1635
4394
4180
4694
4362
2783
68
4783
3902
2965
2332
1225
2703
187
4019
1596
4203
3537
3111
4280
3244
3416
3513
3040
4418
2405
4070
445
4554
1188
2363
4573
4822
1008
933
4813
4701
2929
3332
2559
1489
5405
4668
2050
5295
797
1936
4434
4848
1321
5114
4404
4151
5230
3860
3404
2873
3665
163
3068
3602
3049
651
4570
1747
2546
4815
4768
5289
2947
1373
4994
1729
1228
3563
1578
1304
1997
4540
3118
3164
1231
3120
4207
4189
1460
2788
5215
3900
2715
5218
3757
2245
2138
4159
654
4171
400
1085
4358
626
4789
570
3978
1731
2718
4769
1679
2713
1692
1986
4172
4333
4748
1090
806
4338
5062
5042
4412
2545
2681
1922
2601
4624
2313
56
1278
1112
1086
2089
887
1364
2269
316
2222
1287
2830
2355
1463
3655
3699
3130
624
2231
5252
7
3387
1094
2721
3803
1300
1583
780
3906
3143
1089
4310
872
3967
788
3823
3829
963
2962
5120
5307
1935
5095
4113
3717
3273
1844
3055
2441
1101
4413
1126
3243
3254
1420
4737
1723
896
270
2807
992
4108
3371
781
1637
3096
3931
4219
1725
659
3746
3016
1442
3876
2404
63
2150
2391
4839
3184
4395
1589
663
1466
2258
3084
4392
5370
359
2433
5172
2474
1547
810
2886
3889
1629
546
309
2216
2090
1575
1038
1191
940
2238
4761
2505
3620
1982
1928
5086
4757
5269
4221
4115
259
3683
2479
3999
1106
1762
2047
4477
2664
717
1941
1577
2564
5184
3275
1239
1416
5074
2342
3505
1536
5048
449
4998
143
2246
3515
2527
198
2111
2157
5210
2579
86
3686
3261
1025
5330
4009
4673
114
266
2717
4656
3532
1512
2618
2914
2572
884
454
3169
4087
2378
3453
2227
3131
5000
2770
4260
705
442
2486
2275
5378
5388
1402
3005
2299
2183
1719
1338
2529
4493
3503
1842
3198
2500
5112
799
3805
1056
3195
4126
808
3021
2253
2649
2142
672
667
1260
4385
4836
3291
2035
2083
3019
3702
2504
3336
412
1763
5175
2678
1572
2744
59
662
1636
3547
1052
4100
1834
3895
1828
997
431
3043
4522
2796
5261
355
3178
4941
4699
2287
5083
4096
2154
3248
1937
5075
3083
1855
3747
205
5039
4187
182
2581
3139
4127
3869
1372
3340
952
4277
307
2595
2637
1390
3767
3494
2833
771
206
112
4605
2699
2655
5398
925
4429
1897
1428
3342
3679
3599
2061
4015
3353
4409
4585
1417
1357
405
