3281
1457
3374
2919
1917
3194
369
2163
4112
2877
2880
1391
1919
5234
3687
3478
2775
4731
5106
5256
3910
3189
5064
981
255
3916
1943
196
1854
2325
3360
4228
1539
3308
2955
3825
395
4788
1344
2768
1770
2407
169
501
4654
5196
2511
993
5119
3504
773
1023
4220
690
1534
3204
4178
4945
3271
795
2920
1340
1028
902
1602
871
3543
1778
4817
2570
4750
4946
1007
3165
5380
33
5040
167
4431
3817
4898
545
2459
586
4114
142
1893
3419
4779
1259
194
4886
2140
5025
2751
4660
2078
4291
91
3716
465
4462
342
2297
3205
2786
2735
4449
3056
2651
4975
3526
4408
2856
3575
5115
3507
548
466
1760
3955
92
324
3800
2310
4378
1665
3518
2453
5248
4592
2389
402
3759
471
857
2615
3350
1899
3624
479
3598
3124
2181
1399
4279
3283
2733
2038
1685
1315
4325
1063
2041
1310
2069
4157
1151
1537
1672
3359
1794
5319
2870
4428
3589
4985
1456
1081
1724
297
1162
9
1601
1640
1474
2223
4312
2534
3637
775
3680
4747
5249
4000
4152
749
2937
317
3930
917
4461
5010
3610
4018
704
1934
1887
547
3221
5253
814
4109
1277
951
4103
2957
4987
2890
3605
3909
879
2765
2584
684
4402
3238
4706
3938
4288
4992
1157
1242
1699
1522
4669
1892
2033
1378
4774
2705
5013
772
1594
2747
4156
3780
3144
4518
4966
5148
791
532
2515
232
3587
4664
3798
637
2121
4168
3481
3312
4606
1732
2619
1784
3088
695
818
2645
3100
3046
3658
120
1649
2232
4989
2282
4037
84
1565
189
4765
632
4315
2166
2100
3782
3104
4684
4949
653
3957
3032
1840
3667
1453
2030
3364
241
4282
709
3166
1849
4819
2321
10
4421
802
540
3920
1735
1801
702
3147
552
754
3932
3539
3809
4982
5246
1712
2894
2732
96
4367
286
3937
4206
3057
2476
4715
3612
5310
3428
71
3211
4184
2696
1532
4213
3082
1002
2406
891
2609
5034
2333
4900
447
4316
5165
1464
66
2779
41
5221
3527
3038
4249
763
1302
109
5282
3108
1582
1988
3868
5267
1255
147
31
4720
3464
5315
3921
2800
3425
777
2239
1443
5286
4427
4086
2193
2854
82
4831
150
2640
401
3249
3835
4772
5058
1103
2544
3523
3663
2031
5382
2136
3288
1817
790
1875
2759
650
5180
3673
4576
5251
843
3616
1132
315
2526
2478
1972
522
4610
1879
36
3913
921
929
956
4322
785
5032
2455
5028
3454
106
157
2066
1152
2013
2137
1454
4552
437
1889
5029
410
2320
3768
2528
2319
2260
4281
1451
1289
3564
4513
1380
2975
3007
4578
1946
2907
2175
2729
2158
3922
4771
1275
161
1267
1869
1167
4734
4458
2444
3542
2086
62
2542
2989
3718
2386
3737
4847
265
2335
4272
64
4984
1881
4258
4043
2189
4084
1037
2143
1092
4566
4080
4544
2981
3736
4801
1143
3039
5169
3995
4190
3067
3719
4655
1033
4586
4254
2252
3577
2124
2025
4384
372
4094
2300
4390
156
1316
3708
311
3050
2847
2922
3203
2908
4
3684
2472
3703
1681
4265
4835
3725
2839
3357
1065
2496
728
320
1980
1122
452
2593
1215
678
4818
2636
3348
2343
5294
2828
618
2460
3027
2308
762
4643
3447
19
275
935
1046
3020
2792
3814
526
458
3781
2806
3155
3091
3300
4575
3450
4711
2524
2898
5225
847
2639
129
1923
4093
4066
2756
473
13
4485
1530
5268
3355
849
1867
4227
1643
2240
5243
1591
1328
1586
2630
1418
2074
4299
2867
948
267
4396
2304
3851
4652
3738
2750
1569
193
4602
2186
2531
1022
2162
3816
2925
389
1805
3413
4514
5126
2272
3601
3844
5291
3562
1322
282
1795
2442
4226
3375
4153
481
2844
4738
1158
325
4794
248
2056
2169
484
946
524
2841
4505
4588
1379
2563
177
926
1370
4876
448
3426
3635
492
1866
943
1964
1850
3668
1561
3980
3963
213
3850
1198
588
2899
2558
5376
4837
5364
2926
757
1441
5
2627
5369
3786
1523
2471
4604
2897
816
1183
746
4793
4527
4085
568
1653
1296
718
4270
610
4519
919
1870
2049
5091
3986
1073
3070
5177
1249
1173
5345
3122
20
2857
249
1318
2823
2661
2860
3789
4784
3444
1684
183
2317
336
1226
4547
2484
3482
4537
3383
2816
4893
3713
3470
1385
5402
837
1163
2745
3681
3530
1984
5301
3145
2113
1698
3217
4674
4953
4166
2991
4739
2247
2752
3280
3365
361
3873
4116
1376
3614
3134
683
2053
3991
3314
1446
726
2980
2782
1967
4614
5006
226
3952
2706
3072
1626
2905
1268
5290
3833
1977
2536
1048
822
4238
3302
97
4287
5129
1796
3479
5351
233
2278
1965
4745
5216
1898
5386
2591
1973
4842
530
4954
3692
2063
2638
4506
1525
1878
5183
3511
4472
4117
1808
2935
1405
1513
541
1678
5153
3322
715
3126
2312
3856
5136
2881
4600
1715
3330
4988
3469
215
3890
5360
1745
2532
3301
1603
910
908
1768
1059
890
4025
2987
1610
737
2201
326
4432
4630
1886
3414
4077
4435
1409
5241
5220
2567
5396
3629
2949
4557
5161
3462
995
3385
518
2152
1604
2302
4211
953
1119
915
2380
435
3594
988
3010
30
3706
743
1900
2725
2778
3061
4072
427
1049
3749
1544
765
767
4692
2315
2851
3731
4980
2263
5080
2517
346
3870
5082
1599
1829
2862
3087
1673
2635
5185
2106
628
2457
2298
3476
1199
135
2882
281
1288
467
1765
4644
3661
640
4965
3182
251
578
1918
1136
76
4515
3580
3925
4122
3566
2673
277
4541
3077
4261
5343
4973
5020
931
4450
3554
3245
5090
3670
3415
2507
2188
4452
74
5067
2339
4102
3826
2674
3555
153
5093
3176
2817
4729
4359
2676
253
2543
978
560
2080
4926
1584
4216
5173
4071
807
3591
2885
4223
3510
1452
1062
2852
3508
184
