670
912
825
1269
5186
2414
242
2728
4463
4030
1656
4773
450
2432
3218
280
5061
3411
2067
531
1206
1150
4939
2889
4262
211
1026
4716
3741
2814
3035
1991
2755
443
392
1116
451
4902
3553
46
5368
4611
1021
869
2108
2909
4241
3859
2129
1774
5329
1361
5366
2695
2878
3296
2587
725
426
3226
3990
1951
4607
4879
2848
416
3777
2448
4276
3756
4736
3682
483
1325
4201
245
4308
4456
4667
2502
4501
1502
2576
2749
1836
4641
4473
4130
3899
2397
1540
1223
782
2906
883
2657
1767
1137
1335
2326
3075
338
118
3133
1521
787
287
5361
507
2377
5018
3078
5349
4503
2679
4550
2533
584
4192
2055
1230
4222
4001
3309
2672
414
1080
947
3321
4787
731
528
2135
2369
273
2665
5327
4743
5141
561
3183
4469
3642
2436
4410
4539
3341
751
508
1909
1493
4690
2366
1947
4437
2361
3191
478
3229
4856
4986
3544
2424
4017
37
4810
1209
4391
3720
5089
54
2821
4677
1040
1356
1750
4703
3065
982
4833
1711
3109
1556
2933
2197
2286
1437
1294
819
1395
2683
1221
4723
1271
4681
1505
1755
2463
1164
4551
4997
2328
4755
4925
181
2007
2311
4804
4397
1831
95
1129
3988
2072
1995
4052
4003
1911
2057
3001
4401
1061
3081
5381
2574
1139
3799
712
2537
3022
4615
831
1309
4785
3225
1348
2855
375
1824
2023
1597
1527
5397
3267
1815
3586
1355
3896
1367
1016
3573
5179
701
600
5346
4838
1403
3339
1994
2741
4343
190
4601
354
337
294
305
3317
3714
1780
3521
505
1350
1185
1365
1408
278
4369
2879
3499
4075
4309
3618
2385
3463
3730
3094
2993
3867
5201
747
5283
1485
4935
4142
3712
1099
5193
4892
753
4244
2466
3012
24
1224
3331
3265
1516
38
974
2566
2341
2149
721
3327
4609
2475
4698
152
1620
5385
2876
5280
813
2161
418
4999
2958
3232
5306
2051
2026
1270
1054
5073
5353
2541
1351
733
494
1317
3939
2632
1465
2178
3284
4897
4323
3251
2701
1739
127
455
411
1648
828
3448
4356
1069
2039
3894
441
3247
750
1281
5021
5001
1717
1658
3815
4064
3402
3151
950
26
2294
894
3074
3230
4969
4702
3545
3319
4756
1190
5274
4635
3650
1670
1127
351
166
2250
4646
3791
1884
949
4762
3116
3119
4494
3168
669
4916
4991
4752
1246
