644
694
990
1022
715
56
930
25
233
895
315
231
333
400
482
228
1012
982
943
176
460
217
526
483
916
76
464
491
539
201
782
907
913
844
925
915
543
741
349
252
17
173
168
908
177
938
681
436
44
950
194
93
292
698
484
860
505
985
772
45
206
911
347
164
974
409
1007
892
36
124
306
537
587
244
265
633
680
791
411
583
170
932
949
742
271
800
163
260
821
732
70
981
63
214
1013
797
129
896
127
435
449
362
234
16
185
99
220
461
667
615
207
448
186
353
249
215
802
619
729
968
273
762
989
637
26
931
540
864
334
862
634
190
630
386
175
760
904
643
21
278
901
549
399
248
888
554
847
326
12
987
941
43
973
562
743
640
885
598
695
501
724
120
719
654
434
610
1025
876
146
997
579
606
834
632
799
431
189
730
22
298
34
525
267
24
602
1004
147
691
15
343
350
200
947
946
697
232
625
247
668
342
972
976
445
721
444
85
894
685
75
1026
893
687
663
963
285
725
649
3
826
180
159
748
787
439
944
852
415
617
162
157
480
655
669
7
373
387
79
577
203
957
923
517
753
796
820
371
1010
866
857
1021
310
49
73
57
304
479
225
255
601
420
737
450
881
417
378
293
83
152
51
492
856
367
994
767
887
32
257
463
544
563
245
897
1016
849
107
303
158
55
1018
530
212
274
568
1002
688
369
509
578
781
368
96
534
345
699
370
538
590
113
839
677
119
408
39
77
980
276
750
1019
594
595
241
136
68
1009
426
216
377
360
571
971
130
202
65
584
121
991
13
320
678
900
686
817
863
878
275
700
831
846
620
455
269
853
305
318
467
266
424
150
545
466
5
575
69
891
816
281
169
105
128
145
809
926
855
516
156
805
52
82
935
438
270
557
297
187
78
380
401
939
825
814
531
2
61
515
402
830
940
631
421
993
605
294
660
959
513
391
161
58
422
1020
381
650
242
126
962
832
914
756
181
671
603
398
840
648
574
717
40
790
331
195
638
661
511
474
711
385
585
433
569
966
348
47
937
97
14
763
889
588
566
703
487
394
510
548
289
238
263
133
458
523
879
986
600
361
1003
567
219
1015
622
903
208
81
614
332
752
858
383
192
794
104
952
354
851
727
279
709
533
783
254
726
88
635
182
936
1027
329
795
103
106
299
572
425
999
591
759
964
808
522
30
918
459
764
312
351
883
102
659
336
945
405
552
502
8
842
211
550
835
774
815
239
758
551
290
429
50
363
718
801
397
942
296
403
978
197
183
112
627
738
443
521
419
317
582
236
33
251
154
90
19
970
48
612
621
393
604
766
337
514
230
704
874
773
867
672
992
226
488
951
983
645
235
472
524
706
592
476
178
535
740
98
325
518
42
771
1000
969
418
657
406
198
340
390
639
74
670
388
735
641
118
122
286
977
861
710
793
780
100
690
528
872
580
723
722
967
755
117
520
859
679
813
171
812
404
1014
775
149
624
140
359
998
72
389
611
246
9
1001
41
988
804
38
841
683
616
955
749
372
282
114
165
527
807
843
222
366
489
144
836
653
811
865
979
529
454
66
253
416
597
728
675
934
542
240
287
27
101
626
87
174
300
28
477
323
751
446
339
92
898
1028
570
328
705
692
80
227
828
623
924
20
184
824
384
330
833
960
731
60
62
29
754
209
504
662
899
352
108
84
95
905
956
91
975
116
778
465
243
221
167
179
561
689
744
375
757
475
803
827
316
413
494
559
608
1006
493
519
414
356
933
283
137
382
277
761
151
890
508
877
838
869
532
341
789
302
651
205
702
996
291
111
922
473
143
499
259
642
647
777
141
961
696
31
541
456
745
798
806
430
818
134
35
109
954
284
396
713
788
264
1005
664
618
6
23
716
155
223
693
500
910
229
319
636
67
110
656
188
707
906
768
646
313
784
457
1011
447
920
308
142
927
301
268
1008
875
822
358
720
917
10
407
676
131
432
928
948
160
115
714
506
18
658
613
166
912
786
995
555
346
471
674
191
395
770
256
139
11
829
123
565
496
71
311
478
871
295
558
374
412
882
958
321
250
210
376
873
453
261
848
701
322
196
428
54
132
485
498
823
135
1
665
507
37
335
469
324
89
481
427
59
586
309
512
666
819
258
708
919
850
148
909
452
64
125
344
712
53
776
884
442
495
564
736
497
607
684
868
46
199
886
355
468
204
486
560
746
490
262
338
547
673
470
581
599
609
984
193
272
392
593
589
153
451
779
629
628
138
288
573
929
845
921
1023
769
224
4
880
357
327
437
810
553
785
314
365
747
953
870
965
172
440
596
837
423
536
576
213
237
546
503
379
854
652
1017
765
1024
733
556
739
280
792
86
410
902
734
307
218
462
364
94
441
682
