447
928
4110
4153
1272
4700
1657
3639
162
2960
5174
525
4080
2748
4382
4432
3647
3105
4969
5287
4649
1727
1031
5126
4959
2496
4257
3852
2126
79
90
3482
5303
4538
1016
336
3716
1787
973
4630
2383
4131
2555
1075
3285
899
3839
4251
1621
2355
2003
3016
341
752
2840
592
5067
3501
4821
2602
3066
3370
3792
1471
1197
1308
1445
2795
4980
4361
3031
2150
5118
521
3325
4267
702
3740
2966
4807
4879
3050
2228
4071
4965
4964
39
5204
2499
3155
2848
2362
5214
1641
3628
3575
1265
2625
2180
1008
1256
4311
1011
4305
4795
1967
3416
922
129
3550
3622
3011
1431
720
2638
3663
1100
2640
4624
511
2282
3640
2287
4043
3485
3364
2887
2044
3307
5322
1686
745
2531
4876
4426
4775
2164
2660
602
363
137
244
124
4282
1460
5087
3709
1130
3530
1531
4013
4958
3671
1992
4318
1842
4435
2308
367
4946
2878
699
587
5022
646
3641
853
4400
2055
4125
393
5135
3057
4736
4351
2689
863
2375
3058
4680
722
1711
851
1232
5136
735
1035
4005
650
3355
2794
2493
1937
1651
4853
105
865
4870
2081
2566
2214
1114
1306
4286
1993
3607
2924
3117
814
1346
2272
5158
4962
1568
1112
4134
4613
4090
3942
201
530
4882
3292
2815
7
1947
2601
4868
4214
4228
5039
1366
2720
3553
5275
2194
943
4698
1512
4030
5276
1179
4441
785
398
4364
3288
1557
2862
394
2850
4024
452
3940
1423
2754
5018
2029
1600
4389
5382
4686
1702
2271
4362
5357
5053
2436
980
3448
3507
616
4939
5097
476
1124
2082
1782
4457
5103
1668
177
5321
1159
1693
275
3932
1707
3141
3537
3806
1022
5320
5334
2019
1720
4984
2325
2267
4369
1920
1476
1756
1128
3548
4691
3106
4595
2134
4865
291
5298
4941
3421
3526
4623
4701
4679
468
3296
1207
2787
211
4479
457
2103
2634
1478
4580
294
5223
1830
4496
3428
2464
4119
3705
4668
3053
981
2551
198
1126
2400
5088
2229
1864
806
4130
1386
2065
2885
2844
826
2541
5156
4244
4593
800
2915
1245
4902
5234
4976
2597
4350
1905
503
1344
2014
1455
123
4342
4096
4766
4625
4675
1163
2341
2627
3924
3726
4276
385
2144
2457
4945
2168
4384
2138
514
2012
3176
2676
3946
3363
382
4478
3862
1740
1991
133
301
2501
4725
3157
4205
1555
342
2239
3017
2406
420
4693
1802
4720
1724
4017
4182
4499
703
2909
2681
260
3517
2891
903
5076
1229
4539
1852
627
2411
4146
4677
4799
3583
1096
3968
2407
1255
2629
3329
4657
1902
3040
3033
1551
3848
5285
5186
481
2384
2336
5047
3212
5059
1387
3925
3916
1630
4722
3116
170
823
802
649
2558
710
5011
318
5317
4553
1175
557
2001
2397
2697
4322
2254
1738
3876
3022
5370
2598
1110
1866
343
861
4262
3645
2285
380
3425
638
2173
5213
4241
5031
2178
3432
249
46
1118
576
459
2722
5221
3797
4670
2715
2109
3799
4565
2645
2438
3414
1792
5084
4206
1578
1185
4893
5045
736
3158
2567
5101
4927
3766
1509
5127
4373
1877
78
4474
3023
3552
2430
3794
4304
547
4339
4117
3652
1618
1315
2171
3618
2265
1848
3471
4513
3899
2191
3282
535
1587
4971
5246
1352
4618
4827
2006
3466
2425
3568
4517
3357
2950
4684
4504
1248
3976
5241
4051
3988
1688
1909
4627
2968
4764
2455
2034
3045
4987
3054
20
2476
2679
1697
3334
3365
4985
2977
835
2709
3301
2508
1362
4890
220
4719
2859
2387
2123
4486
4155
639
876
2076
4363
584
2371
3392
1833
5163
5218
428
4011
4634
4577
3751
3324
911
4470
104
2895
3079
923
2827
930
2036
3059
4978
3473
4811
4806
5129
2217
3542
1123
4015
2037
4898
4951
2800
1282
718
813
1703
4415
3646
5265
2062
1252
4198
3249
1120
4737
497
2188
2468
389
2965
1098
4358
3790
5064
3096
1923
2991
1635
2618
4001
4641
4600
2801
1078
232
4461
92
2832
4734
229
4608
4179
3739
4256
1019
2707
85
1382
4028
2828
4541
1211
1913
2024
1713
3612
4561
2218
4458
949
1103
1365
359
2770
4403
1451
1508
5100
1466
561
4327
91
717
1050
3406
2475
2897
2141
3895
1596
2630
5089
4102
3770
1642
3549
668
3087
427
4151
990
5323
2350
3099
2128
1682
339
3258
3389
680
3399
5243
5288
1244
3907
4798
1150
4035
971
2107
371
10
3793
1793
3271
5354
3215
221
2092
3905
3699
2876
3361
5230
111
2250
2345
1300
3836
837
3827
1398
2264
1312
2517
2842
1735
3833
2545
954
5244
2439
3881
715
2018
1281
3063
485
56
3904
3514
1762
1154
3869
4791
5231
1597
2650
778
98
3420
517
3912
2688
5372
1214
3800
4163
330
5042
160
3003
4211
3690
2886
3562
3140
5092
386
1218
4225
282
4287
2009
3642
4044
4843
3358
1335
5095
3025
2784
4451
2506
1443
1772
3822
2987
1070
2811
1109
2117
1286
4283
4632
3522
4652
3711
2313
1034
3593
4097
328
3889
4612
3350
5026
2958
1424
5329
4003
3223
4521
4483
131
4056
2473
2303
932
3735
3139
5116
4710
4935
4789
1319
1613
1778
1146
496
4690
5290
3477
1519
2603
2314
1741
4617
3411
3594
2731
4476
811
637
1823
1669
2940
4654
3644
4704
5336
1633
2268
2073
2143
5197
2511
866
5268
1492
1178
1631
4161
145
1425
1662
404
217
1144
4960
3327
3064
4563
3579
5173
1554
3970
3164
5199
5324
598
351
4760
4332
3812
2273
3001
4007
3309
5365
4872
3664
593
1718
4881
2899
5024
3304
2856
2315
2008
225
353
4707
4008
528
3197
3959
3974
1196
2482
3175
2884
947
3661
4386
1209
4529
466
4218
3041
4620
4064
5110
4733
2342
5345
2484
1985
4614
4726
4109
2658
1676
4835
1976
4319
3533
938
3021
4949
687
4114
4220
2992
5229
1634
4014
2908
4235
1699
1950
1652
27
1054
4019
1092
3723
597
2945
1790
4337
1220
4279
1673
4950
2213
2337
2755
591
1850
780
4431
4277
4793
750
4084
4488
555
3717
5144
4437
1607
475
4004
2819
122
4188
578
3760
390
2893
4912
1791
366
3291
4874
5313
4694
2710
4528
2119
2636
3688
4819
2041
3281
781
2266
4576
3279
489
2938
3397
2743
1518
2896
3107
508
2725
664
618
4411
2607
3418
109
566
1895
3675
799
2870
5147
290
4928
693
4886
5399
611
4370
2071
1149
2930
4094
3634
443
2462
3168
3678
821
5386
1532
1998
5072
3744
678
2683
2156
3454
667
4633
216
1566
2765
1170
4183
3963
763
5013
3810
4752
1653
190
4609
1267
3685
5388
786
889
2465
4906
2727
3072
1139
3284
1062
1647
2467
4046
939
266
4604
2404
2174
1052
878
957
3854
1439
4195
885
3774
2510
1530
5192
2453
271
5248
5040
4706
3955
2388
1687
1164
4391
3396
568
77
859
1082
4485
32
4049
970
434
3682
1199
1058
4209
2900
1590
2944
151
1503
1176
2952
2256
1533
1496
1645
2957
5340
902
3871
1122
2125
2577
2937
2414
856
1628
1979
3372
2031
324
5025
4106
4825
603
3221
1291
5306
505
4782
4833
4184
610
5041
2121
1233
1981
4430
2642
995
3750
2302
3719
2428
4863
127
3232
1717
1442
3614
3964
2772
2847
4481
3348
3619
2331
2170
3129
4328
2068
416
4456
3602
2000
1528
4981
352
3788
1381
1007
506
165
110
3180
1450
1573
1403
3702
279
5338
3234
2251
1506
3680
516
4717
3606
868
3000
3177
694
2764
248
1777
3637
3531
4715
281
4042
233
3677
3557
4566
4338
1696
4854
3844
387
3475
3913
3504
4883
2552
5236
5115
4467
910
2623
82
4408
1504
3205
2972
1296
5205
2005
28
2310
117
73
45
4303
2814
4258
2798
2102
4688
3927
3070
3565
2142
1513
1432
3502
533
5381
3174
5150
945
579
152
3979
534
2369
3826
4414
1336
4248
1750
1974
2259
574
3020
241
3868
794
2348
1810
1056
3918
2332
4711
2485
5212
558
4571
3445
2830
1350
3400
4666
3283
5194
3135
4659
3143
4762
1769
4549
3518
733
2843
4352
2599
1603
4166
2682
449
808
1242
3214
3242
396
4321
2223
1982
1129
2305
3268
1391
1430
4907
2324
913
1999
1639
653
3240
