5015
1694
4626
1440
3010
4869
1949
1409
3665
2237
4731
2539
4377
2274
3379
3962
4648
3124
2486
3724
4536
3755
1051
3527
3024
1704
1338
777
1780
1356
2050
855
4547
4647
810
3728
1487
2179
2441
334
4260
5068
2205
4133
284
3247
4245
1071
4000
804
3490
256
4252
2161
918
3629
1397
1320
1246
2083
545
2181
3727
1881
295
4454
1055
916
1260
1012
3917
3824
2192
2409
2261
644
2140
2056
2253
5377
60
3631
4730
300
3008
199
4490
978
4887
4301
5196
3958
2015
4543
4078
4255
3264
4996
462
204
4450
4288
3513
1417
4111
1542
5007
4998
4073
1474
4393
4542
4341
1278
1187
50
4123
4809
3322
1013
171
1405
1384
340
3228
4682
609
5391
3746
5181
3668
3043
1919
5145
1361
1799
460
4685
613
1379
2592
774
44
4921
4531
1358
2049
2664
4176
80
2509
3255
2038
583
3818
3481
5304
4402
5228
2620
4525
138
4740
1134
4705
1363
210
3511
348
1910
3052
1857
3356
1846
2941
1527
2118
1661
881
2574
3994
4290
3795
551
5035
1927
1
985
3111
4982
1918
1416
2048
921
2836
3561
1899
4079
4665
5250
2212
3789
1470
2077
4963
588
2901
5161
3465
444
5048
3195
1324
3859
119
1015
3587
4108
3248
323
5009
1090
4062
4399
57
3067
5232
818
5361
1217
3499
1063
1059
1045
3190
3487
825
3539
2284
2422
1811
2393
4472
3262
2363
4295
4104
269
1371
3265
749
3495
5081
737
397
253
4492
760
4548
425
1215
3541
2242
630
487
4368
3337
3311
2532
726
486
2241
1835
537
1930
2573
4021
3630
959
1889
1165
1952
3091
2746
929
451
3620
2346
4497
2845
2197
608
2700
2032
212
3038
3246
5397
167
1310
5000
4210
4397
4934
4207
1978
2146
410
3184
4314
524
3461
1611
360
2711
2520
1900
2868
3161
4884
4908
381
4233
1104
2010
88
4555
2732
1558
3328
4919
3706
2907
3435
3874
4636
5349
1452
3233
2491
5139
5117
830
3633
673
4165
746
3841
893
625
4916
4556
2091
1785
3128
289
213
5319
1250
5299
5222
5130
5341
4655
2997
2906
2159
3691
4294
4836
2829
3625
2257
365
4376
299
4570
4983
1577
1958
1709
2674
4774
2365
3306
1547
3838
2826
3369
5043
2378
174
2339
326
1168
3029
2995
1593
76
5292
4957
5373
3408
100
1798
2097
5003
1640
645
1288
3042
791
4038
4433
2628
1446
1340
1481
2673
3754
4550
3489
1048
3586
3919
4579
321
3092
4325
5380
2295
5185
2816
4473
4172
3648
2988
2401
4948
2320
1582
3346
2584
2042
2410
418
4033
2461
2381
1671
1033
4124
35
4032
1759
61
2586
1044
4156
255
5148
5315
3366
1273
1206
4500
2998
2203
2898
3219
392
2522
2768
2936
779
2933
2227
4271
5019
2716
1674
464
4897
1786
2403
3768
2729
1359
3650
4487
3347
2054
1458
4526
2145
705
4904
892
1722
3815
4463
2538
2739
961
2051
2789
5312
1237
4937
3878
4708
3261
2547
48
2172
298
3114
4796
1116
515
4621
3147
2458
2500
2298
571
3351
5396
2590
89
238
3971
3820
3908
3252
1805
2978
2116
5227
1563
5233
5049
5060
3380
1932
1414
5065
5107
1964
2624
4763
4343
2918
1954
391
3007
3843
2351
4053
819
4602
4069
4095
4181
1240
556
2419
983
3238
2724
70
2311
3277
2166
1552
3653
4428
4336
3991
4896
4349
4298
4901
3741
2317
655
570
227
1960
1511
711
1987
1860
3643
4645
2089
5367
1654
4611
69
3384
2258
4126
2550
1588
4653
4197
3245
1562
2460
1821
3676
2183
5327
3783
3554
3603
1771
1873
2723
33
4489
4154
1490
1399
3546
3679
164
1488
3204
4590
2372
2663
1285
5094
1944
4420
4215
647
654
93
2990
4387
3734
3109
4371
5189
3901
3359
1043
3569
5054
5038
1089
3584
2854
2698
4786
3866
2244
203
4931
3136
2370
2813
130
2093
5075
1297
1795
2483
5337
446
173
1975
2498
1946
2343
5033
3763
1464
252
3767
4849
1444
1254
4193
4942
975
795
4889
3488
3886
5160
4307
600
1926
1271
3237
5044
635
2114
1411
1649
1200
2131
142
2959
1934
3967
3185
5331
2452
494
3167
716
3275
140
3608
2861
4401
3320
846
3166
4667
3227
816
1383
573
4112
4769
2115
976
2028
2361
2399
3146
3560
2279
2776
2877
112
1838
4820
2920
4768
5180
106
2535
934
305
4582
1079
1364
5398
4533
1841
1332
2741
4254
1037
824
1564
3712
4992
101
4002
166
908
2752
3564
3178
1156
228
1809
3098
5242
4306
4813
2503
2033
3298
905
1529
1817
2149
4826
3134
4243
1158
2288
759
5124
3536
1041
4434
3035
2512
1280
2903
3713
2236
2195
3632
2807
1796
1746
4926
2699
1475
3982
2515
2395
4475
3115
1241
196
549
3992
1447
1840
3048
3191
1831
2546
41
1014
4524
2865
641
1867
4584
3708
2803
2507
924
1115
3352
4938
4656
3758
3701
1644
2912
4447
4522
1060
2911
3953
2292
25
728
2087
1284
1931
5289
4168
4765
2675
5385
4767
3375
1540
157
2953
378
1205
3441
2980
327
3457
3272
541
4356
850
3534
3235
5034
4159
3273
4997
3377
1914
1155
1845
1157
480
1901
3776
2025
3
5111
3253
4970
3362
3437
2644
5210
5269
2504
2398
5032
4709
2136
3039
3162
4840
1224
5267
1370
3952
144
448
2742
4597
5209
3761
1189
2685
2802
1586
3556
3933
580
1510
3772
1097
4333
3563
4689
1437
3181
4672
3013
3858
5239
552
2981
1172
4755
4285
383
4773
3743
4895
438
2415
1749
26
4847
2466
4444
424
2281
2057
1298
1202
2671
4394
1088
4164
4315
120
3821
2490
891
2866
2246
5051
4744
1326
2211
2
3781
3759
4417
946
5350
5014
2956
958
3532
3782
195
4739
2989
784
2713
2622
2396
215
176
478
3804
3257
4535
1293
3410
3524
2492
2946
337
3156
3078
5405
4681
5366
1101
2392
3571
2158
1757
1643
23
3588
688
3332
1274
3599
560
563
474
4867
2879
1266
3589
5080
3791
4658
113
796
437
3349
1208
4572
2853
1594
917
2084
1316
1494
4788
4057
126
4272
2719
3103
1301
3972
4583
2526
2721
4423
2672
1099
1584
3707
2714
4591
3973
1002
2970
58
4070
231
4066
2604
4086
5079
1956
31
3360
1427
1269
1119
665
1174
1616
569
3231
2668
75
743
987
5305
2416
789
2781
5394
5211
2487
2993
761
3829
2113
696
1498
3409
4196
8
663
2479
1887
4859
4818
1585
3009
3189
1684
727
572
636
2785
1650
2852
548
1754
3673
206
3960
3343
3543
3662
3785
1243
920
4230
2120
3443
3849
3989
1138
1275
1624
4148
3817
3438
2649
2104
2797
1294
3696
864
5297
3250
3160
2694
4173
22
709
283
812
146
1127
3464
401
3126
1198
1161
2026
4390
671
1598
4067
4045
3193
3834
4671
956
501
620
4122
4829
1658
2882
695
2575
3609
1436
5262
1963
686
4758
3183
1040
1473
3725
5176
1349
2516
1893
2812
4503
931
141
2888
188
1685
1465
2088
2063
3809
522
675
1345
3921
3014
1859
1794
1303
817
2712
4804
5106
19
3778
2659
6
2572
2495
935
3660
4913
1541
5141
64
2070
384
839
1536
357
1851
5162
432
2474
2544
4344
5279
71
672
2786
586
2155
834
3344
3374
1322
1106
3130
3837
619
5272
2817
829
2632
3407
65
4727
2316
1420
546
159
4834
5122
1751
3293
1602
4925
3627
2200
1543
192
1401
245
725
713
670
3076
3651
4757
4264
2805
4442
5247
1021
5261
3845
3213
3211
5125
2927
1334
1813
2611
3123
2762
1680
1880
2760
1553
4009
915
2521
134
3417
652
4231
4669
1939
1625
2971
632
542
621
979
3941
2248
2127
5085
1595
2804
1433
4750
4702
788
3316
5090
3055
4841
433
5149
2061
605
1929
734
3591
42
3496
1419
721
1728
5286
277
4664
4462
2187
250
1836
3331
3430
3074
1897
3934
3535
5104
1258
1136
4275
1844
1477
1029
5311
488
4139
1747
1921
3434
4501
4532
3142
175
3847
4310
2148
2875
322
629
482
2488
3341
5259
2066
2782
1448
1152
3999
1318
612
4741
895
1400
3403
2045
4505
5201
2656
896
807
886
453
803
1376
3018
441
5169
3655
456
274
4060
223
3911
1655
1725
1868
5300
4359
684
836
1721
1068
2333
3832
4407
2609
2235
3597
4493
2669
666
4860
4815
1615
643
2367
502
2296
1177
875
1495
3381
2417
4448
4284
3491
2678
356
3150
4281
744
3484
1675
2016
833
634
4396
2949
3807
3657
3996
226
388
926
40
3796
4055
4375
2309
3492
59
4974
729
1879
2201
4381
2792
2359
2834
108
1948
2139
944
1820
1862
952
1415
1731
2686
182
4687
4729
1501
3391
3165
1637
149
3458
1064
4016
3330
518
1989
3493
3163
1874
4323
2809
2769
1569
1435
2778
1826
2880
1667
2022
2744
346
4894
2706
3182
783
3654
1606
4087
870
640
5168
4875
526
2053
1203
3831
622
3423
5364
2621
531
5284
236
302
2234
4160
191
2647
1262
3385
2761
2480
539
3966
4036
1739
2389
3036
2219
1396
5155
626
3811
4128
3276
901
5369
739
770
4422
3368
1716
771
2096
4120
4143
3200
3497
2963
2857
3572
2954
1084
5134
4753
5166
3069
2818
4746
2745
4712
564
2446
2190
648
925
3090
4170
5001
4800
5238
5335
996
1855
2568
3083
5202
4530
1469
2662
470
4828
473
1854
793
1148
4224
2733
262
754
2839
5274
3819
3294
712
1032
4651
2904
1001
2318
2247
5109
4864
883
1042
4412
3229
4427
3387
5307
316
661
3700
1601
2703
3669
5157
1648
2450
4824
3132
3775
4527
3980
2440
4121
5343
4776
607
1351
483
247
4392
504
3777
1822
1638
1337
2513
1535
2340
5005
469
2796
2099
3540
1142
3450
5191
1493
3394
1894
1892
2215
5021
2477
3512
3333
1497
4573
4334
3515
1544
5175
2917
5131
5387
1928
1036
5283
2408
97
4213
369
362
435
3638
2860
5356
3460
3920
4421
1343
2838
2233
3480
1579
1441
4103
1183
1081
4265
4787
1313
4234
3075
1890
2329
4993
4596
4507
83
989
1500
4562
3605
5293
2079
345
4506
4380
4229
1182
4683
2335
4261
1665
5206
1965
3206
4891
4034
2286
5278
3089
184
4839
1026
2423
4446
3857
408
1259
4340
1683
2502
2542
1418
2648
1249
3748
207
5119
967
757
2771
1468
3977
3044
2523
4696
1222
3386
2864
2576
4622
3636
4643
2443
4915
3873
4157
3613
1147
1829
303
894
1489
2326
906
5046
1604
319
3872
5182
1107
2418
1878
4083
3856
1576
5395
4185
81
3314
3118
3442
741
2999
3415
5203
5402
2606
3413
3944
3787
682
3398
4778
1660
5105
5235
4378
5207
623
4508
798
2728
3436
3494
1166
3395
1228
3266
651
3693
4756
500
787
1907
2831
2204
1095
1700
4037
3825
1971
964
1160
1534
4845
4968
2905
2527
2894
2297
335
4127
186
5146
5133
2075
5055
658
4398
1748
3559
2948
5237
4020
4816
128
4194
2105
278
4842
5058
4142
2290
3447
3903
1953
1328
4785
633
2821
2385
4574
4465
1698
1876
1292
3936
3317
4862
1074
5253
3269
1236
4628
940
2225
5208
1388
3745
2564
3585
49
2892
5245
5002
2221
1565
379
5314
4222
3814
3077
5302
4335
4354
3145
2101
17
5082
3390
4059
5390
4615
2974
1629
3884
776
2914
1870
4425
1591
5371
5389
2270
3813
1289
3131
4792
1456
1734
1861
2344
1171
1962
4424
405
286
4695
4480
4837
3578
2680
1449
310
1666
2132
276
4866
4858
3319
3241
5360
1966
2122
3505
2578
297
1945
4360
3486
3923
2654
4564
5016
5271
4697
2519
3738
2580
590
440
4348
1896
436
490
1355
3929
5342
