5015
1694
4626
1440
3010
4869
1949
1409
3665
2237
4731
2539
4377
2274
3379
3962
4648
3124
2486
3724
4536
3755
1051
3527
3024
1704
1338
777
1780
1356
2050
855
4547
4647
810
3728
1487
2179
2441
334
4260
5068
2205
4133
284
3247
4245
1071
4000
804
3490
256
4252
2161
918
3629
1397
1320
1246
2083
545
2181
3727
1881
295
4454
1055
916
1260
1012
3917
3824
2192
2409
2261
644
2140
2056
2253
5377
60
3631
4730
300
3008
199
4490
978
4887
4301
5196
3958
2015
4543
4078
4255
3264
4996
462
204
4450
4288
3513
1417
4111
1542
5007
4998
4073
1474
4393
4542
4341
1278
1187
50
4123
4809
3322
1013
171
1405
1384
340
3228
4682
609
5391
3746
5181
3668
3043
1919
5145
1361
1799
460
4685
613
1379
2592
774
44
4921
4531
1358
2049
2664
4176
80
2509
3255
2038
583
3818
3481
5304
4402
5228
2620
4525
138
4740
1134
4705
1363
210
3511
348
1910
3052
1857
3356
1846
2941
1527
2118
1661
881
2574
3994
4290
3795
551
5035
1927
1
985
3111
4982
1918
1416
2048
921
2836
3561
1899
4079
4665
5250
2212
3789
1470
2077
4963
588
2901
5161
3465
444
5048
3195
1324
3859
119
1015
3587
4108
3248
323
5009
1090
4062
4399
57
3067
5232
818
5361
1217
3499
1063
1059
1045
3190
3487
825
3539
2284
2422
1811
2393
4472
3262
2363
4295
4104
269
1371
3265
749
3495
5081
737
397
253
4492
760
4548
425
1215
3541
2242
630
487
4368
3337
3311
2532
726
486
2241
1835
537
1930
2573
4021
3630
959
1889
1165
1952
3091
2746
929
451
3620
2346
4497
2845
2197
608
2700
2032
212
3038
3246
5397
167
1310
5000
4210
4397
4934
4207
1978
2146
410
3184
4314
524
3461
1611
360
2711
2520
1900
2868
3161
4884
4908
381
4233
1104
2010
88
4555
2732
1558
3328
4919
3706
2907
3435
3874
4636
5349
1452
3233
2491
5139
5117
830
3633
673
4165
746
3841
893
625
4916
4556
2091
1785
3128
289
213
5319
1250
5299
5222
5130
5341
4655
2997
2906
2159
3691
4294
4836
2829
3625
2257
365
4376
299
4570
4983
1577
1958
1709
2674
4774
2365
3306
1547
3838
2826
3369
5043
2378
174
2339
326
1168
3029
2995
1593
76
5292
4957
5373
3408
100
1798
2097
5003
1640
645
1288
3042
791
4038
4433
2628
1446
1340
1481
2673
3754
4550
3489
1048
3586
3919
4579
321
3092
4325
5380
2295
5185
2816
4473
4172
3648
2988
2401
4948
2320
1582
3346
2584
2042
2410
418
4033
2461
2381
1671
1033
4124
35
4032
1759
61
2586
1044
4156
255
5148
5315
3366
1273
1206
4500
2998
2203
2898
3219
392
2522
2768
2936
779
2933
2227
4271
5019
2716
1674
464
4897
1786
2403
3768
2729
1359
3650
4487
3347
2054
1458
4526
2145
705
4904
892
1722
3815
4463
2538
2739
961
2051
2789
5312
1237
4937
3878
4708
3261
2547
48
2172
298
3114
4796
1116
515
4621
3147
2458
2500
2298
571
3351
5396
2590
89
238
3971
3820
3908
3252
1805
2978
2116
5227
1563
5233
5049
5060
3380
1932
1414
5065
5107
1964
2624
4763
4343
2918
1954
391
3007
3843
2351
4053
819
4602
4069
4095
4181
1240
556
2419
983
3238
2724
70
2311
3277
2166
1552
3653
4428
4336
3991
4896
4349
4298
4901
3741
2317
655
570
227
1960
1511
711
1987
1860
3643
4645
2089
5367
1654
4611
69
3384
2258
4126
2550
1588
4653
4197
3245
1562
2460
1821
3676
2183
5327
3783
3554
3603
1771
1873
2723
33
4489
4154
1490
1399
3546
3679
164
1488
3204
4590
2372
2663
1285
5094
1944
4420
4215
647
654
93
2990
4387
3734
3109
4371
5189
3901
3359
1043
3569
5054
5038
1089
3584
2854
2698
4786
3866
2244
203
4931
3136
2370
2813
130
2093
5075
1297
1795
2483
5337
446
173
1975
2498
1946
2343
5033
3763
1464
252
3767
4849
1444
1254
4193
4942
975
795
4889
3488
3886
5160
4307
600
1926
1271
3237
5044
635
2114
1411
1649
1200
2131
142
2959
1934
3967
3185
5331
2452
494
3167
716
3275
140
3608
2861
4401
3320
846
3166
4667
3227
816
1383
573
4112
4769
2115
976
2028
2361
2399
3146
3560
2279
2776
2877
112
1838
4820
2920
4768
5180
106
2535
934
305
4582
1079
1364
5398
4533
1841
1332
2741
4254
1037
824
1564
3712
4992
101
4002
166
908
2752
3564
3178
1156
228
1809
3098
5242
4306
4813
2503
2033
3298
905
1529
1817
2149
4826
3134
4243
1158
2288
759
5124
3536
1041
4434
3035
2512
1280
2903
3713
2236
2195
3632
2807
1796
1746
4926
2699
1475
3982
2515
2395
4475
3115
1241
196
549
3992
1447
1840
3048
3191
1831
2546
41
1014
4524
2865
641
1867
4584
3708
2803
2507
924
1115
3352
4938
4656
3758
3701
1644
2912
4447
4522
1060
2911
3953
2292
25
728
2087
1284
1931
5289
4168
4765
2675
5385
4767
3375
1540
157
2953
378
1205
3441
2980
327
3457
3272
541
4356
850
3534
3235
5034
4159
3273
4997
3377
1914
1155
1845
1157
480
1901
3776
2025
3
5111
3253
4970
3362
3437
2644
5210
5269
2504
2398
5032
4709
2136
3039
3162
4840
1224
5267
1370
3952
144
448
2742
4597
5209
3761
1189
2685
2802
1586
3556
3933
580
1510
3772
1097
4333
3563
4689
1437
3181
4672
3013
3858
5239
552
2981
1172
4755
4285
383
4773
3743
4895
438
2415
1749
26
4847
2466
4444
424
2281
2057
1298
1202
2671
4394
1088
4164
4315
120
3821
2490
891
2866
2246
5051
4744
1326
2211
2
3781
3759
4417
946
5350
5014
2956
958
3532
3782
195
4739
2989
784
2713
2622
2396
215
176
478
3804
3257
4535
1293
3410
3524
2492
