842
4629
3188
3798
4713
4857
2820
5190
4242
4280
2454
5333
2643
1828
307
3714
375
2615
358
617
4794
1774
2955
3545
755
155
1331
1151
118
3769
5193
5277
1884
197
4022
2537
948
287
1018
656
2846
4512
34
1997
832
4991
660
1413
3259
306
1924
5066
4388
1375
3302
1951
2255
1145
2667
1238
765
4780
234
3951
2561
4291
1990
3710
4297
1472
4771
2301
1752
3736
3823
1888
1681
2570
1847
1223
2353
2554
280
2951
2481
2380
4466
3419
963
52
1715
529
4081
4578
4585
415
3208
1940
507
2867
4955
2889
1087
604
4718
822
4137
2704
4065
200
874
4518
3216
5225
4238
3100
72
4346
1804
669
1726
3256
4355
877
1066
3576
1053
5010
3194
5037
2043
2824
3624
331
3909
4732
1321
1369
540
3405
3842
2027
2013
2175
1027
772
2779
332
3851
1137
1863
1305
1980
5200
2058
1195
1373
84
4748
4177
4240
3986
2596
3171
2030
2655
3112
1264
4330
3149
951
933
2278
997
3122
222
2775
758
4026
5171
3476
5159
1571
2976
484
3239
659
2424
2617
5392
2563
2231
3915
5363
24
1672
4598
4077
3080
1760
3086
3528
631
3159
3730
261
2708
994
1701
1904
2323
2245
4674
1380
3957
662
2226
3506
4899
1125
2394
4203
3225
5086
1395
3439
4082
5255
4509
3393
3335
3969
5153
3263
4136
2405
399
4072
3961
5074
4419
4520
657
1277
3863
14
463
2124
3704
3784
955
5071
4784
3046
4967
2835
3172
270
1113
179
1287
589
692
1030
4347
3720
3615
5128
5143
3084
5114
2734
840
4445
3910
1191
55
773
4219
3082
296
1505
3722
1767
4892
4692
1073
2338
1875
3893
3600
5353
4105
1972
3865
329
1000
4296
4141
3483
4449
354
1891
1227
1072
3342
3002
681
5217
1426
1935
1457
1957
2153
1213
4226
325
3015
3310
107
3049
4871
2299
3169
3061
4911
5295
4947
2652
1077
3463
3623
4464
2619
3786
2929
18
304
575
3270
4452
5325
565
854
4560
5008
1824
2374
2463
3780
992
4293
2352
5030
1556
2330
4923
2557
512
3830
5195
5266
4975
5260
740
2874
815
3222
309
4115
3558
3474
3151
3218
2851
950
4308
3468
4074
3773
1592
1678
4299
3525
2202
2855
4716
2858
3779
2524
2790
1065
4366
4594
2222
4076
4098
5270
239
847
3382
4754
5400
1818
2616
4855
1743
4994
193
3577
4905
2947
4502
1404
1309
4846
62
2808
3173
4801
3353
218
4468
1539
1723
707
4259
2334
1906
3519
268
2427
4223
4678
1834
4952
3692
5240
3412
4877
1570
3855
2759
355
0
1329
439
4192
1766
1080
4191
5
2923
3095
690
347
2431
2595
1268
333
3451
1522
4453
550
691
4099
1121
4903
4850
1996
3626
2206
2110
1276
4745
125
2263
258
3446
2919
493
536
3431
1995
1247
1882
4374
2390
3551
4909
2873
2240
3056
2738
2935
3243
4494
1843
2979
4900
4637
3883
4914
3315
2011
4353
315
1023
3938
3321
5004
3721
114
2429
2322
3995
2593
1131
1983
3144
66
5027
2562
867
240
2740
5282
4204
3956
161
99
5172
4253
1201
4885
4703
2565
3254
3299
3928
2182
3081
1737
3336
738
1916
3864
769
937
2157
4650
4190
3595
3926
869
1251
224
3027
2556
4519
4187
2646
2653
1708
4410
708
4012
3898
11
2881
2293
3659
3278
3230
3108
2969
3867
187
962
3274
969
185
1903
977
2751
753
413
1526
4646
1761
2540
4266
1239
3987
4603
12
5151
1839
3207
5102
3574
1270
742
150
5216
5140
4995
5052
1768
4300
1872
264
4575
4918
2354
417
4933
1970
2962
4537
1108
2608
4047
2872
1898
1567
1392
74
3196
1936
3802
5138
4316
2224
3990
2448
1736
178
2633
724
1803
809
3401
2433
5078
1295
3731
4660
1186
1977
4973
1742
1744
3478
158
4027
5154
1491
4395
3179
4247
3993
677
407
2262
766
4619
5347
984
4940
4221
1781
293
538
2420
5330
1943
3590
2216
1968
4747
986
3303
1622
960
1632
3037
3383
43
2869
4544
3170
2319
4201
230
5280
3209
4966
1670
1169
1605
2275
372
36
912
1806
205
1463
4861
767
1093
364
595
2695
4830
3805
2913
4880
3318
4781
5351
2189
4320
1514
1765
1832
2412
139
1378
4317
1853
1994
4644
606
999
1368
1323
4920
3749
2984
243
3950
312
1057
4405
143
1858
4844
2822
683
4878
4851
419
2967
3104
2366
1410
1581
4208
2276
3094
4661
2753
1311
4413
1484
679
3085
3850
843
4186
1429
3656
1788
4723
862
1216
2763
3892
1589
429
2307
897
998
1480
5249
2059
4041
4910
3718
2007
1454
4416
4832
3596
764
4107
4616
4558
4559
259
406
1608
2260
2934
2469
3947
4459
4239
1827
285
1789
2571
4922
115
96
395
5401
2594
3846
706
2926
849
1085
2701
2135
4797
4714
1221
2163
4943
1422
1348
5132
5178
2112
3887
4274
3703
2074
1184
543
1467
2982
1706
2961
4929
1006
5273
1017
4954
368
3472
3267
3313
4735
942
3373
4116
1230
871
472
1459
2040
3455
1730
2432
4511
756
4917
3948
3670
5346
2451
1339
1550
4601
898
320
458
3762
5070
3906
5379
3935
3005
411
2039
2841
775
4404
2377
4152
3326
4568
4101
3102
2364
2589
1865
2635
1871
2921
2199
4455
1102
4808
4174
4932
2080
3127
3752
3998
4540
2210
3538
2890
3186
5023
554
4856
4054
4270
2793
3462
4246
5137
730
3376
3133
2610
132
2687
2306
1524
2198
3498
3592
3566
3853
1807
2670
4135
4817
3012
5301
237
1733
3152
3459
1143
582
559
3068
1389
1261
3101
3582
5404
4418
1663
3192
235
267
1219
2677
4189
3828
5050
2986
1659
5179
596
5061
2086
3286
4
1548
4586
5165
349
5063
2376
4546
3426
2249
3508
2543
491
426
1009
723
3509
194
1808
882
4721
2774
3378
2098
