447
928
4110
4153
1272
4700
1657
3639
162
2960
5174
525
4080
2748
4382
4432
3647
3105
4969
5287
4649
1727
1031
5126
4959
2496
4257
3852
2126
79
90
3482
5303
4538
1016
336
3716
1787
973
4630
2383
4131
2555
1075
3285
899
3839
4251
1621
2355
2003
3016
341
752
2840
592
5067
3501
4821
2602
3066
3370
3792
1471
1197
1308
1445
2795
4980
4361
3031
2150
5118
521
3325
4267
702
3740
2966
4807
4879
3050
2228
4071
4965
4964
39
5204
2499
3155
2848
2362
5214
1641
3628
3575
1265
2625
2180
1008
1256
4311
1011
4305
4795
1967
3416
922
129
3550
3622
3011
1431
720
2638
3663
1100
2640
4624
511
2282
3640
2287
4043
3485
3364
2887
2044
3307
5322
1686
745
2531
4876
4426
4775
2164
2660
602
363
137
244
124
4282
1460
5087
3709
1130
3530
1531
4013
4958
3671
1992
4318
1842
4435
2308
367
4946
2878
699
587
5022
646
3641
853
4400
2055
4125
393
5135
3057
4736
4351
2689
863
2375
3058
4680
722
1711
851
1232
5136
735
1035
4005
650
3355
2794
2493
1937
1651
4853
105
865
4870
2081
2566
2214
1114
1306
4286
1993
3607
2924
3117
814
1346
2272
5158
4962
1568
1112
4134
4613
4090
3942
201
530
4882
3292
2815
7
1947
2601
4868
4214
4228
5039
1366
2720
3553
5275
2194
943
4698
1512
4030
5276
1179
4441
785
398
4364
3288
1557
2862
394
2850
4024
452
3940
1423
2754
5018
2029
1600
4389
5382
4686
1702
2271
4362
5357
5053
2436
980
3448
3507
616
4939
5097
476
1124
2082
1782
4457
5103
1668
177
5321
1159
1693
275
3932
1707
3141
3537
3806
1022
5320
5334
2019
1720
4984
2325
2267
4369
1920
1476
1756
1128
3548
4691
3106
4595
2134
4865
291
5298
4941
3421
3526
4623
4701
4679
468
3296
1207
2787
211
4479
457
2103
2634
1478
4580
294
5223
1830
4496
3428
2464
4119
3705
4668
3053
981
2551
198
1126
2400
5088
2229
1864
806
4130
1386
2065
2885
2844
826
2541
5156
4244
4593
800
2915
1245
4902
5234
4976
2597
4350
1905
503
1344
2014
1455
123
4342
4096
4766
4625
4675
1163
2341
2627
3924
3726
4276
385
2144
2457
4945
2168
4384
2138
514
2012
3176
2676
3946
3363
382
4478
3862
1740
1991
133
301
2501
4725
3157
4205
1555
342
2239
3017
2406
420
4693
1802
4720
1724
4017
4182
4499
703
2909
2681
260
3517
2891
903
5076
1229
4539
1852
627
2411
4146
4677
4799
3583
1096
3968
2407
1255
2629
3329
4657
1902
3040
3033
1551
3848
5285
5186
481
2384
2336
5047
3212
5059
1387
3925
3916
1630
4722
3116
170
823
802
649
2558
710
5011
318
5317
4553
1175
557
2001
2397
2697
4322
2254
1738
3876
3022
5370
2598
1110
1866
343
861
4262
3645
2285
380
3425
638
2173
5213
4241
5031
2178
3432
249
46
1118
576
459
2722
5221
3797
4670
2715
2109
3799
4565
2645
2438
3414
1792
5084
4206
1578
1185
4893
5045
736
3158
2567
5101
4927
3766
1509
5127
4373
1877
78
4474
3023
3552
2430
3794
4304
547
4339
4117
3652
1618
1315
2171
3618
2265
1848
3471
4513
3899
2191
3282
535
1587
4971
5246
1352
4618
4827
2006
3466
2425
3568
4517
3357
2950
4684
4504
1248
3976
5241
4051
3988
1688
1909
4627
2968
4764
2455
2034
3045
4987
3054
20
2476
2679
1697
3334
3365
4985
2977
835
2709
3301
2508
1362
4890
220
4719
2859
2387
2123
4486
4155
639
876
2076
4363
584
2371
3392
1833
5163
5218
428
4011
4634
4577
3751
3324
911
4470
104
2895
3079
923
2827
930
2036
3059
4978
3473
4811
4806
5129
2217
3542
1123
4015
2037
4898
4951
2800
1282
718
813
1703
4415
3646
5265
2062
1252
4198
3249
1120
4737
497
2188
2468
389
2965
1098
4358
3790
5064
3096
1923
2991
1635
2618
4001
4641
4600
2801
1078
232
4461
92
2832
4734
229
4608
4179
3739
4256
1019
2707
85
1382
4028
2828
4541
1211
1913
2024
1713
3612
4561
2218
4458
949
1103
1365
359
2770
4403
1451
1508
5100
1466
561
4327
91
717
1050
3406
2475
2897
2141
3895
1596
2630
5089
4102
3770
1642
3549
668
3087
427
4151
990
5323
2350
3099
2128
1682
339
3258
3389
680
3399
5243
5288
1244
3907
4798
1150
4035
971
2107
371
10
3793
1793
3271
5354
3215
221
2092
3905
3699
2876
3361
5230
111
2250
2345
1300
3836
837
3827
1398
2264
1312
2517
2842
1735
3833
2545
954
5244
2439
3881
715
2018
1281
3063
485
56
3904
3514
1762
1154
3869
4791
5231
1597
2650
778
98
3420
517
3912
2688
5372
1214
3800
4163
330
5042
160
3003
4211
3690
2886
3562
3140
5092
386
1218
4225
282
4287
2009
3642
4044
4843
3358
1335
5095
3025
2784
4451
2506
1443
1772
3822
2987
1070
2811
1109
2117
1286
4283
4632
3522
4652
3711
2313
1034
3593
4097
328
3889
4612
3350
5026
2958
1424
5329
4003
3223
4521
4483
131
4056
2473
2303
932
3735
3139
5116
4710
4935
4789
1319
1613
1778
1146
496
4690
5290
3477
1519
2603
2314
1741
4617
3411
3594
2731
4476
811
637
1823
1669
2940
4654
3644
4704
5336
1633
2268
2073
2143
5197
2511
866
5268
1492
1178
1631
4161
145
1425
1662
404
217
1144
4960
3327
3064
4563
3579
5173
1554
3970
3164
5199
5324
598
351
4760
4332
3812
2273
3001
4007
3309
5365
4872
3664
593
1718
4881
2899
5024
3304
2856
2315
2008
225
353
4707
4008
528
3197
3959
3974
1196
2482
3175
2884
947
3661
4386
1209
4529
466
4218
3041
4620
4064
5110
4733
2342
5345
2484
1985
4614
4726
4109
2658
1676
4835
1976
4319
3533
938
3021
4949
687
4114
4220
2992
842
4629
3188
3798
4713
4857
2820
5190
4242
4280
2454
5333
2643
1828
307
3714
375
2615
358
617
4794
1774
2955
3545
755
155
1331
1151
118
3769
5193
5277
1884
197
4022
2537
948
287
1018
656
2846
4512
34
1997
832
4991
660
1413
3259
306
1924
5066
4388
1375
3302
1951
2255
1145
2667
1238
765
4780
234
3951
2561
4291
1990
3710
4297
1472
4771
2301
1752
3736
3823
1888
1681
2570
1847
1223
2353
2554
280
2951
2481
2380
4466
3419
963
52
1715
529
4081
4578
4585
415
3208
1940
507
2867
4955
2889
1087
604
4718
822
4137
2704
4065
200
874
4518
3216
5225
4238
3100
72
4346
1804
669
1726
3256
4355
877
1066
3576
1053
5010
3194
5037
2043
2824
3624
331
3909
4732
1321
1369
540
3405
3842
2027
2013
2175
1027
772
2779
332
3851
1137
1863
1305
1980
5200
2058
1195
1373
84
4748
4177
4240
3986
2596
3171
2030
2655
3112
1264
4330
3149
951
933
2278
997
3122
222
2775
758
4026
5171
3476
5159
1571
2976
484
3239
659
2424
2617
5392
2563
2231
3915
5363
24
1672
4598
4077
3080
1760
3086
3528
631
3159
3730
261
2708
994
1701
1904
2323
2245
4674
1380
3957
662
2226
3506
4899
1125
2394
4203
3225
5086
1395
3439
4082
5255
4509
3393
3335
3969
5153
3263
4136
2405
399
4072
3961
5074
4419
4520
657
1277
3863
14
463
2124
3704
3784
955
5071
4784
3046
4967
2835
3172
270
1113
179
1287
589
692
1030
4347
3720
3615
5128
5143
3084
5114
2734
840
4445
3910
1191
55
773
4219
3082
296
1505
3722
1767
4892
4692
1073
2338
1875
3893
3600
5353
4105
1972
3865
329
1000
4296
4141
3483
4449
354
1891
1227
1072
3342
3002
681
5217
1426
1935
1457
1957
2153
1213
4226
325
3015
3310
107
3049
4871
2299
3169
3061
4911
5295
4947
2652
1077
3463
3623
4464
2619
3786
2929
18
304
575
3270
4452
5325
565
854
4560
5008
1824
2374
2463
3780
992
4293
2352
5030
1556
2330
4923
2557
512
3830
5195
5266
4975
5260
740
2874
815
3222
309
4115
3558
3474
3151
3218
2851
950
4308
3468
4074
3773
1592
1678
4299
3525
2202
2855
4716
2858
3779
2524
2790
1065
4366
4594
2222
4076
4098
5270
239
847
3382
4754
5400
1818
2616
4855
1743
4994
193
3577
4905
2947
4502
1404
1309
4846
62
2808
3173
4801
3353
218
4468
1539
1723
707
4259
2334
1906
3519
268
2427
4223
4678
1834
4952
3692
5240
3412
4877
1570
3855
2759
355
0
1329
439
4192
1766
1080
4191
5
2923
3095
690
347
2431
2595
1268
333
3451
1522
4453
550
691
4099
1121
4903
4850
1996
3626
2206
2110
1276
4745
125
2263
258
3446
2919
493
536
3431
1995
1247
1882
4374
2390
3551
4909
2873
2240
3056
2738
2935
3243
4494
1843
2979
4900
4637
3883
4914
3315
2011
4353
315
1023
3938
3321
5004
3721
114
2429
2322
3995
2593
1131
1983
3144
66
5027
2562
867
240
2740
5282
4204
3956
161
99
5172
4253
1201
4885
4703
2565
3254
3299
3928
2182
3081
1737
3336
738
1916
3864
769
937
2157
4650
4190
3595
3926
869
1251
224
3027
2556
4519
4187
2646
2653
1708
4410
708
4012
3898
11
2881
2293
3659
3278
3230
3108
2969
3867
187
962
3274
969
185
1903
977
2751
753
413
1526
4646
1761
2540
4266
1239
3987
4603
12
5151
1839
3207
5102
3574
1270
742
150
5216
5140
4995
5052
1768
4300
1872
264
4575
4918
2354
417
4933
1970
2962
4537
1108
2608
4047
2872
1898
1567
1392
74
3196
1936
3802
5138
4316
2224
3990
2448
1736
178
2633
724
1803
809
3401
2433
5078
1295
3731
4660
1186
1977
4973
1742
1744
3478
158
4027
5154
1491
4395
3179
4247
3993
677
407
2262
766
4619
5347
984
4940
4221
1781
293
538
2420
5330
1943
3590
2216
1968
4747
986
3303
1622
960
1632
3037
3383
43
2869
4544
3170
2319
4201
230
5280
3209
4966
1670
1169
1605
2275
372
36
912
1806
205
1463
4861
767
1093
364
595
2695
4830
3805
2913
4880
3318
4781
5351
2189
4320
1514
1765
1832
2412
139
1378
4317
1853
1994
4644
606
999
1368
1323
4920
3749
2984
243
3950
312
1057
4405
143
1858
4844
2822
683
4878
4851
419
2967
3104
2366
1410
1581
4208
2276
3094
4661
2753
1311
4413
1484
679
3085
3850
843
4186
1429
3656
1788
4723
862
1216
2763
3892
1589
429
2307
897
998
1480
5249
2059
4041
4910
3718
2007
1454
4416
4832
3596
764
4107
4616
4558
4559
259
406
1608
2260
2934
2469
3947
4459
4239
1827
285
1789
2571
4922
115
96
395
5401
2594
3846
706
2926
849
1085
2701
2135
4797
4714
1221
2163
4943
1422
1348
5132
5178
2112
3887
4274
3703
2074
1184
543
1467
2982
1706
2961
4929
1006
5273
1017
4954
368
3472
3267
3313
4735
942
3373
4116
1230
871
472
1459
2040
3455
1730
2432
4511
756
4917
3948
3670
5346
2451
1339
1550
4601
898
320
458
3762
5070
3906
5379
3935
3005
411
2039
2841
775
4404
2377
4152
3326
4568
4101
3102
2364
2589
1865
2635
1871
2921
2199
4455
1102
4808
4174
4932
2080
3127
3752
3998
4540
2210
3538
2890
3186
5023
554
4856
4054
4270
2793
3462
4246
5137
730
3376
3133
2610
132
2687
2306
1524
2198
3498
3592
3566
3853
1807
2670
4135
4817
3012
5301
237
1733
3152
3459
1143
582
559
3068
1389
1261
3101
3582
5404
4418
1663
3192
235
267
1219
2677
4189
3828
5050
2986
1659
5179
596
5061
2086
3286
4
1548
4586
5165
349
5063
2376
4546
3426
2249
3508
2543
491
426
1009
723
3509
194
1808
882
4721
2774
3378
2098
