233
1002
986
682
162
19
761
156
533
676
376
556
850
221
121
389
331
403
399
431
842
691
429
700
194
177
907
843
777
596
961
310
999
725
604
677
1003
256
196
78
794
832
508
659
798
394
220
498
371
215
52
59
1028
60
248
928
607
244
390
996
29
1013
450
502
100
447
967
962
22
223
393
569
442
67
140
947
35
435
449
867
634
890
470
916
617
828
819
800
170
161
857
288
994
562
422
795
692
782
684
131
520
300
293
770
921
465
175
923
694
583
899
975
568
785
655
810
348
760
511
124
951
448
669
8
68
575
119
984
428
845
721
663
487
96
837
891
17
147
517
227
275
990
935
316
893
235
439
985
885
889
807
978
182
699
1000
742
1004
412
516
997
875
743
696
337
432
204
779
847
395
983
801
541
154
1006
13
956
895
631
107
183
529
515
593
264
572
174
342
42
622
796
780
228
88
606
728
764
746
31
717
303
148
238
368
550
474
521
302
1027
769
317
132
273
675
367
151
987
989
10
37
266
290
32
364
1024
933
695
756
411
932
11
6
762
475
518
753
507
92
483
129
554
190
388
157
492
553
922
144
629
5
56
20
616
840
667
468
1001
198
940
189
980
207
351
103
362
501
786
576
881
71
643
598
307
345
325
211
540
861
158
97
681
138
747
910
284
70
738
169
710
258
178
530
718
783
565
737
2
570
559
358
642
712
1017
815
702
476
595
748
903
481
24
491
252
456
1015
153
594
586
323
260
584
326
661
407
614
332
793
75
585
489
912
263
730
409
386
309
874
841
1010
110
304
660
658
222
787
814
647
50
971
644
809
797
57
547
536
605
123
768
929
872
106
706
1025
89
421
216
549
391
1012
920
109
950
792
149
848
467
210
46
504
926
242
472
752
601
977
514
734
637
436
254
937
116
944
846
239
270
776
230
236
526
341
214
860
732
657
420
159
687
41
36
27
865
299
291
271
519
385
931
370
87
356
966
441
904
755
66
473
767
763
79
493
262
927
336
34
557
496
626
561
934
733
579
693
590
567
524
686
509
613
165
512
878
804
879
826
95
104
349
226
981
180
833
328
662
425
282
645
459
745
45
869
582
234
964
883
574
648
251
101
646
707
820
954
806
12
823
924
566
610
772
615
340
359
372
250
906
133
948
709
427
911
350
1016
192
85
976
94
543
918
528
297
993
775
301
751
636
545
289
82
813
624
61
28
265
970
965
726
884
630
982
305
811
451
563
914
958
237
324
281
844
188
805
231
40
167
689
269
171
4
295
1018
839
979
163
724
64
952
1021
202
701
49
754
685
486
482
719
319
195
714
333
108
313
205
73
856
352
729
697
671
199
917
277
897
635
54
1008
91
973
379
369
166
308
232
641
115
365
102
880
63
974
901
791
18
3
522
612
808
53
938
243
870
913
711
863
410
749
625
471
1014
146
611
128
957
818
118
21
627
621
423
580
76
83
197
1019
915
294
208
672
902
670
1020
894
127
968
949
346
673
344
599
7
632
882
831
609
141
873
858
1005
401
413
112
335
829
434
117
283
608
314
652
181
382
206
723
544
866
375
960
698
286
184
740
179
380
396
618
387
69
555
744
152
765
603
908
855
683
477
318
532
668
443
591
1009
495
246
784
871
168
538
186
137
415
39
219
212
939
86
245
905
628
354
619
678
490
664
259
257
499
851
480
47
445
623
164
527
484
400
525
834
122
651
500
941
62
963
704
600
136
343
200
81
759
551
272
836
373
143
812
943
816
469
485
315
339
830
65
453
173
268
523
892
665
135
280
821
424
58
464
799
720
113
531
822
452
503
414
142
666
835
708
942
355
360
534
338
437
334
1011
454
357
588
9
402
16
876
84
247
255
773
757
972
727
592
225
191
739
1
276
537
1022
426
416
817
187
329
750
560
218
298
111
589
900
722
457
90
546
497
93
398
674
405
150
406
384
320
558
240
639
741
433
758
868
201
535
160
862
392
478
654
185
991
716
789
353
992
919
638
347
145
577
649
438
790
849
446
853
506
713
898
466
736
363
896
311
731
505
455
548
930
327
126
581
542
253
74
322
959
690
925
988
877
766
680
778
213
573
14
602
640
306
99
209
946
130
278
43
715
462
366
114
98
864
953
285
458
241
1026
261
969
513
374
408
274
444
30
330
578
1023
77
571
656
854
417
1007
479
287
494
404
38
460
296
859
705
176
461
430
134
909
827
48
781
679
995
774
229
936
292
419
312
945
463
80
23
653
440
735
825
650
488
33
539
26
552
139
397
55
703
597
321
381
51
155
838
120
217
224
193
802
105
15
25
