1117
683
2201
240
2537
851
441
1021
1504
2446
1032
1811
4811
3479
2993
4754
3992
1841
287
1619
499
5343
2104
984
1381
4085
3172
3635
1228
1799
2188
3314
5267
4726
5391
4312
1166
4523
2579
1452
3373
1356
3399
4183
4020
2133
345
3892
4816
5058
3250
4836
1155
2674
2294
2738
2132
742
3588
4579
2749
4030
5077
3423
1122
2549
239
3226
528
290
3576
3075
4460
100
5364
435
2508
4685
4697
3495
748
3053
687
2176
5161
1162
4769
1793
4515
595
2500
4767
1627
1529
4246
1093
184
4201
173
1937
3467
1399
335
370
4386
732
3284
5339
549
3464
101
4676
10
3866
1710
4887
2261
917
4003
4279
2153
1660
4539
1686
3964
4411
17
3362
2728
834
720
5194
4824
2520
1210
4226
1310
3829
1969
1933
4509
817
3900
2422
2694
4251
1201
2578
1185
3827
5148
4045
2228
2135
157
4982
969
4678
4541
3497
1816
1060
5226
2926
2957
3819
86
1241
2586
215
973
3482
2335
4033
1191
1364
392
3084
4467
3771
3194
5378
903
1390
1163
1525
1747
4946
3729
5354
5046
634
1664
924
3983
1565
2960
930
3605
282
4428
3887
110
3154
4498
1017
2197
614
3702
3532
3631
2704
3851
4834
2506
4686
846
374
2377
4329
4319
2812
1778
1114
2130
1754
2709
3571
4910
2460
4074
4708
486
3361
4277
4181
4430
1696
5225
3364
283
5185
2724
3324
1742
3233
4122
257
3707
4439
4114
3826
5317
4000
2769
2671
1218
4175
4502
30
4762
4661
3410
5042
3398
3268
356
2720
976
1413
4728
4621
1316
4425
3927
5069
4139
1298
1965
4555
651
4415
1353
3960
1016
2984
1455
1259
2731
1128
627
1195
2714
5353
4135
3001
1344
4867
1282
4342
2400
1654
1173
4706
4203
2480
2118
1676
1067
494
1029
99
2482
4331
5096
2125
1918
883
540
1536
3566
2155
1392
1417
1520
5000
3747
3958
2402
4294
2795
850
987
2914
3531
5312
4818
4610
696
4188
1560
2295
4588
2351
514
4628
4212
4097
1206
810
205
3492
425
153
4648
4596
77
3562
3067
398
1713
164
2337
1059
3879
149
705
1341
3183
1772
4903
2716
2509
4938
2477
3664
3400
1712
662
5168
4293
1753
781
3004
3197
5321
502
4804
2610
3234
2659
29
3200
3302
630
125
5067
649
1479
5037
2087
2206
3860
1443
4028
1446
3694
3259
2894
5249
3915
1216
2166
3519
3524
4912
5151
4674
4489
1458
2767
5213
3205
3262
1420
2994
4390
3156
1103
3894
616
2835
3134
5078
2939
852
3693
4654
4615
2639
4554
314
2168
849
4010
4475
1362
2733
948
1447
1125
2127
1926
322
1964
4263
1822
749
1082
3258
1153
1291
3716
3838
4254
4528
1063
694
4499
1920
423
81
456
2494
2430
2279
5017
5273
2299
3814
2379
5204
4361
5068
5056
2961
4435
1418
3870
4821
1777
1589
3298
1779
504
970
4750
946
4945
3254
4953
245
1062
1723
2673
3384
1107
4964
2264
1704
1748
96
5149
94
1595
3979
2827
4273
968
5184
4359
2275
4702
2597
2498
555
3074
4933
5271
3129
4377
3352
5341
4625
2777
861
4228
2554
1190
912
1022
3480
1202
2810
1936
2599
4840
3874
1556
4407
3208
1213
5083
2631
5382
1066
5189
1105
2833
1990
3058
2801
1302
1966
5108
1854
3014
1763
4400
4775
2584
2945
4633
2665
367
967
3450
3622
3623
3350
3700
5187
1614
2925
464
2078
5169
894
3921
4712
198
1980
2568
4182
1557
4355
3366
4504
608
3223
427
5117
2552
2339
2662
5308
1847
3715
4848
4219
3598
2849
3501
4916
3592
3510
500
5190
699
4784
3539
193
2371
4134
4688
1705
208
3636
4308
4387
1761
1650
1687
2790
329
3414
4275
1720
609
4057
2411
4206
2227
3434
2463
531
718
320
2301
112
4970
3237
468
900
5121
1724
5345
1859
2776
455
2629
3698
2575
31
786
4013
1075
3968
2012
2108
3610
3000
3989
1249
4803
4643
4080
3910
890
685
2290
4975
3767
5404
4734
3922
4787
1027
4416
4915
3280
3176
3023
1306
57
1430
2707
2783
2307
3261
853
2635
5203
2606
449
180
286
918
1008
1133
2412
5174
5163
1914
1782
5310
4835
1905
893
1791
4323
3365
1243
3383
5400
2764
2651
3063
1295
2602
4280
344
2345
2912
4559
625
2006
355
5008
1963
1930
1013
638
2965
2338
3068
3357
2747
2933
3018
5298
138
4289
2230
1876
4577
1889
136
4770
2164
4812
4103
3834
3513
3141
1252
3514
754
1160
262
2075
5385
3844
3840
3568
2571
1505
88
2758
3995
4837
1856
1098
1240
3843
1176
4197
1581
2573
3572
3328
2878
5377
4677
542
26
4385
686
1773
4863
2213
2955
4115
1104
3465
878
1106
2459
739
673
3189
3220
388
647
145
3138
2003
1444
4556
1590
512
4609
304
4989
3709
3123
1813
419
517
1547
2988
3803
1311
2073
4173
1325
2677
4338
2258
177
3457
505
3190
5233
2877
1701
45
1639
142
4413
3191
2421
5105
5003
199
3854
4281
4327
936
567
4113
2496
804
4190
2304
774
1775
3169
763
3784
4874
3752
5209
4573
2464
5302
2120
3912
784
3720
4918
491
5405
5269
1675
2779
2543
1329
2970
3291
1415
3010
3565
3277
4806
2207
937
1028
3681
332
653
2607
2977
3035
2049
1031
2788
3856
204
4716
1588
3213
4238
5228
4587
3151
668
1959
1513
2502
156
1212
5221
4292
1369
4039
4236
671
4381
4896
905
4630
5315
2723
1642
3461
350
3276
2068
3782
2755
1266
2966
1135
436
396
2310
711
1184
1348
1885
3199
2388
1729
4296
1011
40
3346
1517
5331
5025
4185
4619
62
633
5051
3498
5316
2696
5261
2730
4814
2846
4978
1611
2367
5130
4849
4599
3163
3195
1040
383
2841
3269
2467
1148
772
5103
1574
4604
2513
1409
4339
4118
4404
5182
2743
479
4586
