1073
1884
34
2457
5137
600
375
3657
3772
3556
5141
4799
1379
4869
3281
875
2660
489
4239
3139
2163
1124
4701
5387
1372
4488
4366
2484
4930
5080
2553
2742
1387
4056
3239
5179
4830
4613
1044
3345
2373
3104
2157
3634
5338
895
1460
2998
1580
2589
4005
2904
242
484
3086
3473
1726
2364
5085
999
3489
458
2468
76
642
2395
3839
1267
582
2551
4348
1866
3641
4571
3993
5104
3917
713
4268
5154
5340
2209
1602
580
1732
1707
4208
1459
1220
3105
2784
4893
3446
1875
3026
4046
3135
4469
2976
213
4370
3131
5299
2968
3597
5135
1132
2247
4922
3255
5065
794
2179
183
1456
3737
1996
4920
2750
4753
4792
746
1113
4180
607
4507
4817
1684
111
1265
1904
1382
38
5266
3021
3763
942
3957
741
127
1939
1900
913
447
3493
1873
5087
1232
4727
4163
3218
3153
3986
467
3920
5229
2363
4827
1940
60
3039
4168
3336
2048
3802
3209
666
4446
3468
2403
4928
3788
4820
1637
1320
4592
1677
1469
2472
3825
3379
1599
3546
923
3421
2545
1606
3872
3358
5006
1330
3578
340
1615
2009
5328
3667
838
2899
4782
1058
2873
2592
12
123
2947
2744
5053
4875
2703
3522
3273
3015
1783
3027
4376
3114
578
3011
4550
1612
785
3768
2890
1770
2901
1759
5303
2638
4008
4276
5262
1193
3458
1158
618
2174
897
1910
2292
3041
2251
4519
2437
5115
313
4487
4486
4252
133
2842
2165
330
2746
299
1711
3045
4440
318
3627
5200
3773
4133
4999
1628
4961
3375
1491
3726
1585
3918
3315
3095
1838
765
4627
4798
2932
721
3888
688
432
2802
5118
389
3182
3048
2891
3274
2822
4451
3202
3697
3337
2079
783
2715
407
5365
1788
1989
2853
623
4144
881
553
5122
4422
5362
4512
4749
2649
1861
4597
4513
1694
1095
2821
4719
83
5012
336
5075
3985
4109
3295
855
5155
144
473
1056
1575
3405
3573
564
1995
2583
4906
1944
4071
2177
3815
2325
3630
1863
2964
1233
1336
2741
3893
2199
2217
5039
4994
3613
3899
3167
3500
5211
2757
476
2320
3076
1789
5191
2887
5146
1771
2436
5158
2948
1077
2748
1501
4774
993
2991
1292
207
3929
4520
2560
953
3603
2137
308
2539
5259
2778
4808
5346
2031
3621
1355
4788
3088
3809
1528
876
4737
3059
2404
508
4497
3030
2497
916
