3443
2710
440
2550
3862
4036
4909
1843
2475
3713
1671
3944
3552
5330
43
228
2682
1916
884
4345
3868
4291
833
4270
5218
3925
3530
2870
1288
2667
4693
2640
3976
2410
1647
1057
2102
278
698
2661
938
1673
565
2366
3330
1034
4872
2928
3766
2398
4544
2429
5355
3911
4332
1932
3057
1683
5242
579
5181
635
4879
522
4017
120
2148
1440
983
1604
4594
3633
1857
5202
46
2440
4995
5237
2794
4998
3462
793
406
1002
3859
4698
2092
868
4885
3863
4466
266
3119
4547
4777
4689
2448
3253
328
4996
65
907
4888
4576
1119
4207
3287
2866
220
5323
3553
703
1050
4295
1096
2645
1131
5102
3460
2999
497
2432
3620
3898
2935
2237
4052
4850
1349
248
4742
2982
4992
2245
1641
2229
2171
265
4006
626
3396
6
2885
3111
5210
1917
1174
530
1638
1403
2384
2529
1203
3624
824
4128
1571
4369
3916
4969
2532
631
3386
3932
3590
4993
3570
4034
306
639
1071
152
3753
279
1313
1033
1848
97
3508
4437
4248
3170
1548
5243
3913
1230
788
692
4649
3130
3204
2992
2893
4659
210
1275
2855
2271
2215
982
2760
5291
3341
1270
1634
1108
2099
4124
1272
2615
4908
4412
2654
36
5212
3033
4271
4842
1342
3949
931
1375
5326
2668
496
5071
3132
5370
641
2940
4581
2392
420
4557
1435
4346
1929
89
178
2330
2514
2272
2781
990
2193
3387
1869
465
5047
3393
558
995
492
132
1014
352
3751
1449
2953
1897
243
1047
310
4264
1551
4614
82
5231
2564
115
5356
1507
4368
4763
1530
3060
1824
2250
4069
4088
1974
324
3599
2672
3961
2985
2053
3946
4314
2697
1537
5278
5004
1845
4121
490
1535
2387
4324
3308
3663
2684
4607
5027
1883
3708
3147
3043
159
3585
1886
315
3181
1428
4290
4527
4438
2447
1993
3895
14
417
3211
5116
3701
2919
2445
547
1827
3120
5100
3719
1810
2503
4232
3081
3318
4429
4463
2670
3271
4606
4204
1177
1437
1610
2221
182
3733
4091
4759
2930
4549
2051
3225
4715
1542
2451
5396
2646
2808
4884
3196
8
559
4388
1776
2151
3192
2773
3203
5227
1957
5062
2389
4100
3381
4406
4552
2026
2298
4177
1208
562
1533
1442
1757
615
3288
1094
1167
697
4826
2819
586
2189
1205
1921
3478
1497
719
1808
4846
899
1001
775
1563
1303
2169
2492
2669
3079
346
4330
4250
2745
1065
1625
3558
2284
3322
347
1468
2544
3118
1635
3690
5090
729
3127
1744
637
5380
360
2128
2332
2186
3821
1164
1030
2889
1901
5248
2052
3424
4431
3743
2805
3412
5282
4196
4768
2315
3525
402
1679
1564
64
2522
3416
2096
4629
1221
1332
4901
1333
4505
3776
4478
1473
4441
3756
836
295
1727
438
557
1819
3818
495
2540
2126
1568
3249
3217
481
1051
3394
4764
2004
682
943
2035
4919
766
2721
1569
4880
5253
2408
3306
669
4618
4800
1636
4662
811
4099
13
1397
4255
166
400
4987
5159
1831
1765
4399
1084
1383
1802
955
1386
3942
3732
2453
3533
523
235
2407
477
1755
921
4732
1367
2600
2786
3516
4856
1236
3005
1725
1315
4714
3264
4962
1828
1377
829
2836
424
1809
2465
5307
1578
2013
59
731
725
2954
2918
3428
121
2143
1378
1309
2701
4914
1787
4479
351
677
5013
2240
1020
4757
2202
5142
1514
1633
925
2160
3799
354
779
4083
1407
2170
2474
4492
1894
1121
4600
2204
3198
3355
3589
3231
1864
3158
3559
1842
5005
1862
2751
2563
3832
525
3178
3312
3670
2131
2175
3841
5360
2927
3469
3795
4378
3649
179
5123
1593
4244
4644
680
4320
5402
387
2558
2396
1882
789
2525
1906
4027
2898
3625
3378
2664
384
3025
2603
2797
3224
2289
2814
3080
2997
950
524
1756
3385
4778
4302
4937
1178
2319
4031
4580
1215
617
4658
922
978
4532
7
4357
4398
1550
4223
5032
1835
4491
4870
4956
4740
1227
2266
2652
4352
3612
1852
809
4282
701
1750
2759
3671
2141
1254
437
535
3984
1807
4227
4569
4682
4495
3317
3675
1010
108
3665
1189
460
4823
1567
573
3972
710
4650
4939
5014
4347
4667
2913
5070
4073
3938
1024
3884
2287
3798
1312
338
2838
4717
27
2785
1269
1250
5178
5
2548
4482
3435
611
3267
1072
2872
3846
1913
1130
1953
1007
2300
4189
2811
1331
2461
2324
4506
3793
808
4923
1870
3797
4037
4344
2854
264
5358
3791
2376
2527
1689
526
1159
5020
3136
4501
1429
413
2449
2692
4436
1142
972
3511
3545
442
84
3554
2443
3903
1719
3229
610
1952
93
5107
4155
1986
506
3883
1370
409
3334
317
5172
5029
3672
5376
3481
991
4518
3842
80
3608
1850
1490
5368
4335
297
4683
251
3236
5061
1605
4380
114
4651
2023
4905
3907
1511
4924
4138
4882
4409
3941
1261
4199
1519
5288
1591
2907
2815
2321
752
414
5099
2530
4077
1054
2359
2616
148
871
660
103
2405
620
4864
303
2695
1467
3102
3112
3122
4328
3806
4029
3769
5349
589
102
2333
3977
3046
3717
5379
4771
2027
5250
4141
4941
273
847
513
3948
1738
2683
3353
4423
3534
2014
2356
4081
3115
1088
879
4756
2538
4104
3504
3955
4966
2577
3847
3786
4001
3440
2066
2233
439
3092
3638
3496
4598
3750
1
675
5285
4402
2533
5048
1229
2650
3456
4965
3376
1665
119
2879
782
4781
597
2110
3301
1376
3061
603
2198
4087
2190
4002
4860
4261
5091
3937
1500
1915
5139
3919
4773
769
342
1347
162
821
827
3408
532
1023
4272
1540
3739
4638
1400
3586
2114
4075
2851
377
751
812
877
796
3340
1786
1170
2257
4449
4373
4198
747
5094
1510
2911
933
2243
2567
4448
3222
4247
3463
4358
3144
621
5101
2768
3022
3706
4458
4873
3107
71
