1285
2038
1004
195
1283
516
1475
4958
3263
2354
1253
2839
4082
2587
1836
2840
684
3617
5133
3430
3470
758
4564
1951
3485
1080
4637
3100
3296
4681
451
181
4968
3770
1129
2223
1834
3431
1631
1760
128
3433
5015
1718
5119
3837
1426
1909
1524
3849
963
652
1680
2734
4876
4959
3886
3575
349
1891
4160
2208
1666
2456
3047
371
3098
327
3367
1621
1448
678
3036
5329
2015
4731
1493
4459
1340
39
3727
35
4578
4680
1474
4670
3804
410
191
992
2718
908
4433
22
3721
2196
5332
4015
3145
461
2780
1600
4713
269
2329
3356
4129
1522
2910
275
3679
2614
1736
4382
4187
2378
3316
2074
2632
3794
471
2510
1805
1360
4895
2093
3926
5296
4752
5337
5290
4972
911
2105
1083
2255
1134
294
2774
1971
1102
2938
1069
3216
3577
1629
3820
3166
4894
2094
4566
4983
3876
3951
2556
1276
4176
4881
232
823
604
5263
1618
2106
561
3540
4593
4304
4235
4710
1260
977
4942
3823
3089
2493
3488
714
4623
2972
2194
706
2824
4871
4321
4943
3865
4704
4136
753
2535
2121
2034
3024
543
3077
4535
3484
576
4351
2144
70
1566
1109
5371
865
4025
1112
353
2637
1053
998
544
300
2863
5265
1658
4403
5389
5074
2861
4484
3171
1903
3673
4200
3908
3748
196
403
503
1438
3595
2820
69
5284
3034
1187
1410
3437
3113
2030
4671
63
3403
5403
4857
2349
2990
657
4724
1790
399
2218
3775
4156
3521
640
1477
2618
1678
2083
5016
5367
4178
1960
2394
4760
186
2763
2316
390
4739
3858
1318
656
4721
5257
3368
1476
3297
4171
2702
3313
1352
4193
4326
2462
3618
570
3360
2871
3684
2054
5109
4157
3648
2161
2825
515
2085
2969
3466
1204
4496
3563
1549
3950
548
2726
463
5035
4533
1154
1492
745
226
2098
1938
3049
3674
1543
1688
170
4585
5186
1820
5277
1878
854
3705
1258
4531
2882
3853
433
693
650
2063
1055
2037
4653
733
4700
2975
15
1968
1480
3873
2942
1559
4454
2605
5251
2246
2226
2008
3240
1651
4297
2868
1408
2518
3486
2216
3097
2214
2212
2115
368
3678
2771
5386
4883
5214
1495
359
2862
4973
4538
2803
493
1693
3660
1465
2374
5357
3009
571
1945
1175
551
1145
4575
411
4120
3930
5324
3305
5309
472
2843
1181
1596
1728
2185
2297
2372
4243
3661
1361
3201
1186
2766
4354
3442
4572
2238
1874
1826
1211
3579
760
3626
5305
536
1478
1451
4935
4322
4371
4395
1661
385
738
707
5344
3389
4911
815
2713
3133
5160
5034
1768
2559
2442
1064
1622
1239
3580
4608
4365
1366
3319
1715
2441
1954
661
252
2897
4066
2414
979
4253
3078
416
3452
3407
5325
1767
2116
98
2874
1358
5195
4984
857
284
2847
3754
797
4210
1752
2252
362
2242
3555
1225
2979
1494
3070
4986
3857
1830
1608
2569
2181
4785
1237
1149
5224
188
842
4142
1797
3909
1326
1994
3785
550
4317
2326
1111
1454
3110
994
1739
3321
3956
52
474
4530
1074
260
4699
2236
2917
55
1339
5300
4960
3143
5388
1941
4886
1709
3990
4093
4286
4624
2162
3574
366
1168
5162
3503
545
4997
470
830
2601
1934
4452
2729
2653
1573
5192
2040
5026
1461
3757
2643
664
655
2348
518
28
1902
3614
2860
2262
131
3417
896
757
1251
4748
4645
539
4570
2362
1273
1586
450
4725
5045
4809
326
2417
2423
267
2101
2630
3655
2959
1735
3286
274
3257
1632
4889
4191
3016
3037
624
2598
715
3342
4929
3606
2270
773
3923
5144
2478
5197
2547
104
5219
3885
2705
1919
4745
1695
1527
869
3448
874
92
1482
3157
945
224
5147
255
575
1140
3325
4786
2996
4145
1942
5059
3688
2084
4078
872
790
3071
2050
1138
4789
5245
3658
1286
2433
1624
2542
2762
2005
1950
3581
2989
3761
2895
3064
3512
1262
1334
3099
2113
1803
1280
1798
4828
4047
1523
4220
5293
3124
404
538
5281
2358
949
2318
3604
2634
674
1393
3536
3415
4950
3755
2986
3506
5166
5336
4217
2140
3981
2385
584
2046
2091
2268
4363
2876
1487
4216
1781
19
4675
3936
192
5295
391
2476
1481
3006
3725
4043
118
4622
778
2278
2687
5018
1584
4090
3056
2973
1890
4855
1682
1653
4595
4656
1245
2557
3735
743
4225
3422
2625
66
2033
727
2334
1026
3584
1868
4617
4464
280
4032
5234
3824
4526
4301
2576
2641
397
1389
3212
1395
2792
2858
4054
5110
1472
4500
4664
507
605
4070
764
2655
325
1224
348
3973
292
5216
4976
689
323
856
422
79
3966
1092
1222
337
1411
2906
3420
2657
1161
1887
3184
3344
3137
4408
369
194
1463
1406
3695
4858
2495
3116
5350
4913
2617
1388
2107
5207
966
5079
1844
5254
2024
68
5153
3954
1509
5188
596
1394
4288
2071
2056
4665
339
2628
246
3845
4426
5252
4169
3645
4829
2122
4859
4405
882
4470
222
3335
2566
3082
1434
1922
2082
3596
5170
1583
2086
5019
2490
1911
3774
2231
1731
3711
820
4102
4900
1431
735
4242
4766
3246
2029
4062
722
90
3978
1872
654
4313
5036
2383
723
3242
909
254
2581
3560
4687
167
3339
5086
2070
1043
1018
288
1792
5175
5009
2150
4481
2283
2044
175
421
3235
2534
459
2636
426
2845
3740
5215
4194
2
1598
3040
2061
1314
708
819
4021
4068
4218
2648
3038
1486
3682
1324
2222
2327
381
1895
3712
5177
4240
4988
5040
5260
888
5081
1000
1412
5283
3327
3032
3347
1196
5255
1351
2761
73
952
1730
1888
3738
3779
5180
281
3683
2282
996
4038
1833
679
4410
5256
241
964
3007
3429
3994
483
1881
5038
2686
5033
1284
4195
2043
4417
25
2058
3629
954
4035
1970
3975
4611
4106
5206
203
1374
5369
4442
4480
3238
