3909
2671
878
3276
2639
239
3725
1021
373
526
1142
4663
3883
3991
5056
643
270
2030
4761
208
5354
2830
2385
3836
1042
2211
4583
5164
4927
4376
3191
4751
3610
2108
273
5150
4559
4089
815
1790
3394
3675
4123
2932
746
5024
1074
877
4611
1020
5083
3605
5078
3969
4878
5372
1963
3335
5218
1276
1246
1868
1732
4056
1669
2987
893
662
532
3638
1325
248
1220
4061
285
3171
3080
1136
3216
177
3163
4609
2086
3085
1458
3729
4159
620
401
2064
206
2302
3451
2147
4969
614
3847
1143
2207
1330
180
1161
395
1841
4281
2316
520
3467
2459
4179
3352
4211
5095
2469
3206
5358
4831
1897
264
221
3366
4905
2374
1124
3932
1956
1178
542
4461
2258
3520
4216
3387
1637
4613
2356
1088
1498
3287
2472
3298
1858
844
3824
4640
1627
449
1066
2288
1704
1449
1071
2494
4869
3166
144
4127
651
4763
1217
1424
5191
5110
2313
991
165
3643
5022
2267
3382
4706
634
147
3010
1867
1551
1772
2977
1225
111
3041
1245
32
2367
523
3152
3869
2776
4513
2054
999
5328
3072
2879
2801
4956
734
4557
4725
2673
141
2996
1241
1767
2082
201
4748
3534
2094
565
5285
1354
3371
1160
3814
4624
4181
3891
4511
2366
2105
3208
1922
3299
3071
2736
1456
4387
4766
3685
2875
1548
102
1005
3657
5208
4719
3519
1291
4290
1221
4053
1466
3321
262
3503
2819
4762
2032
2338
3521
4803
4551
1676
3178
3130
5227
1603
524
4605
5118
2252
4302
664
5035
2458
3919
3604
1738
4073
2042
5059
1329
2135
349
688
1162
1436
2581
4921
4866
9
4143
3697
4079
1031
207
2694
335
2208
2793
2291
3757
4987
5002
4950
3779
4234
2279
3802
891
5084
5364
5029
417
4947
1734
2583
2917
1081
2683
1334
3511
3572
4400
444
3432
1306
3003
5101
2087
4279
2205
2259
2619
2576
4736
2378
2702
486
2312
2221
5238
1997
4677
1978
3777
3654
359
3535
3648
2334
1843
5313
4200
438
3418
5040
3690
2839
2294
4046
220
802
5044
3131
3734
1643
4948
441
4957
247
3354
3059
3244
1882
630
3226
1237
3705
4783
1967
978
4208
4521
1836
4049
5299
1898
3
4160
45
325
2133
2540
652
2670
1008
3681
831
993
379
775
1302
1038
1271
3068
680
2298
2572
4431
1337
560
5158
4040
1055
1448
