4006
5258
301
2161
2635
4430
3505
1601
122
627
2812
5199
3978
2999
4324
1981
4499
3082
3329
2651
1201
1575
5067
2292
3258
4503
636
5288
1416
2165
2315
1624
123
3593
3272
2104
2725
929
1195
4554
5020
2242
930
145
2012
1076
256
1406
3246
3004
2014
2196
1144
4227
3888
3212
3369
5116
1929
994
1895
5212
3553
2050
3905
4086
4686
2166
3020
4578
1530
3536
3961
4147
2544
378
5250
5384
5235
677
5374
1355
3962
2144
2851
5159
3560
3323
4425
5103
313
1649
5357
3111
4249
5071
4752
5335
4465
2348
216
4257
4419
3667
808
3466
4703
2708
4569
346
2859
3566
4217
2283
4555
4294
2401
3252
898
2850
1043
1983
3818
2337
1893
375
214
224
88
1515
1782
586
283
1673
1039
134
3641
5055
4593
2097
2820
448
2129
1032
3921
995
4699
4107
3401
1414
4809
4441
511
1848
2040
4545
562
148
1092
3660
1342
2361
5135
1470
1287
2421
5147
4105
1361
1998
2816
963
3594
5323
190
1747
701
2551
4057
3912
4730
455
2570
3546
3599
686
1460
1521
2418
4679
1787
5004
105
4959
2981
4709
2272
2575
23
2027
127
1255
4414
4111
84
1022
2053
770
4456
1831
3692
5171
4432
1585
2233
3016
3087
3933
363
163
3144
605
5202
1980
139
398
3000
2663
3392
4607
2915
2970
5051
1430
3833
5082
5349
3793
3761
4916
3730
3251
2957
3021
4735
2740
2686
1745
85
110
3783
2023
5092
1317
4606
3106
2330
2936
2989
3343
3381
1087
5200
853
2114
1798
825
2174
4974
3661
3248
1742
2163
1229
4634
1313
1285
3197
3015
3901
1396
535
1314
1104
4522
3468
3158
5011
419
4188
4429
543
1001
3074
1681
659
1994
1188
440
3523
606
170
4099
507
2681
2303
2723
3170
3179
3890
4779
4155
4225
1006
3344
3555
4848
4233
5211
4434
4678
4739
2134
2848
278
5362
660
4391
2632
5373
1205
4028
3372
1589
942
4024
1620
1159
4802
1791
4408
1120
4284
1757
4883
2346
5028
2582
1015
3570
4629
1647
3894
1746
4236
987
13
2942
2408
3009
3770
4067
2908
3409
4873
459
4071
4754
4518
1578
905
104
1542
4026
3360
3874
2409
1380
3458
3707
4365
2158
807
4158
4592
1180
3274
1114
2335
3263
3653
3156
3695
1776
4395
2964
3733
3460
2537
4839
4296
476
235
2913
4326
4674
2491
4602
11
595
3992
3666
2206
4247
4965
3514
826
2430
5371
3608
1960
2562
4650
2764
3855
1753
2365
121
1820
1328
2343
469
3990
4129
226
4834
2277
4285
1817
1058
4859
5341
4822
1273
3816
4796
1340
656
1880
1440
424
5000
960
4477
3127
2636
3547
4004
2424
4352
4433
3935
3907
4436
5201
5139
3498
2172
3759
988
2241
1581
394
1367
3259
2940
1426
1573
2440
1233
4502
675
372
1318
1609
2652
2894
1940
3368
3065
5368
3854
4733
829
19
4868
5246
4362
5233
4966
3747
2529
5072
3237
615
909
5112
4595
4196
2506
3562
2923
4897
3292
3495
5365
3288
3619
2516
959
4875
1033
2435
3114
4402
4830
599
1731
3283
3407
1228
2896
151
1856
1311
4535
392
2596
1483
96
3904
1797
4464
2658
3835
5087
4976
683
159
4275
472
1249
3953
702
3326
249
4424
3422
3217
1128
3750
4721
2507
2881
946
4945
2502
772
5085
4101
4784
44
2182
2533
3168
3951
887
4816
2734
2139
4367
1476
364
4164
920
2486
5375
2837
860
582
5344
4944
699
496
2564
3539
637
1169
5102
5394
5226
4081
194
5073
3402
3426
2431
4314
1866
1163
4536
497
3856
2899
132
4469
1141
1080
5132
2699
2687
4356
3081
2199
294
2073
1116
209
2642
385
2821
716
3789
3379
1211
4345
3579
4321
4020
2088
5
1824
233
3518
286
4901
4446
2218
3148
852
2889
2077
5404
2296
1423
4870
4043
943
410
1861
1519
172
2888
429
4100
2250
741
4337
5376
5319
3609
376
3798
1671
824
4820
3663
3679
1800
5272
2920
1239
1486
5249
743
2455
2565
3267
293
4375
4102
28
1232
3839
1719
2623
4753
990
3162
3155
3945
330
4194
4442
1057
2948
3830
450
1294
5309
1995
4267
1487
4498
4282
632
1966
555
75
4077
242
260
4297
1987
3359
5181
1860
1892
2341
3964
5075
3540
916
2712
3858
4149
2485
4631
37
3504
1600
3487
581
333
3452
3289
3089
2796
1654
292
4724
1626
2949
2840
316
2426
2461
3965
4823
4306
2362
3196
2679
4811
5302
4879
5099
352
3489
2983
1411
4552
3963
2449
4627
4718
4254
846
2538
2605
1341
2780
3086
514
321
4463
1562
2287
2033
3639
3181
633
3948
238
2828
4534
2602
5225
4698
610
4794
609
3982
4743
404
3645
3642
480
845
95
2661
1095
5244
790
3878
4758
901
124
1154
5322
3574
3778
304
4177
767
1198
4805
3187
3699
4728
1826
4687
2420
4014
4134
3285
4422
3444
1438
4591
1989
1258
5293
1488
3247
1261
2842
622
1079
957
3480
3515
3403
3775
291
2177
68
4537
2880
1760
2142
2255
116
998
2112
2825
3101
1741
1482
4845
2620
1686
4032
2872
322
3240
4369
3269
1003
4608
4168
1668
3644
626
311
296
3117
4623
602
1965
2148
2484
4403
1480
2150
4235
1635
598
2817
4198
1924
4479
4305
3415
3446
317
3623
527
4939
5062
4137
3575
3980
5252
1138
4172
862
5262
1166
4347
1737
4382
4298
3229
3550
3760
3772
464
4717
682
3908
5130
5232
2447
409
5142
5351
2866
4691
2829
4952
3256
4871
3006
3607
4398
4185
2091
5172
3563
1492
3488
463
986
4509
4457
1886
1993
2271
5079
641
5177
1812
3588
5060
5061
4843
4493
3971
1035
1682
3169
4505
5117
178
1366
951
433
3966
1645
4888
528
758
781
1835
2934
4230
1696
5183
4515
1784
711
3576
3873
859
3273
5064
2744
1785
2399
