4139
3001
545
2733
21
2976
1733
2900
2487
955
309
225
76
3034
4934
2931
3957
2006
1610
3421
4737
4492
157
5162
1869
1062
2256
3842
3860
5065
566
2974
1447
4582
4918
4308
1675
5153
1413
1735
149
2072
934
2616
3532
2164
1974
4377
3453
1828
3375
1389
5350
1158
858
2278
1664
5321
2240
30
2100
2567
2268
3067
1937
274
591
821
2992
961
2137
838
2680
2388
4636
4995
482
4968
474
1036
2099
3838
1370
719
2526
1425
1503
1543
3996
3819
3845
3831
1529
4744
926
4114
3543
4954
4222
5403
5015
813
2390
1053
4893
1564
2301
3926
1703
1565
1611
4246
3094
5003
4122
4250
3800
3123
4058
1223
1932
4660
932
2528
4964
4486
439
5260
3230
2317
2584
1821
2480
1118
1567
3598
1687
2402
4497
46
4982
724
3597
1674
2628
2514
3676
4544
462
1918
1452
3057
3161
3420
2711
2473
3408
2904
3442
2853
4930
4350
1709
3548
722
1404
1467
5291
4643
3825
5264
1552
5052
1376
2937
2071
2718
771
3724
5140
4910
3625
763
4925
4325
138
1968
1547
2508
3380
4423
3943
1633
2656
949
866
2203
757
5310
1454
653
1863
4884
2229
3192
2074
886
762
2034
2867
3618
4165
2360
5369
1292
3355
800
2293
1125
2959
3042
86
49
1958
623
764
1516
1303
2978
3194
2275
3627
1472
1336
1244
4093
3205
2569
902
2225
1013
4336
1901
1777
3333
4962
1474
4764
1758
2170
4319
4655
4226
5193
735
5214
182
3433
939
1399
1599
1307
673
2254
1264
2353
3115
4383
1117
93
5298
3502
1415
91
3527
2096
2417
3346
834
3595
1442
1577
4705
1165
2222
5123
485
4130
4167
4366
823
4151
2933
117
804
4083
5041
3652
2722
2534
3165
4556
4076
2001
4494
3227
2554
1072
5203
541
3766
1631
958
3958
950
261
4256
3195
2997
1571
4986
2098
3713
432
5251
4936
749
2760
5263
2587
4684
4176
3478
4757
3342
3462
125
1761
4496
4508
3628
750
1613
695
607
5333
2738
4806
3159
1156
129
254
4212
3826
1316
5340
2696
2539
2363
453
5013
848
212
3773
1312
2542
5156
4902
1420
2423
74
5145
670
4295
1971
3742
174
883
3739
3193
4668
4140
4713
3474
3116
4937
2046
3911
2037
5174
1695
4501
244
1107
4882
4454
4932
4394
2465
522
2441
4584
3903
1176
761
1713
4203
3762
357
2041
2145
864
1706
2668
3781
3633
2779
4370
728
3428
5137
2563
669
2044
1282
5069
303
4010
2799
4994
5219
827
443
589
1723
1129
203
3099
2568
4027
423
3280
765
1091
847
3053
3122
2893
204
818
1534
1481
952
1819
2778
4191
4797
133
3701
4603
601
2498
2719
1070
1374
1250
3880
557
4532
3624
1478
1677
1259
183
344
152
1256
1445
4507
2730
4068
2877
725
5106
5282
896
2728
3038
3959
3265
4812
1992
5209
5113
168
4060
5034
2162
3981
5215
2354
3100
945
5315
1773
3931
3199
2359
5076
5148
192
3264
5016
4252
2901
4852
3704
1642
5197
1439
2700
3434
1149
2690
1862
2990
3124
3972
1952
1290
297
407
1122
4949
2960
1170
3023
2020
806
3146
1262
2557
1917
5387
1310
3472
4890
405
356
2212
1853
2049
3136
3669
1561
2215
4162
2902
1786
1435
3979
3061
1938
2521
2379
4935
3896
3300
540
4085
1044
1634
2282
1576
705
4632
2644
4293
2038
2808
3186
2052
146
1332
3756
505
3200
1793
5157
1986
1037
3438
4880
1718
2857
640
5242
4474
1510
3947
5105
5195
51
108
794
5271
3373
80
3219
3703
213
2022
4588
5270
646
1865
1520
4615
2906
2573
2411
5294
219
3239
4253
1323
1213
1358
1226
282
720
5063
4106
2253
40
4652
2380
668
2111
567
2916
1115
2907
1320
590
3942
3349
3812
2560
4715
1496
570
5261
1512
974
700
4840
10
2918
275
4853
3848
4144
3378
2265
4251
1692
4667
3297
2439
4707
976
4481
1556
3865
5094
1357
2589
1990
4263
2806
1349
422
1876
4409
2433
452
2549
2475
4895
2852
3714
2247
1203
4338
1200
5267
3591
2201
3302
3389
1434
678
2478
5308
703
2729
3243
1884
5388
1041
4415
83
4906
2295
3740
2477
1619
3586
1277
4156
243
1803
97
310
3435
1590
3050
2079
355
3813
461
1069
3063
4849
3055
2124
4397
5402
613
2905
1274
873
4690
402
3820
1700
4574
5303
5292
4154
3028
1789
2972
3048
1105
778
1002
2155
3710
3316
4867
4184
2943
1716
1857
1549
2747
4892
5115
694
3419
5253
3689
1678
4512
4471
1756
3336
2527
3748
3846
1685
4842
7
2985
1319
2489
62
1648
1007
3279
1900
3182
1979
4482
205
884
3806
1625
1847
1174
2785
156
5348
5355
1679
5317
578
797
518
2224
4540
5207
1794
4780
3916
3526
576
1615
393
1538
4012
5326
1335
4344
1584
1403
1658
5124
3327
4007
1387
4224
4317
218
41
2311
1373
5077
4914
1009
3039
3974
593
3500
4131
4310
2782
3659
5359
4015
1135
315
4051
910
1864
1139
3157
1182
4847
2216
687
1804
2373
4973
1837
3771
4601
5370
3348
4342
2762
5276
3999
895
1390
4720
3198
4277
4980
3461
2849
2141
1536
2003
2752
982
1597
584
1604
1913
2783
2963
3556
3863
2110
5400
4054
1130
2325
1295
2427
3147
569
5342
3278
435
3954
1206
2854
892
3037
4440
2715
4977
4323
3898
4187
3683
1024
2622
4604
4618
1093
2159
4242
4872
3672
1699
3340
3843
4585
2406
3014
2236
3238
2965
4489
4125
4219
2591
48
4669
1202
187
451
1061
3173
3064
4529
5152
1693
1030
350
2260
158
805
2599
2774
4259
1468
3900
3801
4563
521
2393
5274
2329
889
3361
4702
171
1694
4374
1805
4266
1728
1582
1372
1683
3120
3176
899
2645
1851
3044
1224
2980
2615
5185
5134
4487
3308
5042
2263
4039
644
3214
2503
