2186
3480
1725
0
3455
2475
1425
2961
1347
4113
4784
2706
1986
707
2724
65
4838
2597
135
1646
1703
987
1686
2746
957
3751
1418
2177
2914
2007
1716
1147
1902
2664
4510
502
1619
3741
3299
2291
3509
1334
775
3704
3847
5382
4645
2213
4814
2766
3909
4667
4340
2122
401
5276
1853
3563
4788
1980
2593
389
2121
4077
837
2827
1655
131
1729
1826
108
915
1078
2790
1544
2164
4377
1409
2583
3379
1289
1319
1284
2852
4872
3994
4874
1680
247
4633
1157
2128
2488
4366
144
367
4305
3188
4017
4912
1913
4669
4930
2170
3806
4422
1275
2385
4277
4532
4218
1721
852
236
5150
4680
171
1728
586
872
2396
4213
5165
1259
4145
3626
528
1516
5348
4876
1911
3403
251
588
3113
5183
4328
548
3738
645
672
234
1605
885
3049
774
3236
5074
3155
525
829
5185
3709
4167
1940
573
2734
4119
3762
3054
909
830
1523
685
2044
3376
732
2585
1603
1844
3967
2744
1450
2620
2413
3746
1993
4153
4163
4979
3615
3686
4319
4170
5087
3619
634
4474
4376
3449
3086
2690
819
3531
4793
5055
2391
5306
2781
1753
2204
2347
3193
948
4477
3984
335
2707
3330
1044
5320
1297
2217
4053
4333
2864
5022
2117
4954
3323
1515
1267
2201
3321
2964
5241
3644
1352
4404
4388
3450
2753
334
71
3696
3100
1421
711
3873
3041
1631
636
420
2216
855
4324
1591
566
4549
766
1926
156
1882
3434
495
1739
2053
4830
1467
1550
5310
3976
2335
4643
3528
2383
3152
3331
4497
4802
4144
3810
3963
934
930
429
2621
2499
2267
3875
2043
2697
2341
3524
5105
1822
2767
17
122
4932
3068
1576
1324
3501
4529
2705
3814
2316
3289
3096
2856
2501
4365
117
712
1161
5082
3638
2431
2559
2991
2079
4496
3427
150
4899
836
5271
4538
2165
2887
235
1656
2147
991
717
3029
726
2206
1572
1868
2429
2026
2676
5067
3513
1277
47
249
3671
956
217
1624
4592
2089
1143
1332
329
4522
589
1879
2423
2580
2467
4102
1525
4855
2411
5339
2575
822
1551
5179
268
3104
3108
3307
4010
1207
4117
3769
1948
5293
4729
5164
3926
1084
3639
3787
3276
4322
3249
2087
5269
2320
173
779
1991
4335
2972
4147
2542
5286
3166
5303
2308
2491
2239
4768
262
5267
5250
927
2338
3484
4555
4275
