2263
3121
1029
1712
2605
1186
1365
2924
3274
1946
3551
1537
1062
4156
4125
4931
133
3083
679
4126
828
1586
1928
702
1162
3189
1840
183
3512
3199
1224
2003
5098
985
4565
2935
3618
1658
3400
3101
3601
1917
1453
4617
2741
4016
93
3520
581
4574
570
3880
417
92
15
3002
4370
657
2795
1434
4721
1225
4454
3610
4264
35
2925
4444
5196
177
1632
3392
3972
2663
4999
1378
4383
5218
58
4892
2553
4755
1082
179
4395
4058
2418
4956
3931
1253
633
778
4985
387
2023
2670
3778
1213
5332
4128
4634
4072
162
4485
5076
18
1565
4713
3973
3340
3894
1305
3332
4794
654
688
5006
858
75
1678
4947
3846
4399
3510
2083
898
4155
3532
5374
966
3868
2810
1471
4520
5401
2564
2699
3546
1694
4888
1214
2918
5066
993
4259
4384
905
170
2254
3822
4720
3653
4575
3336
3334
2259
2953
3429
5258
820
2979
2513
4772
1112
1860
2573
2681
3430
2611
50
191
112
851
862
4294
1769
951
4997
4405
3264
763
5325
1908
4337
3495
1761
4833
2024
155
371
430
3059
3919
4309
1966
3281
2366
1295
4666
4677
5213
1767
451
4375
3783
5296
3706
3408
1912
4400
1714
2107
169
5350
3674
1234
1905
1023
56
1543
2903
1235
4291
2473
2652
596
4469
4980
3072
4416
2926
64
1310
638
621
5302
5160
1489
5148
4225
2678
1676
978
961
3962
140
500
2502
3118
4227
3093
4844
4811
3145
2910
1539
1839
1641
4896
890
2615
4164
4445
2153
920
5372
2560
3786
2981
3475
4919
1841
661
4249
553
2872
475
1494
992
2978
4008
3247
2360
3999
2298
3000
4903
650
2920
1852
3287
4641
5282
3676
798
5355
437
1216
791
3922
2954
488
3213
550
4234
3184
5009
4723
2804
1524
418
4279
385
130
153
4875
460
5131
5375
4753
3329
1475
2478
2940
5248
3586
3505
2648
1825
1382
1155
3947
3165
1710
3468
674
538
3373
750
3483
2000
2379
97
5011
4419
4356
5268
4665
4449
2221
4181
3050
4629
3413
1271
192
3190
1752
5053
1163
1689
723
1079
4862
4127
1531
1266
3474
5301
1038
2236
1251
3432
669
552
2154
3986
2185
3827
5297
3244
1562
3989
2572
1857
404
962
1189
1877
410
1802
1639
3673
3335
5244
4029
428
332
1240
2739
3613
2842
4463
643
1599
625
1193
1083
3009
1486
3386
1939
2679
754
806
2656
3958
2788
4051
2358
734
1109
2525
2759
3102
2314
2092
1684
436
2141
3629
3579
5112
361
1698
4212
4458
1573
2428
2814
641
1372
4928
2902
2388
1916
1446
33
4437
610
3921
4210
1227
1736
983
4292
180
3585
2098
4489
5040
1517
324
245
943
3163
3836
80
4616
5093
300
70
1968
1571
3428
1964
620
1483
687
3225
2306
3140
2614
4114
5308
1536
5201
2623
1613
2234
2673
5354
3487
4462
692
439
4897
2302
4517
4806
2757
3699
4605
2415
4675
16
637
2275
4955
4846
5324
5072
3476
1226
3668
1813
225
3691
2892
3423
989
3312
1022
3457
2567
4991
2558
1098
337
1925
4578
1855
3743
4411
1863
2500
1555
3017
1992
4674
4329
432
1120
3636
1815
5010
5030
1020
889
3850
273
4488
5186
514
3141
2547
1659
3838
1222
2252
4174
209
4214
2928
3069
1283
3649
4215
121
2586
644
5036
444
3273
1113
753
2674
1886
940
391
901
1633
4137
1016
4342
3278
473
2243
2404
3251
330
3489
3889
2167
4184
395
846
1609
3978
4668
799
2701
718
2665
736
14
2072
2109
3459
1166
4585
3591
4620
4957
3052
175
1509
5168
446
4105
1362
447
1793
2828
3862
4429
3402
2386
3670
5031
1196
1280
4986
3242
3397
344
4699
893
5153
1590
1915
1553
4507
3767
4523
3437
5288
2283
3667
1270
307
3217
3235
5017
752
3840
467
5099
2389
515
114
4673
5385
535
1830
2963
4150
89
3388
4162
2643
2798
1329
5060
1412
2990
1399
2552
1985
4195
2836
3642
2666
4990
1024
5037
728
3451
2132
3098
4060
2495
1805
5387
2439
932
1040
2078
1255
4737
2532
5292
1534
5236
4540
26
5132
4983
3341
463
627
266
4918
3659
3147
1799
3027
1071
3852
1348
3318
4196
2317
2068
1634
4556
1809
2346
3238
3005
2719
3950
464
863
5012
304
2157
1731
166
2476
2919
5024
5397
3405
2913
840
1208
2471
4009
4361
3440
560
3628
2417
612
4068
4468
2714
4274
4320
2459
2074
3498
1835
3654
3941
944
3382
226
2668
986
1288
3853
314
479
1775
3128
1575
1764
3915
1229
4036
866
512
5085
923
2893
363
1927
2507
2675
5333
3339
1885
3277
3245
5299
4135
3725
3091
722
2028
4306
372
529
3953
2392
2776
4551
1195
283
1257
557
3013
635
4206
4026
3561
4401
2331
2727
4632
3664
1221
2175
2860
2601
318
36
1218
3519
1320
3154
4430
2441
2497
5002
359
3071
1971
2717
2609
609
366
1122
981
3209
3598
972
4902
3064
835
1717
2421
4027
5029
484
1447
5068
3599
748
4810
3368
4049
1563
2689
3556
3946
227
4390
2384
3634
522
1622
4801
2548
4913
3824
1237
321
3504
1011
5233
5371
5257
4289
3790
2595
1173
2555
1924
280
3817
2868
1864
2479
4803
1408
5380
23
4534
1376
875
4868
4106
481
3182
2090
3164
5384
2938
1723
994
2662
521
4389
2756
4712
1344
1643
2824
90
4790
2238
600
1183
2169
1662
3800
5364
2138
1955
4647
4216
3149
2640
2712
4739
4134
1827
116
2103
2606
676
3362
4748
2763
2163
1276
2808
393
682
1585
2233
4059
230
2030
653
709
1160
377
2492
1405
2613
1451
854
3988
1726
2265
1377
2863
4827
4563
4571
1747
4250
5173
4201
3327
3766
2333
4749
4283
1645
2307
4349
7
5398
2510
2654
1385
4688
3175
172
5228
4516
1455
908
1198
