3981
4560
4456
3848
2658
1151
4612
4327
3021
4835
4286
1541
843
4894
1626
311
2832
3138
3578
215
1438
5225
1818
3865
3925
3625
2194
5111
1568
4658
358
4609
4374
3
315
1287
3874
3248
3511
3592
995
284
5143
3721
1321
2802
1892
3993
1338
2342
5394
873
629
5156
3232
865
2947
3267
4756
2869
959
4381
3204
1314
2168
2826
605
1074
109
1368
445
1354
4527
5215
1278
2695
2486
2361
5005
5110
4500
211
1106
3517
482
5075
1000
3497
4701
3627
2729
352
380
3043
832
2683
2750
1963
1132
4364
764
3791
3317
4186
3243
3131
3162
1018
1246
5300
3284
918
2818
4915
1009
3964
195
3291
2959
2430
2229
190
4614
3490
2604
2752
3319
2134
1757
3679
2224
111
4849
1210
3032
4570
2394
2563
4200
2762
4003
1960
2916
1503
2330
259
4750
1342
5316
1379
3775
1869
4695
3952
2922
2848
666
2102
4642
4074
1566
2403
3985
2782
1322
1436
1396
4964
1828
3367
4460
3503
1858
1492
2890
4191
4940
4525
1032
1094
2124
1232
39
4464
187
4043
1650
4178
3355
3754
3157
4738
105
5389
1649
5137
631
1976
1748
1888
4466
2451
1194
3256
373
4232
2464
4926
2584
593
4357
886
1180
3740
137
2460
3938
2764
3539
4245
1256
4588
607
1402
3018
2839
838
524
2740
1730
2390
5057
3606
3422
107
2293
5256
1856
2843
383
3968
4583
2797
5025
3527
5356
3830
3684
2084
746
3097
1791
5312
3488
2290
3044
3763
4198
3464
2927
4159
4039
4890
2130
1959
3246
4863
2035
1558
2820
4435
816
781
1383
1185
2647
3779
4149
617
1953
2380
1607
1504
4007
767
3955
1644
4188
331
3377
4
13
4033
487
2445
4825
2721
3261
3001
4396
1951
3151
1474
1733
1403
413
2854
871
4467
3661
879
1932
4744
1692
5083
3872
3877
1595
4967
194
3760
861
1836
5061
4736
5266
3826
1774
5133
4368
4948
1167
258
4080
3258
2591
3421
152
2454
3834
1665
4809
2514
2196
1154
5253
1610
2062
141
2363
2982
530
3111
3180
3975
2304
2377
1420
619
1741
2534
3153
971
2032
3255
375
2211
4589
3545
1786
1398
1110
3187
4845
2060
1981
3908
784
5069
2723
243
5172
1358
1777
1549
2637
4334
4823
2110
1085
2127
1682
817
4819
4878
1134
2516
2671
897
3143
1528
5361
343
1333
5319
4615
2891
797
812
164
3442
1121
3135
4261
3409
982
499
1627
2037
2240
3088
3385
1683
5176
5221
5351
1427
2657
1845
2796
630
2823
28
4075
4719
1653
4258
2508
74
3224
4905
3173
498
3197
5242
699
3196
1781
5291
5231
3439
3858
5013
1720
3632
3357
1388
399
3420
441
2642
4351
186
3913
2116
5326
4001
3257
4252
2838
3633
1770
2819
1052
104
63
1574
2900
3697
960
941
3448
317
4331
549
72
2939
438
574
1870
2192
176
2931
2292
264
815
77
749
4579
229
2520
4787
1053
27
824
3727
2456
827
5229
2019
3395
4380
2235
1260
3672
665
4546
3732
3306
4792
786
4662
681
4424
3809
1307
3288
2301
1281
1228
136
3899
4394
1400
2310
3620
2215
3907
3361
3807
910
2253
4646
2025
4581
5203
516
1806
1765
1484
5238
454
1366
4925
800
2131
4301
3063
4559
2977
4217
2518
4132
1977
5298
237
3945
1243
2006
3646
4391
4373
492
4064
1707
5278
9
3452
4969
3867
4818
4958
3611
3569
342
2323
5114
1456
2943
2472
4088
3701
917
4207
3622
1933
3067
532
3957
4900
2748
1230
4034
2886
3070
5368
3438
4623
1410
614
4241
4898
3793
4024
3325
4817
5232
4530
2447
1843
1907
398
2409
3728
2362
2711
3914
1929
751
160
744
2081
2115
2955
2568
5247
4864
2249
2058
4851
2434
4502
4290
4062
1341
1754
523
1303
1820
1554
4056
5138
3943
3604
2219
5155
5106
3115
4881
5199
2367
3146
4432
4478
5217
360
1072
946
2794
4678
4421
200
4602
1031
2152
2742
1556
3200
4047
4079
1861
2368
5386
2942
174
3970
103
2271
3356
4742
5127
2976
3078
4603
4344
3715
4664
4933
62
3581
1670
2372
2143
2590
3735
1037
1060
4943
5403
2956
2180
5084
1883
3351
2970
3733
3360
2628
4722
1130
178
113
5249
5026
2731
5117
5294
4882
4781
4842
3045
1371
2599
2529
3283
1265
1708
4100
4013
2779
5059
1920
4393
4506
4511
2425
2557
539
3065
452
119
78
2561
1724
2093
769
3747
4092
1635
4883
4066
2065
3726
5149
4606
24
218
747
942
4584
826
3462
1315
379
45
400
4371
3310
3465
3148
1862
2077
3910
2374
4379
4271
1787
3560
2496
506
2461
2297
3346
411
4580
5178
3536
4303
5206
3554
427
2905
1080
5388
4425
100
1804
233
1435
883
1269
4057
773
2018
4082
1508
2805
4513
4700
2348
2834
4433
2166
82
3514
967
4161
1261
4257
2617
42
1013
298
3006
4231
2682
1457
4455
1249
19
3211
4428
4065
3119
3982
3917
2208
3641
1093
3370
5317
465
3655
2973
5095
3453
2145
3716
3486
710
221
2336
2453
1496
1241
3678
878
1244
3268
2232
3250
887
1772
4266
4151
4426
2021
4577
424
1735
2223
3234
4141
98
5021
3755
2912
4686
2455
4942
3481
4671
1190
2775
1
572
4636
5181
2898
1058
3757
2419
4222
695
1530
4987
3589
2095
4014
4786
48
2667
1745
1734
67
4302
2017
5050
3228
3042
3612
4795
3081
1153
770
3387
4608
2638
261
2005
831
864
844
2512
4180
4537
2202
2112
1282
1719
2967
2602
3253
2463
5015
3191
5234
882
4550
102
1561
646
3568
205
4223
4813
2040
3878
4244
3347
96
1560
4253
5049
1285
3507
4590
2022
1887
5104
703
1847
5078
4707
4595
1128
5208
1514
3407
368
2407
3271
4000
3116
1906
5182
3588
3623
4031
2733
3828
1263
4860
4273
5357
8
5349
2230
5086
3849
