1404
5346
3348
1442
2300
5145
868
1838
2484
6
1727
3300
5305
3399
4635
3864
3313
3996
4179
2949
2894
1279
4764
3506
2242
2270
5295
916
4689
1965
2344
2596
2334
3614
3066
2846
1205
3338
3759
4461
2061
2352
5008
536
3694
2350
2878
4961
1817
1337
2355
996
2209
3535
4098
5007
4934
2432
2888
1215
2921
1654
1580
1969
3328
3292
2318
5352
5379
5120
730
742
1108
3410
1086
5378
3040
1594
1935
4840
761
1092
4307
2490
3574
1313
1814
5252
2401
3028
2631
998
1262
2696
2635
4709
3789
3309
4826
1357
4767
4873
2693
534
2803
725
2210
494
4042
1463
582
937
1123
1439
4270
3923
1311
1704
2106
5373
4952
1219
847
3285
1335
3748
1630
4254
2859
1973
5136
4107
4998
2369
561
1506
286
3479
1350
4663
540
1903
3737
5139
3669
4831
422
471
4690
1091
1751
3773
4472
568
41
5322
2651
555
554
3082
182
4693
2076
257
1620
5134
949
2877
2745
4499
3445
4418
3212
443
3122
2055
2322
2565
3842
3663
2286
1088
3711
2452
1647
5336
2481
3702
193
4880
2855
4005
670
4224
2930
813
4012
3906
3035
2873
2633
3621
397
3095
4728
632
2636
4288
293
260
1202
5195
1149
1606
3772
3132
5108
4229
1178
2414
743
2268
1188
5038
1181
694
4417
2634
1687
3401
777
3216
3640
3056
1807
2489
1381
1691
345
1625
1318
5048
3944
4321
2339
210
2142
3812
904
881
4209
2504
2715
5395
4970
76
5353
415
2579
5200
4740
4032
1242
2829
1051
308
2191
997
4310
2870
4267
1397
4020
4041
3092
21
5396
4858
1602
4108
407
2588
2226
903
2264
4112
5341
3389
4783
3811
5209
4637
4415
2821
789
4717
1430
4752
3023
2541
3533
3700
1296
3129
3270
2923
668
4142
405
3241
4766
3390
5285
1854
110
1987
2688
1798
2278
4799
4541
1146
2071
4276
3600
2608
727
884
2661
5328
4651
4659
1445
1816
1593
922
3472
1015
979
409
1941
5243
2857
3010
5223
1087
214
269
2494
303
4885
386
845
1618
899
1601
1395
4820
4676
4139
3959
1713
2422
505
1064
1099
1842
3016
4861
3898
4539
4733
3695
296
1238
5158
2222
928
1268
3447
1174
457
455
1417
1782
3882
4535
2626
1424
533
4909
3829
3359
2528
3547
1043
3530
2996
4392
2833
2769
3034
527
1880
4661
1462
1872
3061
2276
834
2289
3920
1859
1664
5103
1466
869
867
3714
4402
4715
686
4815
4576
4702
469
3201
3645
2841
4910
5370
431
3835
1500
4569
2607
3060
4483
2349
497
3181
4856
693
4203
2199
2329
3690
2720
4239
714
4904
2503
4343
2054
804
1006
281
1789
1239
4526
2778
81
4916
2375
3525
2397
1759
3024
4622
2277
161
3110
1416
2616
4870
4409
2801
2845
1667
1476
4760
4727
5152
1790
2952
2443
276
3418
3467
579
4822
2013
1612
5041
1808
4136
2008
3683
1070
448
628
3587
859
1758
4451
480
4089
4220
1671
2328
3650
4480
3123
46
3516
4654
196
1587
1119
197
756
198
3298
4090
1910
4002
4745
2438
2847
1312
3461
1628
4726
2677
3992
5004
662
246
3553
163
4385
1715
3770
3564
3861
5071
3079
3752
2218
1706
4582
3956
2150
5171
3605
3937
3820
2440
3381
1505
4599
5188
1136
1697
783
2937
126
1773
658
5194
3538
3308
729
2569
3869
1034
3987
4476
3025
5246
3823
4834
2835
1233
1638
2760
232
5259
4447
3227
2883
4097
5274
3833
3441
4901
2468
3541
964
2543
1389
5210
274
468
2780
5304
1452
2321
939
5058
3411
2761
2091
663
2962
2546
5141
2193
2256
760
1763
1330
43
51
3652
3883
4568
2837
1384
2343
3557
5035
963
705
809
2630
4023
5289
2064
349
2530
4705
1937
2830
2992
5261
2694
1894
3707
3742
148
2382
5080
3893
1623
1294
5404
2287
5052
1468
4837
4118
1582
3349
1938
3215
2159
4848
4691
1738
4099
1360
4829
559
1373
1668
4587
857
459
745
4853
2993
3529
1411
4293
2161
892
2687
1156
4682
2700
5020
1497
1090
1677
1069
1419
4070
4509
1101
3295
3796
2457
4109
1361
1107
4358
295
362
2881
2480
1498
716
1306
3057
3798
3150
3446
4157
848
973
3297
2646
803
3311
3007
1148
267
1286
206
5092
1651
4122
2332
3651
2815
2612
2257
5023
1209
3477
1994
1096
466
3366
2205
1890
4486
1711
4866
1797
1803
5064
2450
333
4148
4386
4459
3473
95
1996
4282
3466
5262
5043
1117
2279
598
955
22
2622
5383
4596
2556
2770
667
1478
188
640
546
3559
2932
1956
759
2045
2875
54
724
4679
3900
5390
1921
4172
4442
5214
4547
3074
3417
3275
626
5245
4791
4314
4450
3666
4552
5123
2086
2789
4219
782
2101
1217
3396
3577
1125
5347
4382
4610
5323
3799
341
1327
616
4110
771
563
1588
3320
4436
4129
1200
4363
1169
558
1316
520
2462
1584
1047
2660
2353
2266
3207
489
1904
3804
1177
4083
3803
4653
894
4681
4427
622
3905
5140
4886
5170
5146
2901
3584
2505
3372
2692
4564
3630
5070
4332
1821
2544
1579
2515
4775
3425
4836
4718
2370
2014
5046
2034
2896
1133
3609
1922
1899
3183
1846
1144
4859
4052
856
1170
4453
4046
4995
3144
2550
470
2184
5187
3736
3444
2426
3364
4187
584
4594
4988
5135
4115
2718
5034
2203
2659
3724
1701
4591
2861
5275
4431
1048
1945
2100
4939
4640
3819
5280
5290
1878
3416
2971
1756
1340
4154
4133
154
3788
624
2319
697
545
3571
2176
2969
5327
340
1792
2708
3286
4828
3159
1988
2880
3305
3237
2282
4854
1364
4192
4317
1527
4558
4807
3412
4730
4972
1995
4847
4518
3203
2813
4687
4193
3493
1129
4235
3374
4448
3660
2946
825
1693
2051
3174
2357
1236
3979
4265
4299
3508
3496
4408
4304
3808
392
4103
1766
2885
128
