606
3126
1882
4576
1347
798
4680
691
3979
4602
3738
2034
3197
821
1896
3416
4401
2804
4436
2289
2577
2213
3182
1110
5045
5139
2870
4131
3457
4556
1939
3915
3450
3848
1469
4137
1402
1594
5379
715
599
5014
489
3567
4012
4889
2945
1114
809
2152
4200
739
2631
1054
2352
2622
290
1380
14
143
81
96
2448
2486
3212
1538
2651
4127
1206
459
3472
521
1847
2968
3943
2867
4971
2688
456
2309
2936
2255
4389
2385
601
2540
43
4487
4422
2732
437
402
4516
4990
1587
4204
3514
2596
2520
1677
662
941
240
750
2424
2979
1710
2920
359
4816
907
2434
1080
2153
781
4993
87
519
2600
428
3186
3854
4304
4324
3852
2419
2525
595
2329
2450
5400
3038
686
3616
3819
1856
2612
3957
2083
2771
5152
4641
5203
1294
3573
249
4746
3118
5331
4632
4393
884
2834
3429
2463
4301
4145
4558
1660
4508
3696
4485
5356
5053
3321
5141
965
4045
4518
4483
1468
1296
1614
2620
492
1996
2476
1002
300
4739
748
2781
1934
1777
3585
3985
3710
4991
1164
4859
1673
4919
1513
1120
2563
4549
3454
1323
66
3054
4561
3598
2944
1636
3862
3904
1991
1894
1263
3864
1898
1688
1605
1985
2221
3220
2367
4999
225
2408
3764
2842
591
1043
4857
3029
130
1390
4056
4062
1124
1571
2733
2307
4955
589
4091
2581
3295
1032
1596
5076
4212
4154
3677
480
2639
3639
2892
2026
4429
3916
3967
1025
1762
4061
1339
1483
1757
264
2907
3751
2690
2332
4119
2108
1261
3397
2881
4676
2140
2500
4675
4396
2470
5343
4326
4968
2759
2405
5244
852
3109
3209
4765
3269
1200
3601
2670
3271
4351
3757
2328
394
4718
3856
497
3798
844
1723
840
752
2879
1921
981
4178
1814
2051
899
1287
397
3007
3425
1322
2272
4271
2018
2380
1473
2676
4945
5202
114
5175
999
859
1583
2310
664
2467
4685
4911
287
703
285
1663
2265
4203
2604
3947
4682
1768
609
34
1301
2098
4489
2863
3939
1503
5207
1061
1656
9
2214
3653
1738
2459
3781
3609
3938
2381
5118
850
1566
1920
386
4440
438
5231
807
1992
213
4373
1869
4428
3274
3622
3748
193
2707
4039
2306
447
335
1962
452
155
2318
4106
4403
124
174
1028
4832
1651
420
2971
5130
3566
2353
1320
235
2645
4944
5157
3621
3193
2121
5040
2277
2715
4298
1730
3564
5215
4607
3506
1490
2654
1125
4916
1602
302
3959
4086
769
3796
4737
275
160
2973
5033
1230
393
2990
2783
2040
4340
3733
4229
4754
3512
1315
4163
1175
2935
2772
818
3428
3471
1695
379
3922
545
3679
3350
1846
3486
4921
2077
1839
1281
4977
23
3690
2640
1741
4114
1153
2721
4622
2803
3210
1704
1440
4899
1173
4814
4740
1861
4826
171
837
3115
5277
1613
969
3483
368
1804
238
4180
3242
2167
4042
4076
1271
4820
4898
3452
2744
1755
4644
3159
3963
3579
1854
3003
1368
3651
577
756
442
4953
687
448
875
3036
1063
1020
483
5104
4400
1581
1045
5019
4247
1670
863
4242
3163
2451
4453
4225
2188
195
1203
5376
3502
2312
4539
1897
5290
3096
1006
2334
4484
704
3035
3786
1637
1850
1409
350
657
135
1561
3917
1652
2534
669
2043
120
2103
4228
2244
3753
1731
2874
729
4058
282
2830
1536
4419
3859
1171
3785
4952
4150
431
2655
220
3652
555
113
2359
3709
2527
3770
2110
5291
5312
3912
3892
3083
5292
2896
529
3328
1278
2972
3129
1707
5321
5093
668
1354
1823
3894
1356
4085
5082
1337
918
5150
3718
4406
3089
3420
4177
3491
5071
4728
2677
3053
3845
2593
1104
1060
855
3464
4270
1404
2728
2590
4399
5340
4217
1691
4726
2951
4184
1825
5032
1216
1140
787
5392
2614
278
4734
5220
383
1382
5364
4098
1603
5361
3044
2335
846
2492
3932
4092
1956
2714
178
3460
2280
3140
3405
3080
2649
3277
3062
4481
19
1136
1016
2320
3485
4377
4642
1112
3125
1324
3538
2217
5122
4451
3206
4116
1488
4688
4896
1019
5163
868
2291
1117
1942
3479
655
317
4035
3161
1250
352
382
5105
3990
3850
237
4535
2295
5164
2082
4379
593
117
1518
2220
2584
1172
2623
723
5073
311
2111
2713
408
5352
3333
2586
4721
1069
5385
372
1243
2466
52
270
465
5183
474
1719
1899
1289
3983
1395
1761
2650
2851
1678
5336
5174
2955
4120
3417
3775
50
2961
2585
1927
417
1039
65
2521
1954
4570
4883
3367
3245
3576
5170
665
914
1929
617
3484
3520
1369
1523
2161
5177
1051
1963
3634
4696
4925
3447
4333
3890
281
2697
3208
1767
4764
4390
1534
5201
2566
396
1239
3954
1053
4920
5028
1780
2465
2630
4452
3824
680
4609
3362
207
1770
115
742
3298
5127
4330
4660
2075
37
2727
4488
3809
4425
3843
3834
632
4078
3359
4491
2562
5378
4604
3675
4625
4285
3409
4699
817
4927
2829
2372
5054
2066
5393
3066
1905
1950
4353
4490
1408
5243
5137
3563
2515
4705
4562
432
801
3081
3105
3546
5106
2174
2333
3465
1033
4142
4083
3955
1222
2831
3867
3326
4169
2127
283
4189
3952
4908
3997
3399
4320
2946
576
775
5024
3721
2756
415
1888
82
596
895
1964
2737
5159
4553
3374
2827
2081
4633
3582
4408
3860
3418
5063
5018
3629
2351
3006
2868
462
2169
439
3273
2603
1923
227
5242
256
4032
2119
983
615
4864
1352
5294
3958
332
345
2281
1167
5315
1361
2234
4325
1119
4327
718
1406
1961
5098
3258
2150
4949
1205
1505
347
236
5013
851
2571
4678
1047
2290
2442
218
5060
5015
4065
1607
3694
1107
369
2475
1290
896
4531
1975
727
594
2141
5023
2337
2700
4175
434
2703
3453
854
3047
3139
1422
1100
69
1454
1186
663
4066
2729
