1180
3434
2779
3714
731
2845
5328
339
1540
223
4517
2416
2256
3090
865
1491
2705
30
1787
4281
3313
797
4557
3012
3294
479
661
5344
5017
523
4315
4936
3838
99
4311
5234
2708
1456
935
1439
1522
1644
2523
2753
1784
2238
2344
2934
5251
1447
374
695
1906
1880
793
1577
1149
5355
1658
2529
5252
121
2490
2468
1531
3509
3094
1624
4768
4080
4246
5131
5046
991
5083
1204
4631
1387
2646
5229
614
4970
2932
109
925
5194
357
344
5188
3908
4542
168
1752
5212
3241
3996
3198
4774
2342
5193
4637
3931
4863
3372
3364
1836
2286
3289
1593
4957
3480
2348
2605
3536
3933
261
2735
1245
1793
134
5151
1529
499
3008
153
3237
949
1589
1667
990
1525
2966
1326
4579
3336
1240
2717
1385
3173
2101
1977
563
1217
176
2461
3886
4515
3589
5026
2558
292
2739
2094
4
3253
2147
3729
3570
3768
3964
1213
4289
4727
4121
4412
3338
5075
3077
3344
1050
5303
1563
4501
1116
4879
1645
454
544
1210
5307
923
3572
472
4339
4867
4813
5267
2177
4511
5067
4743
5050
4712
4730
3737
3411
1403
4034
263
4033
3544
2901
3039
4409
1194
2668
2573
4822
1135
5308
3230
1224
4546
3644
381
3560
4455
4411
2423
234
2908
326
5003
1969
3381
2144
1535
4243
4342
2449
255
1386
3752
1582
1873
2391
3887
2063
1951
2678
988
4513
1138
1314
1085
1553
3341
1891
2128
2791
870
1474
5196
2636
2861
1586
4017
491
2983
4733
2050
1851
3102
3040
4329
5065
2635
1720
2624
2850
3259
2751
5394
5353
4547
3521
4115
5270
4787
4323
4574
3795
3870
2782
2607
4048
1305
3150
2092
3370
3840
5001
1442
64
2183
2938
3724
2706
1926
3123
92
1463
3895
2680
1160
4417
3407
3587
4794
320
3981
4845
3496
5010
2426
2887
4168
233
4725
3654
5263
2903
3042
266
1990
2445
1098
1736
5167
1321
106
674
4457
3515
5185
450
4421
2130
4084
230
3632
4836
2084
3927
1101
4788
2917
3913
2039
4151
927
766
2180
765
2008
3332
3825
758
2993
3175
4284
1874
484
605
2726
2228
1128
3204
1249
2382
1072
890
1532
490
2666
4593
712
2346
2564
4305
2129
2068
4238
2704
1871
5224
3818
4934
3849
4398
1351
2910
136
4235
1635
3871
3196
3427
3715
1565
1312
2895
979
1362
2633
2823
4010
3202
3398
5298
753
3805
3844
4374
2216
1557
3113
5119
3792
2616
2316
3331
5240
1451
4050
557
3231
4460
2114
4462
5184
3103
4134
2958
4261
1500
4273
4565
2243
1947
5322
4647
4803
215
3213
509
3392
2642
2818
1591
1146
1597
5226
2005
2846
4724
1133
5273
2020
503
947
848
1304
1867
2134
4973
1895
1946
4071
2409
4792
2016
4349
4040
3565
4132
333
3790
1782
1030
2551
4027
3594
4837
733
909
5161
2455
242
4139
406
4985
2059
1307
1706
541
2435
4905
4868
3300
5056
244
1809
2976
1552
1088
4375
2022
2504
1282
2458
3051
936
3393
4128
127
1840
3643
3112
1932
648
5072
1696
4159
17
4158
4133
3765
2237
3542
558
3087
3014
586
2386
2154
3695
4218
2805
1508
2701
1680
5189
3559
5179
3953
951
3363
2024
1464
4524
1346
3267
4751
5208
2250
3550
3537
3211
1092
2341
2660
1461
250
4037
2327
2766
5211
4424
210
5168
2822
1237
1336
972
29
4615
444
2995
5103
2696
3060
208
814
4881
4596
4257
77
1059
711
2488
5047
1344
48
1485
2758
141
619
639
358
4410
2240
842
2937
3122
2981
181
3498
771
812
3746
2947
4504
4959
4686
4423
2754
3575
4437
4551
516
197
2258
1717
510
4571
3180
1826
1750
2872
4310
2841
4252
4663
4841
2767
1299
4987
5113
1428
3297
1922
4912
2207
4716
811
1259
964
154
3439
4388
2682
3373
1163
1515
4767
3584
1038
4976
2375
5055
3940
1257
2373
2541
4038
3615
2559
3099
2485
1360
1935
1972
5365
1714
2187
3015
4969
3789
2196
4232
1937
4954
3762
4240
4651
740
137
2104
4775
678
2168
4464
2575
1258
3124
637
3028
3282
3720
2002
2305
4963
2611
102
4008
3168
5221
5069
3750
940
904
4567
2444
5210
5399
35
40
1769
2669
4831
5190
3531
3438
2798
1506
3375
331
2193
4266
4707
3128
122
4997
2072
2176
3288
2550
4345
4384
3181
10
4495
4673
6
1562
5311
1838
2860
3252
1616
5237
2513
3822
1018
2411
2173
97
3857
975
749
3811
4808
3396
684
4370
616
2915
2949
2197
1181
2229
2615
2298
2685
3065
3702
2131
5249
70
1578
2484
1911
5363
1342
2747
2815
505
933
3317
260
1388
962
129
839
2793
2825
259
5006
4506
1410
3731
1790
5144
3756
3851
3934
5213
2820
457
4358
54
1450
1806
774
169
1159
2519
5266
1064
4248
4499
2282
3532
3386
5155
3247
3387
3610
2495
1952
1654
3395
42
1705
2693
579
4099
4630
4029
4742
3678
3402
4624
4059
3275
1526
1647
631
2226
2205
1432
3030
267
1185
3523
3158
2383
3026
3462
5030
1786
4172
2602
4510
2812
4283
5198
5124
4475
1012
4910
1276
932
656
1300
1676
1724
2880
2056
4259
324
4781
5371
2336
3151
1154
1267
984
3064
4112
3880
5146
5084
3602
2821
1746
1196
967
4732
2653
2556
1288
4588
4467
3642
2471
4950
3284
3235
1833
672
57
1611
2719
2940
2769
3527
5351
3925
2106
1055
4796
1820
163
1924
638
830
3673
4989
4772
2270
3222
677
416
3463
760
1816
1035
1668
128
5404
1542
1775
1285
1701
1520
2982
62
3942
4148
354
2396
151
1626
1498
4681
1009
3069
4563
642
2549
2164
105
4799
2757
1396
2722
2070
847
2752
3435
4931
2873
792
464
4578
4851
2755
3935
3310
1885
3256
4272
537
4397
4769
3817
426
2632
2711
777
5332
2921
4140
1832
269
2665
3684
5153
