928
1130
3423
180
1693
1970
4880
2048
392
592
325
423
1195
4182
2748
622
185
1228
126
3571
55
5169
4222
3541
3116
4962
3263
2073
3766
5095
3144
1176
2430
502
2120
2839
268
2102
1742
3603
3706
4160
3604
4007
3019
1936
2223
2215
2858
4468
5380
943
2502
540
5039
3477
3556
4654
1887
2606
2576
508
1945
1918
2643
685
2400
424
2980
1805
3717
1875
1559
3578
1460
4798
3474
1609
3430
1721
5260
4670
5389
4538
828
3945
4533
4684
5248
353
1818
3893
2360
3666
2138
4902
2483
1014
1800
4497
3941
1978
2859
2866
1083
5009
18
1472
2387
2555
257
1728
2516
5228
1252
1830
4093
3199
44
2074
1199
3254
4380
2044
4478
2884
5282
4629
2683
4811
3248
219
2621
5233
2984
4789
4053
4241
3518
4237
2425
3059
1733
4807
1702
204
4378
293
68
4435
3461
1264
5223
4287
1400
3216
4275
1201
912
2421
4646
4672
308
1106
5236
4295
1772
634
5091
5401
53
804
667
2246
22
5323
1178
4943
3656
1429
3586
5036
3304
3662
3761
1274
279
461
4216
3309
2064
1376
751
734
2909
1949
1318
4234
2088
3093
4762
4472
3977
1541
590
4023
1999
5318
5199
4662
710
3791
921
2599
4316
4619
1355
4744
3031
323
3787
1716
3557
2224
3266
4479
717
1664
4125
3176
3524
3192
998
2478
5079
445
2041
3162
2046
4138
3307
3606
511
3712
4415
2509
3160
4664
2233
3593
2053
280
1007
1475
1943
989
1633
4966
476
720
360
147
3774
1184
2999
4611
2232
3329
4861
1797
5398
4782
2675
2507
2366
4915
3648
2725
4205
1960
150
612
1568
3740
3812
2948
2331
1170
4019
303
2133
4171
1004
3625
1751
2347
827
3476
1223
170
3226
4383
1373
3837
187
373
1197
532
2294
388
1872
789
1308
2552
2970
1630
5256
310
1316
2648
869
3725
569
2339
3507
49
4616
1333
2394
547
245
3971
3626
2499
1297
429
3296
5268
1908
3074
5112
4995
4185
3357
2045
1494
4226
4164
2259
2279
1479
3649
1345
5
3351
4554
2151
958
2100
4402
5048
1407
4933
2925
826
2200
4013
1492
1227
1027
4589
2260
3384
4534
2326
3137
3419
2143
1781
4960
405
3473
1735
676
4967
458
3195
4014
2742
3312
3385
1623
1010
5346
1788
4674
2253
1399
2297
3478
944
5395
1338
3218
3149
3881
3415
553
93
3950
36
3631
2340
1477
3489
3580
5262
2641
2598
5087
85
1467
1732
1601
1374
4843
2267
4447
3421
73
4975
2338
4207
1254
4923
1365
3914
3082
5099
3303
471
2992
5238
4623
2954
247
3741
2819
370
2428
3703
286
3156
2533
2037
2710
1332
4784
4438
2658
366
4947
1810
4835
3365
5100
251
4025
1558
1219
1712
5171
4021
3612
3539
1798
2330
4444
4006
3501
5002
1048
2763
485
467
1415
5280
371
2439
2399
4891
930
1845
4334
3016
316
1989
146
635
211
318
4683
4046
1537
1256
3360
1948
1641
4745
3318
2225
1556
4459
1364
645
330
5362
4577
2587
3239
5061
2760
2511
2195
4276
2964
1627
987
1155
3413
3104
2057
5302
4003
3183
974
2588
2061
4974
2170
1272
3816
3723
3138
3449
3562
1917
779
1232
853
4095
4870
3909
536
4263
3400
4840
78
15
5245
3436
992
3956
3276
922
3535
3976
1383
3835
5088
4892
1510
24
2185
3493
3086
3
4282
1588
3636
4307
2123
3488
4907
2323
2181
5374
3324
970
4555
3577
600
398
4777
4671
2987
3217
488
561
3467
4018
2080
1238
4015
2849
5149
4165
3240
2856
5261
2644
4055
2537
3511
148
3504
4865
243
5180
4825
4100
4812
2709
588
3948
3549
2067
2148
4312
3431
980
3287
1612
2317
221
4890
2158
5110
5148
1466
794
2058
3058
3201
1890
1036
1234
1858
1662
4186
1207
4729
2591
3861
5107
3605
1938
888
917
5035
4265
3968
4759
1567
1694
3292
2618
4528
782
2159
3949
4060
1377
4322
5117
4020
4519
3179
1982
3135
1169
4346
2960
3794
455
1495
3224
3311
2762
3005
4369
1453
5381
2184
4948
5123
1283
179
2099
4805
1349
761
430
2142
4022
1852
2369
1547
4763
404
4258
4719
4748
2522
2664
4153
4694
5341
4077
3929
4548
767
4584
1311
2357
3111
946
3442
4250
1397
4608
1842
1419
838
4929
1331
5293
1418
3147
271
747
1233
574
4941
446
543
4427
525
4352
2027
580
2545
2206
3732
1902
1853
2508
2325
3821
5000
4198
1074
1981
4866
3355
824
4054
2054
641
2156
296
3114
4466
2071
391
3018
624
1118
4441
5108
3009
4817
582
4392
1844
1665
4668
2462
3440
1681
31
400
5222
5021
5287
2012
67
4819
4871
3561
2888
3671
2657
2000
1744
568
3048
3107
2681
4914
305
4940
3902
3640
2304
3995
2436
3437
4935
5166
3305
4665
3884
1041
1919
3347
3660
4297
598
4416
2227
4009
2023
2817
603
945
2160
776
3503
1298
843
5052
2544
2001
3410
2105
1765
4255
3441
3280
2672
4846
1778
2296
2358
1930
722
3229
2412
3499
5004
4268
1524
1093
1370
913
3286
1265
1819
3353
584
4236
916
2062
1056
3519
203
1879
1998
961
3165
2840
4201
1251
4418
4621
2107
3628
2293
4878
3618
1590
1031
3930
3390
468
2853
1953
2724
1042
4755
4031
5041
1648
985
1569
1574
3013
5359
4655
5397
1427
4079
549
1837
2885
3918
307
903
786
2679
1411
4638
706
1029
2368
3873
1183
3379
338
3836
1246
1865
1501
2919
3776
3134
3095
5162
4313
4783
4502
2826
1815
1941
2667
2135
4612
5092
4761
3445
1131
3516
2694
2269
3513
118
4130
212
1940
4741
2384
2203
788
1859
4766
2695
2236
3272
1102
4996
3697
2561
764
671
1551
3187
2808
3078
1910
1242
101
836
2838
4693
5324
4603
956
2090
2245
713
111
410
1340
2089
1546
3443
3599
1914
4869
