3204
1678
777
455
1500
4467
2820
1615
2644
1371
3009
1714
4149
2799
572
1358
3143
1523
726
5061
460
4859
2256
1687
4231
2027
1285
3919
1391
1795
1379
4473
1279
5189
2567
1594
4538
4358
4148
1715
4724
1710
2737
4638
878
4181
3066
750
2571
4686
2597
5351
5278
2656
2953
2856
3312
307
2620
1097
3394
4413
408
3410
3054
3853
1412
4140
1081
1406
2332
1994
4745
2097
4779
268
2290
1892
3775
522
5405
5299
3205
5295
4552
1745
2162
1808
730
2549
2320
757
1609
2787
711
4166
1540
1404
1771
195
852
4321
4417
4925
4527
480
386
2348
297
174
581
2430
4616
3349
445
3956
1981
1852
2394
5170
1330
4848
1040
3309
1302
1389
3744
4554
3105
3584
3523
4374
3667
2015
2732
1632
2592
3717
661
3411
2214
3169
741
3108
1923
2310
2969
3823
1135
1327
4899
3406
2193
1768
3351
3670
3833
2149
3504
1136
3267
4627
2468
4199
3721
120
5017
1683
3978
972
5284
61
1075
3275
5000
724
802
805
2550
4818
4223
4988
3684
3950
570
4758
3382
3455
4587
346
4316
4394
2347
4053
1920
3983
2711
3969
2486
2338
1481
4300
2727
5208
3825
2428
1167
1086
1741
5215
4309
1210
2718
3509
2560
4595
2723
1459
1560
1193
3967
2170
3170
3219
4514
4573
1156
2826
2143
5177
3555
3660
133
3175
4905
185
2333
478
2496
2518
817
3056
1363
3578
4272
125
1341
1563
3966
463
2087
3740
2311
1314
1720
974
4254
1388
2003
2113
5028
4846
441
5302
4754
1369
1805
1431
3343
5112
5160
4396
2651
3164
5281
3713
1891
2030
2102
982
2513
2733
3153
995
833
3885
4177
4880
1676
771
3278
2675
2889
3817
1950
2096
3733
407
1559
2265
3077
164
4950
2090
1138
5396
2918
3418
867
810
4594
3115
3422
4904
1320
218
3894
1916
5339
4878
3812
2472
1161
2645
2531
709
1414
1894
1378
1875
2769
887
2836
2772
1424
1567
448
3784
471
1859
3789
156
165
250
4389
4729
1505
1224
4875
4041
4549
4512
3283
3242
3294
4576
1884
2625
1983
1762
779
3261
2777
4604
993
5104
540
213
1675
1458
3569
2663
5248
4197
2572
2668
3643
3585
2388
1784
4679
4579
5316
2204
1298
5027
1565
1838
106
3564
4235
2993
4584
2262
1717
4570
912
4277
2122
3498
4692
1238
3370
3399
3811
245
2031
964
2967
2829
4304
1080
2242
538
2155
2360
3091
1066
1009
2219
42
4864
2306
1520
5202
3856
3835
2039
5365
2936
2687
748
969
1640
4308
5018
2616
4103
1557
498
4879
615
248
3104
4507
4459
4568
5128
4643
447
1486
2615
4502
1140
4761
2684
1399
4941
3384
5210
4310
2883
1633
3963
1377
3070
387
5265
4085
2886
1756
3223
676
2770
4974
5180
2933
3571
1694
4839
763
358
5289
5401
182
5238
2693
240
1062
259
5150
5032
3297
5059
1925
3760
4482
2441
2024
2250
505
738
5343
2729
4211
4756
3317
1911
5050
3342
4869
128
1849
2873
2834
3167
1342
714
5337
4182
3653
888
1526
4290
2199
1962
3446
978
3688
309
1889
4530
1326
610
4870
845
3804
4490
5116
1634
5168
3951
4558
1618
1779
4937
3975
4158
5400
2516
3002
223
4202
4624
4934
3442
3513
2373
863
2860
5244
1827
3051
1441
846
154
3527
4508
5373
2114
492
319
2538
4102
4161
1415
2897
1043
3122
512
4170
421
3970
3389
4426
4112
1586
3898
1303
1614
948
4091
1198
5107
4858
4813
140
2912
3618
2909
3851
411
818
2980
2771
4711
2007
4210
3133
4113
1858
2052
1968
3540
5198
3707
3828
5121
5257
4240
2069
4545
1999
4767
732
58
642
4048
849
4860
3877
3055
2599
2501
3211
1498
895
3440
2135
517
4680
1648
767
2362
3957
1462
2300
3939
3889
5270
2626
5366
4230
382
4742
3953
3559
416
5286
4917
3818
4572
1991
5187
4709
699
3904
330
4533
962
4445
5294
2318
2730
4631
2998
696
2640
1673
5139
2529
3220
519
4138
3371
428
5399
1092
2924
2167
331
3704
3778
881
176
4342
3377
3496
2927
2817
665
3322
3867
5259
4415
2749
1059
534
3031
2356
4589
5350
4480
392
317
1989
4341
999
423
3138
3141
3810
5382
1854
3921
2141
1803
4371
318
2012
2641
4292
3899
1113
4922
955
3841
2352
1947
1296
5394
3820
4205
1530
5340
1531
3955
2590
4376
456
1220
1029
5120
526
3738
60
4961
806
1918
3302
648
1174
4017
4759
2742
4682
277
733
639
2902
461
4555
5076
3337
496
3814
1306
5035
2080
892
5331
3114
5393
3475
2085
4028
1488
5190
2717
5064
4603
1512
4497
2418
1797
1186
2134
167
4781
5034
5348
2072
3974
2720
4930
2757
105
2454
782
4646
1056
3027
1913
4123
4832
4810
3621
2822
801
1065
3802
5138
282
1657
4320
3508
3624
1085
5197
3719
4266
1052
3808
1041
2280
207
1740
2735
904
1295
612
893
4657
5052
708
4233
3791
4499
577
3209
3614
4535
1347
3184
3685
2009
2307
239
659
4837
579
2100
3174
1484
3154
2776
2379
5023
1226
354
2547
3503
4037
5066
4122
444
2989
3690
1217
4184
2759
398
3282
1372
76
4204
3182
2576
5371
963
4569
1230
168
3872
1268
4835
210
2079
5015
1154
1624
3110
1653
2327
3941
3065
4632
1727
2526
1587
1485
945
1243
4822
4283
4323
2705
673
4055
1828
3099
4751
3345
5354
2961
3213
4602
1509
1790
1468
4157
4888
1902
1752
2264
299
5318
5182
1782
1818
663
584
2659
1175
2209
3874
4707
4914
4547
5388
1912
4407
2716
3574
3290
4362
4035
4403
1312
1942
2608
1583
1608
3613
45
504
2896
2692
4786
1973
28
2195
4524
2387
5134
5109
283
1239
4395
66
4964
1794
494
1868
4750
65
3586
3943
1785
3444
2078
2465
4583
2821
4733
99
3992
2765
5220
3181
