1084
3288
1437
102
1501
2798
5303
1351
2240
3357
4938
4590
1124
2405
2331
1770
3536
3779
3237
3915
3359
3176
3722
2951
5225
1206
19
4505
5101
2624
3762
1915
2809
4819
1301
5250
2334
3035
2888
2974
1815
585
1537
593
4424
836
1114
1384
3113
783
4214
3334
774
4387
1400
1751
1558
975
5010
1742
4143
155
3637
4333
3581
1061
2330
4804
2062
5048
5234
1700
2653
5040
3447
2946
3625
2239
338
4301
2617
2446
4509
2006
1603
2635
1964
3816
4110
3436
3495
3058
2179
4521
3147
3754
4705
406
3402
4532
184
2880
3932
990
4728
482
4279
1571
4849
2103
5083
4585
4998
3501
1732
4994
2018
5304
1519
2350
2578
907
4792
1344
1692
1584
1966
2186
3695
4319
3356
2241
3224
4338
624
2604
4979
3558
1025
1251
5378
2011
3801
854
5276
2598
1922
930
2585
1368
5030
32
906
764
2411
1616
1478
279
755
4007
3909
1336
3681
1287
932
2198
1028
5021
5079
4671
62
82
1074
3936
4982
915
4683
2701
4537
1547
4634
2054
568
2573
4641
2449
4120
1582
2738
614
5392
5153
2126
3839
31
4004
1463
3271
3287
546
5275
2511
2407
2792
83
4689
1871
4910
4191
725
1202
952
1249
3338
5269
3788
464
1873
2450
52
1764
1345
902
1283
1023
1038
3745
493
2997
3611
2108
95
2845
1352
5263
2502
2636
3365
1639
3150
2683
4857
2485
1864
2315
4946
2431
2698
970
636
324
1339
1590
3910
3730
4923
2788
4619
3996
785
4057
3521
50
2832
541
1575
173
1821
1289
1480
2739
1881
3596
2869
1017
3766
650
1841
1427
4328
5144
3749
5131
5386
2894
3832
880
674
4529
3362
5051
4366
90
4851
221
5297
3729
2746
3258
353
4544
4040
2657
181
4976
5342
2158
2782
2119
3226
1580
2361
4855
4561
13
2629
2329
4985
2342
2115
4955
3020
323
5102
2947
5291
4642
152
5103
4895
4612
388
3240
1413
1407
1473
5245
2254
216
1394
5158
682
4597
1004
2316
1117
3023
3862
1018
4063
3201
1457
1491
3534
910
645
2427
3929
3207
1607
3045
4717
937
2484
2928
2091
4090
3316
3403
3647
1381
3414
3208
495
4188
2670
909
4317
1265
3698
4054
3866
600
3315
2153
996
2194
5258
3387
4928
4081
1636
3107
3433
828
1998
5137
2335
395
5256
360
4357
141
4494
5041
4263
3355
490
3490
2487
451
1663
2804
3756
3924
1355
3652
200
795
958
3954
3494
4153
501
363
2646
3393
1619
1050
5364
5122
4817
5008
2553
2249
203
4412
5221
500
4169
3178
4360
1464
1311
820
1508
2229
3232
370
2959
2773
3772
4267
4326
811
3044
4075
942
6
3689
829
5317
401
2508
956
4378
4097
3079
3608
1778
5292
2830
2359
3216
4940
2403
4718
326
5333
3335
4401
3640
47
26
831
2630
2020
3487
609
4361
4898
3795
1853
927
1761
936
4275
1802
3829
889
3245
4567
3617
1733
271
1668
2643
212
2235
3428
2621
2414
255
510
3869
2173
135
419
4862
3360
2053
158
3037
114
3236
2144
2695
420
3057
4506
92
2133
2325
1039
4152
1534
4867
1604
866
4408
304
723
1682
3272
1436
2655
4983
2033
118
3327
1460
4307
5127
1109
2180
808
2293
625
3553
4694
3146
3893
3944
524
4620
1376
1695
2301
5323
1176
2017
506
1187
537
3089
2404
1553
4970
315
4780
3140
1977
872
1209
5381
3510
3989
5020
1576
4607
2857
2142
2545
4226
2201
3396
5049
3454
3535
1659
4777
3522
613
4084
619
4370
5162
3622
548
1855
130
684
1965
1932
4127
4162
4647
788
5074
5176
2892
2756
3214
4699
751
5237
4969
2412
222
4118
2802
123
4610
4796
3380
3052
25
4136
4654
4367
1255
3383
946
2050
3576
1856
3686
3805
5194
2211
797
987
2569
1679
1791
627
3341
306
1822
1429
4548
746
3013
2206
2448
2721
2061
4640
3468
3434
1597
17
5007
2466
3404
4740
3344
4121
5206
3281
2088
2410
3844
153
3392
2970
1755
670
4192
1979
300
3265
1149
1552
4237
798
2503
697
2602
2661
5231
919
4460
4144
4704
2400
1934
1747
1823
3669
1274
2037
4773
1831
3603
698
1658
2328
3482
3012
4827
3353
3995
2827
4194
590
4493
2305
1292
3083
2429
2581
4187
744
1665
1660
2852
2611
918
1997
84
1318
5213
433
313
4757
3879
1834
1885
1757
826
2146
685
4104
2565
4517
4185
4329
23
754
2019
4422
2778
5151
1047
1375
2416
3354
402
812
3907
1382
73
4541
4425
347
1096
2432
3134
1956
1418
457
1158
5332
219
278
1055
3478
652
1108
1123
2459
2036
2781
4696
1185
2439
5047
4476
772
690
220
2551
9
4246
1945
5301
3715
861
2137
2
450
4468
1862
5212
2779
562
3752
1837
4865
1223
4215
3129
4221
1804
3680
3918
2628
281
4414
3519
5228
4562
4788
1497
5119
1315
2025
365
453
592
2943
2811
5277
3
3612
4064
3462
557
2406
3257
2393
2849
525
5313
2076
2976
3076
2605
4834
2433
4455
4083
3972
1416
3512
3007
2252
3610
3067
5135
3347
4274
2507
163
3277
4791
1816
1190
5169
3074
68
3160
5081
3671
3524
3765
4536
1767
712
3145
1293
899
4190
4212
1083
2341
3737
4359
4489
2032
2985
4052
5329
4258
662
4383
4032
587
4664
3292
573
2854
3252
3976
1073
3803
3120
1133
1971
1905
3906
4628
1539
54
5374
4108
4208
2722
743
520
2294
5011
312
4933
1529
5271
5060
2632
1939
335
291
440
1975
1010
3375
502
2853
4926
340
5310
1897
1680
1612
4626
262
1211
2298
1309
4778
4668
2283
3541
1726
2436
3526
514
4331
1184
3694
2878
1000
4966
2814
776
869
3441
3565
815
2092
4067
261
4815
4397
4775
5285
1544
4076
2986
5006
707
1269
1474
1219
4273
59
2964
4582
104
1337
3239
1592
3926
1908
3171
3848
3445
1494
4434
2353
3888
3703
3635
3041
4033
2803
1271
405
4475
4774
24
3562
2001
5191
633
3212
376
564
1518
1024
4049
5037
1696
341
944
4109
4045
1976
1810
4095
3854
1561
374
4901
1201
489
5397
3781
2647
5133
314
4236
3531
4345
4189
2863
790
3903
794
4248
756
2614
2297
2825
4348
3747
2070
1060
824
1483
5004
187
2494
2273
3979
3799
4013
4840
2049
4525
1205
2367
832
4906
1848
322
3476
1256
4335
1122
8
35
897
1737
2323
1048
1089
3166
4618
2864
3641
3792
2396
2748
2184
414
3864
3421
4623
4020
4658
3514
5147
1350
4932
4213
4673
2197
3697
2689
2210
2914
5044
5106
5254
622
4764
1963
3235
2029
3137
234
2786
2026
4801
435
260
4134
1972
399
1340
2453
3666
3229
3980
1353
4942
2339
4556
4111
3222
4079
228
2696
2125
3161
3914
2385
2579
4987
4710
1262
3797
2276
1282
1835
1623
4101
3251
860
3960
5195
3739
4850
449
1357
4437
2719
4769
3425
2929
1814
3279
3949
3451
5262
2381
1949
1439
1272
198
311
14
4281
467
700
3655
789
5054
2377
1143
2548
3087
1750
2022
556
1030
189
2101
1510
4388
1402
3144
1533
4909
3128
2127
205
5376
621
4990
1568
3961
2542
4100
555
1373
4615
3887
2907
2948
5183
296
857
458
465
2160
842
1722
4327
2706
1691
2438
4731
1145
532
5368
3172
2847
4337
4465
3299
2225
1988
29
4763
2593
4069
2145
5085
968
3573
429
4980
1522
959
3470
4036
775
2493
4747
2708
34
4782
3391
276
2082
3985
2966
5223
2887
2744
5300
5390
1385
3183
2877
3677
3665
1800
4451
4128
4829
3152
4737
1456
3303
1071
4755
1067
369
2755
4765
1550
367
352
2905
188
821
3011
4098
1628
2399
1189
976
4096
559
4086
3548
473
2634
3627
226
2374
4092
4688
1242
933
2188
3945
655
3843
4916
2034
4078
2109
3151
1738
3420
3431
2703
2035
4972
3958
1072
4129
5217
4024
427
5130
79
3003
5252
3683
1677
2370
3525
5072
4462
649
2251
3180
2008
108
5071
4470
274
883
1840
3847
759
4749
4824
1212
1361
947
4022
4392
373
5056
3324
4418
5377
2230
3276
5201
728
2366
1452
2136
827
391
3606
4089
1513
18
1031
1532
527
2107
3313
2858
4793
1970
474
5260
5352
3249
1472
5219
3692
2660
3206
3902
3179
1284
4087
1564
145
3374
1878
364
1817
529
4887
4578
2302
5171
2477
3533
397
1423
3511
4891
4216
1451
2539
2303
3971
3492
1980
800
1515
2495
301
1386
929
1538
3700
558
1490
4294
718
3332
2150
499
3544
5261
3837
4479
4005
462
2515
3228
3702
1417
3243
2157
2071
5031
4365
896
1148
1524
1896
4409
1013
4881
5174
2312
1333
4575
1525
1599
5124
1701
403
702
389
3021
2286
3925
3131
1428
2461
4721
348
3842
973
146
2638
4487
2824
3884
620
72
4400
4730
1168
3043
3346
4967
328
870
3130
951
2041
4531
1088
784
3630
2607
1602
3429
1349
3304
1954
2467
3982
657
3592
4002
4061
3500
2841
4515
1257
589
2452
85
3809
230
3038
46
4919
4886
1443
3642
5166
3463
2123
1247
5156
1398
823
2917
2172
4799
3395
4018
5205
3464
2045
1825
1160
2725
5179
2000
1199
2885
5068
1405
5247
3890
2794
681
3024
290
2392
1042
5022
3545
5308
5077
44
2425
1002
530
4429
1666
1901
3227
4676
885
4066
443
4261
160
356
357
3815
4571
2650
4746
5026
1749
110
4639
78
69
5383
3268
4029
4952
5230
1773
2243
2178
923
3716
3827
1707
1638
4920
4330
2463
2672
859
1068
242
1324
1731
4381
1012
3638
3448
2667
2057
4200
988
4379
4469
1454
2752
3549
4783
3878
3379
669
4663
4257
3588
1387
675
3773
565
1433
483
3126
4513
3103
1656
3340
3253
5288
4156
2368
2801
5239
2665
1106
4735
2289
361
1826
719
847
5307
3080
766
144
1940
1027
270
1758
1076
825
470
343
749
3987
2731
1094
3897
3084
1955
249
4168
2838
3286
5164
5132
668
686
4911
2260
2596
4050
1661
940
1786
3071
3008
4963
1990
3373
377
4019
2715
3293
3780
3225
4661
3753
253
1183
2106
3036
1157
2823
4753
4239
567
1300
3880
3085
4454
175
695
3870
1996
722
3712
5016
2639
3192
2956
4132
122
1111
4363
2603
838
4201
1107
1422
56
1297
3094
1150
4082
595
3481
914
2213
1411
5154
5207
4706
1276
121
3320
4893
5293
1021
359
2724
2563
112
5003
715
3336
1807
1748
349
2648
898
3726
1649
3096
4708
2546
1938
5157
3474
3329
4457
2795
660
3049
2295
1928
2921
2562
2768
1935
1203
4843
3857
4732
4984
4907
3039
2047
113
4811
739
1851
2903
4245
4225
2489
3158
5175
5274
5014
2336
5395
5363
1120
3238
4336
2442
2013
1503
1549
3834
1705
1898
3197
4247
4744
1308
3570
4510
1951
4997
2175
2391
2351
1551
325
4164
2535
3497
4220
692
4126
3999
705
2750
4613
5193
4687
729
3408
2791
432
89
86
4943
3199
1645
4666
2083
3993
913
4622
1872
4250
1244
5036
3731
1605
1763
1356
1652
4540
4377
1914
4056
813
3609
2451
761
2806
841
2879
1165
3363
1801
1129
1829
3661
2882
3651
5391
4038
12
1588
5334
4633
5290
5167
2038
409
1403
4186
3162
3014
4725
2226
551
4882
4264
2277
2783
1116
2944
38
4935
1278
4446
2867
3255
476
126
2839
4010
544
3331
3295
3435
5118
214
2040
303
819
839
5211
3305
3466
1830
1192
2583
3485
1697
1504
2139
5403
2973
1264
4270
345
384
640
3645
4260
1846
4405
5296
2876
5
2140
3800
1098
4464
1331
4472
1231
2440
5042
2278
4516
3913
1332
3876
4712
736
2355
3280
924
258
2154
2954
1321
894
2554
1003
4520
