1084
3288
1437
102
1501
2798
5303
1351
2240
3357
4938
4590
1124
2405
2331
1770
3536
3779
3237
3915
3359
3176
3722
2951
5225
1206
19
4505
5101
2624
3762
1915
2809
4819
1301
5250
2334
3035
2888
2974
1815
585
1537
593
4424
836
1114
1384
3113
783
4214
3334
774
4387
1400
1751
1558
975
5010
1742
4143
155
3637
4333
3581
1061
2330
4804
2062
5048
5234
1700
2653
5040
3447
2946
3625
2239
338
4301
2617
2446
4509
2006
1603
2635
1964
3816
4110
3436
3495
3058
2179
4521
3147
3754
4705
406
3402
4532
184
2880
3932
990
4728
482
4279
1571
4849
2103
5083
4585
4998
3501
1732
4994
2018
5304
1519
2350
2578
907
4792
1344
1692
1584
1966
2186
3695
4319
3356
2241
3224
4338
624
2604
4979
3558
1025
1251
5378
2011
3801
854
5276
2598
1922
930
2585
1368
5030
32
906
764
2411
1616
1478
279
755
4007
3909
1336
3681
1287
932
2198
1028
5021
5079
4671
62
82
1074
3936
4982
915
4683
2701
4537
1547
4634
2054
568
2573
4641
2449
4120
1582
2738
614
5392
5153
2126
3839
31
4004
1463
3271
3287
546
5275
2511
2407
2792
83
4689
1871
4910
4191
725
1202
952
1249
3338
5269
3788
464
1873
2450
52
1764
1345
902
1283
1023
1038
3745
493
2997
3611
2108
95
2845
1352
5263
2502
2636
3365
1639
3150
2683
4857
2485
1864
2315
4946
2431
2698
970
636
324
1339
1590
3910
3730
4923
2788
4619
3996
785
4057
3521
50
2832
541
1575
173
1821
1289
1480
2739
1881
3596
2869
1017
3766
650
1841
1427
4328
5144
3749
5131
5386
2894
3832
880
674
4529
3362
5051
4366
90
4851
221
5297
3729
2746
3258
353
4544
4040
2657
181
4976
5342
2158
2782
2119
3226
1580
2361
4855
4561
13
2629
2329
4985
2342
2115
4955
3020
323
5102
2947
5291
4642
152
5103
4895
4612
388
3240
1413
1407
1473
5245
2254
216
1394
5158
682
4597
1004
2316
1117
3023
3862
1018
4063
3201
1457
1491
3534
910
645
2427
3929
3207
1607
3045
4717
937
2484
2928
2091
4090
3316
3403
3647
1381
3414
3208
495
4188
2670
909
4317
1265
3698
4054
3866
600
3315
2153
996
2194
5258
3387
4928
4081
1636
3107
3433
828
1998
5137
2335
395
5256
360
4357
141
4494
5041
4263
3355
490
3490
2487
451
1663
2804
3756
3924
1355
3652
200
795
958
3954
3494
4153
501
363
2646
3393
1619
1050
5364
5122
4817
5008
2553
2249
203
4412
5221
500
4169
3178
4360
1464
1311
820
1508
2229
3232
370
2959
2773
3772
4267
4326
811
3044
4075
942
6
3689
829
5317
401
2508
956
4378
4097
3079
3608
1778
5292
2830
2359
3216
4940
2403
4718
326
5333
3335
4401
3640
47
26
831
2630
2020
3487
609
4361
4898
3795
1853
927
1761
936
4275
1802
3829
889
3245
4567
3617
1733
271
1668
2643
212
2235
3428
2621
2414
255
510
3869
2173
135
419
4862
3360
2053
158
3037
114
3236
2144
2695
420
3057
4506
92
2133
2325
1039
4152
1534
4867
1604
866
4408
304
723
1682
3272
1436
2655
4983
2033
118
3327
1460
4307
5127
1109
2180
808
2293
625
3553
4694
3146
3893
3944
524
4620
1376
1695
2301
5323
1176
2017
506
1187
537
3089
2404
1553
4970
315
4780
3140
1977
872
1209
5381
3510
3989
5020
1576
4607
2857
2142
2545
4226
2201
3396
5049
3454
3535
1659
4777
3522
613
4084
619
4370
5162
3622
548
1855
130
684
1965
1932
4127
4162
4647
788
5074
5176
2892
2756
3214
4699
751
5237
4969
2412
222
4118
2802
123
4610
4796
3380
3052
25
4136
4654
4367
1255
3383
946
2050
3576
1856
3686
3805
5194
2211
797
987
2569
1679
1791
627
3341
306
1822
1429
4548
746
3013
2206
2448
2721
2061
4640
3468
3434
1597
17
5007
2466
3404
4740
3344
4121
5206
3281
2088
2410
3844
153
3392
2970
1755
670
4192
1979
300
3265
1149
1552
4237
798
2503
697
2602
2661
5231
919
4460
4144
4704
2400
1934
1747
1823
3669
1274
2037
4773
1831
3603
698
1658
2328
3482
3012
4827
3353
3995
2827
4194
590
4493
2305
1292
3083
2429
2581
4187
744
1665
1660
2852
2611
918
1997
84
1318
5213
433
313
4757
3879
1834
1885
1757
826
2146
685
4104
2565
4517
4185
4329
23
754
2019
4422
2778
5151
1047
1375
2416
3354
402
812
3907
1382
73
4541
4425
347
1096
2432
3134
1956
1418
457
1158
5332
219
278
1055
3478
652
1108
1123
2459
2036
2781
4696
1185
2439
5047
4476
772
690
220
2551
9
4246
1945
5301
3715
861
2137
2
450
4468
1862
5212
2779
562
3752
1837
4865
1223
4215
3129
4221
1804
3680
3918
2628
281
4414
3519
5228
4562
4788
1497
5119
1315
2025
365
453
592
2943
2811
5277
3
3612
4064
3462
557
2406
3257
2393
2849
525
5313
2076
2976
3076
2605
4834
2433
4455
4083
3972
1416
3512
3007
2252
3610
3067
5135
3347
4274
2507
163
3277
4791
1816
1190
5169
3074
68
3160
5081
3671
3524
3765
4536
1767
712
3145
1293
899
4190
4212
1083
2341
3737
4359
4489
2032
2985
4052
5329
4258
662
4383
4032
587
4664
3292
573
2854
3252
3976
1073
3803
3120
1133
1971
1905
3906
4628
1539
54
5374
4108
4208
2722
743
520
2294
5011
312
4933
1529
5271
5060
2632
1939
335
291
440
1975
1010
3375
502
2853
4926
340
5310
1897
1680
1612
4626
262
1211
2298
1309
4778
4668
2283
3541
1726
2436
3526
514
4331
1184
3694
2878
1000
4966
2814
776
869
3441
3565
815
2092
4067
261
4815
4397
4775
5285
1544
4076
2986
5006
707
1269
1474
1219
4273
59
2964
4582
104
1337
