383
4743
2397
2051
4560
2491
4312
3123
5209
2920
1181
1948
2931
1917
4062
2988
3015
3743
4332
3682
1844
2419
1536
3018
1448
2023
4428
2734
687
5347
1601
531
3260
5080
3090
2557
1719
5165
2326
4800
3785
2700
2606
4807
3432
4351
3838
515
1374
721
3072
4863
4354
4107
1465
4193
1069
4927
1904
2797
3807
4077
2932
3886
876
1346
1419
2994
2005
1260
1574
508
1172
791
4842
5404
437
5092
2807
2935
2713
905
1471
2609
5319
4340
5123
236
2633
272
5082
2846
1650
4908
1362
5204
1993
2220
678
3381
4971
4433
2060
2955
2753
2940
835
2233
552
4526
1754
3471
4372
3306
2506
2982
3368
2763
3063
4043
3599
1121
618
5253
1888
3767
2131
3678
2457
1730
2972
2284
3034
1442
4931
1496
566
204
4296
4068
641
4776
5062
3566
4269
4805
4115
3572
192
3632
2790
4324
48
3059
1151
980
3352
434
3556
4518
2196
2642
3450
1507
3427
4314
5345
162
1234
2117
3582
4458
3218
217
4042
1631
3935
5355
3821
1
100
1937
3706
2528
4268
33
4141
5338
257
1166
4534
1045
2423
2296
908
1229
1788
4736
1591
404
3030
127
1286
1570
1887
1941
4133
5232
2805
4936
2168
1595
5356
4347
3770
3163
4249
3790
5315
4198
4960
1007
1266
3298
3757
1020
3934
2163
5380
4130
4369
3068
2893
2413
3750
3699
266
225
1780
3217
4404
2390
5246
186
3796
1793
2043
417
2291
1493
4244
1125
2128
1348
1078
1542
4027
934
626
1562
5370
3517
1146
706
2456
4831
224
275
3078
2185
4814
2212
1064
2473
2950
2231
1188
658
2815
94
3615
487
549
2514
1842
3100
1366
3577
4406
4816
2922
4770
1921
4228
1926
2808
1843
3598
103
2344
1241
4695
287
1313
1294
2183
2480
4519
2926
647
3244
3507
966
2977
2840
254
875
4159
965
778
3073
5322
2537
2174
561
4645
4175
3560
4297
1992
3262
3793
201
2371
666
2208
943
4349
578
1824
3528
737
3567
4105
1647
2810
5073
3062
2555
4015
5043
5268
4973
5282
1589
3776
342
3159
1637
2941
1410
5186
607
5002
4669
5273
3095
1766
3477
1263
3106
67
594
3190
1867
4251
5218
5115
5163
4897
5188
5117
3675
1216
2544
2266
2558
481
2962
582
4992
2077
4146
2016
161
3587
1541
4854
1930
3518
731
472
3515
1651
2056
233
5025
4
273
4334
4546
2978
4896
4232
3092
1489
1625
366
1128
4968
2152
4163
2709
194
1929
3923
4945
41
284
2248
2552
1776
3591
2111
2263
3938
1907
4714
4803
4491
431
4485
4872
4957
3930
3453
630
3764
3269
1903
1099
925
608
3962
3010
5367
1672
916
37
2267
2559
4399
762
1365
2654
2536
1095
2601
4748
4528
4000
1711
3405
1170
4566
992
3266
4825
3646
1969
64
1319
1535
2380
787
3758
3639
2865
3633
3623
101
2833
1001
2669
1397
983
4218
979
2666
536
1944
2046
745
4826
396
830
1057
2346
3460
3896
4025
2524
4222
2760
3502
1395
3048
3473
3626
2382
53
4443
1777
1305
4504
3291
400
1222
1716
4229
4892
5033
3333
3364
381
4492
4784
3210
5111
172
2415
3499
4690
2844
4719
5243
960
2898
5229
375
4364
339
3718
967
2505
3798
1796
454
5038
4820
667
597
5173
2520
1967
4915
1746
5065
394
4734
2957
2281
2132
4174
1246
768
3858
3234
3109
891
332
2999
229
3920
1600
4630
190
5298
4989
928
285
3029
1514
953
2702
4991
1014
2789
1053
5141
4180
2398
243
1792
2292
1261
1325
3259
4436
554
111
4478
1799
2376
2623
1961
3185
3735
3198
5019
1704
2148
1839
2268
1708
1743
3469
1317
4306
4580
2697
1739
1957
2900
4171
3968
5063
3882
1093
1115
957
5136
1063
4276
4398
4693
3005
5346
4588
1215
178
4874
1112
3449
2694
4131
1101
4256
4356
4484
2793
4313
2257
1208
2499
3098
2200
3732
3658
2652
4741
1985
2237
5143
2218
2443
1865
3977
3593
5009
2906
2519
3157
5067
1642
1232
7
3250
2120
2990
4944
129
3736
4241
2916
1044
4606
136
1728
3550
2859
81
3787
679
1900
2699
2866
935
1444
3881
3693
2192
5046
2523
2975
1090
637
4564
3912
1253
3366
4450
3417
1927
3990
117
244
1207
4739
3845
2269
3768
1811
2375
491
1974
5279
4466
2217
4617
851
3616
2205
4866
459
2594
4836
804
1646
1543
5055
5058
1664
691
3855
5084
371
4165
5314
4001
4648
2577
1026
3822
4809
2741
3028
1556
2319
88
3047
2434
3458
3017
3088
10
4592
4486
2476
336
2324
1516
1034
2580
1467
1596
132
4785
2363
1164
238
2444
2271
3188
1396
5358
5199
671
1572
4382
4662
5105
4065
4139
2960
3086
2619
4559
2358
4481
251
2064
1142
2728
1213
4577
2767
2517
4003
1104
4986
4137
2890
4889
689
3480
2247
3061
3452
4172
2202
997
4072
4873
5001
2850
1713
3419
4011
51
4621
2911
3871
4551
3850
1380
3465
488
2952
3274
3053
2488
1144
3607
4675
901
3430
1789
4557
2055
3928
2492
3863
2395
3413
75
2812
3546
3891
4667
1857
1910
1946
4135
4207
4093
5387
3386
3004
921
2469
2564
1723
1455
2203
5267
288
4179
415
4949
2509
922
2165
256
2479
4439
424
3111
2282
4716
3112
4219
3196
446
5086
939
2591
77
4471
4921
991
547
4939
3221
2688
1753
2383
4384
2075
704
3233
390
2987
55
87
3654
40
197
2164
1195
2664
1809
5005
634
2028
4600
293
1051
3493
4285
333
1959
2818
93
3350
150
3025
5361
4691
372
247
2372
1155
3746
3636
4674
2470
1214
1899
1171
3981
4173
4611
5095
2631
4147
2743
2983
1863
232
528
4463
3997
3723
321
3385
2462
2780
799
5336
4828
3247
5192
683
4797
1721
2234
3725
344
1252
2751
834
850
3710
4685
1194
2110
134
4861
1233
3097
4500
1832
3155
920
4677
2497
5222
3601
4605
4913
5385
246
1573
4044
3241
3424
2745
3940
4031
4912
3543
2674
1943
3554
1173
1126
2764
115
4956
931
1845
2915
316
760
3895
2613
2308
2389
3868
4265
822
3520
1886
5196
803
5149
734
3050
4581
4726
1511
3491
2074
4649
2881
4217
672
611
3824
2874
3751
4598
1275
4856
843
848
814
3933
2369
4125
781
606
1033
971
5349
4975
4030
3069
3001
716
1555
1861
3285
5227
2908
868
3400
4106
2299
4830
2116
2345
1196
289
770
623
4656
4411
4698
3075
3783
5287
5152
574
765
4845
2084
2843
3189
2530
5379
4423
466
4798
5088
3650
4812
3125
4427
1698
486
1995
4852
1218
4391
3676
3701
3663
3777
773
2963
4373
2813
166
1248
412
4238
430
4318
2979
3937
57
1118
2996
227
4352
3551
4124
2568
4650
4034
2968
1620
4449
5249
1254
1487
3673
3947
4596
2221
327
179
4890
3575
646
1130
2222
981
3479
2861
3264
5142
4026
5140
3831
2161
3149
4790
305
5398
5233
147
170
410
2004
2712
4059
3194
3488
4209
3547
2402
2187
4652
2002
1806
543
1343
5146
643
43
2831
4339
1425
4195
4511
3390
5344
2386
4435
4871
4142
1393
4794
4350
3415
1191
2042
2533
4284
1953
1177
2541
469
5306
3998
4375
2649
180
169
3927
4701
4203
1662
1163
1735
485
602
96
294
5155
4591
4806
1335
926
4009
2676
1882
5070
4665
3486
2086
3284
1877
2570
1426
1684
786
2586
1359
3203
2796
3542
900
159
3248
977
267
442
3438
3369
4599
1137
70
4608
1622
5311
2216
2512
320
3705
3142
2938
177
1960
3759
3849
844
2870
3813
355
5214
3348
533
1693
2021
5098
1585
2627
3942
1159
1200
583
2819
2447
5242
5359
2166
2510
2401
1579
3644
2455
4495
3991
2048
2543
2679
4550
2420
3964
3506
4178
2575
1032
1581
215
856
5045
3168
4346
961
3657
4060
4959
4522
4293
3270
264
1035
1725
1323
2681
1836
2710
4430
3529
3557
3580
1765
1506
2275
1482
656
3328
298
2365
30
2255
752
310
2622
4145
5384
553
703
1304
3505
1015
2504
2901
97
2919
3119
151
4447
1866
452
2081
4094
2478
4014
4012
2574
4553
5069
143
4995
4601
1893
2059
3082
4653
747
1141
3314
2437
3597
4752
984
4343
2673
4978
4629
