3239
1592
3926
1908
3171
3848
3445
1494
4434
2353
3888
3703
3635
3041
4033
2803
1271
405
4475
4774
24
3562
2001
5191
633
3212
376
564
1518
1024
4049
5037
1696
341
944
4109
4045
1976
1810
4095
3854
1561
374
4901
1201
489
5397
3781
2647
5133
314
4236
3531
4345
4189
2863
790
3903
794
4248
756
2614
2297
2825
4348
3747
2070
1060
824
1483
5004
187
2494
2273
3979
3799
4013
4840
2049
4525
1205
2367
832
4906
1848
322
3476
1256
4335
1122
8
35
897
1737
2323
1048
1089
3166
4618
2864
3641
3792
2396
2748
2184
414
3864
3421
4623
4020
4658
3514
5147
1350
4932
4213
4673
2197
3697
2689
2210
2914
5044
5106
5254
622
4764
1963
3235
2029
3137
234
2786
2026
4801
435
260
4134
1972
399
1340
2453
3666
3229
3980
1353
4942
2339
4556
4111
3222
4079
228
2696
2125
3161
3914
2385
2579
4987
4710
1262
3797
2276
1282
1835
1623
4101
3251
860
3960
5195
3739
4850
449
1357
4437
2719
4769
3425
2929
1814
3279
3949
3451
5262
2381
1949
1439
1272
198
311
14
4281
467
700
3655
789
5054
2377
1143
2548
3087
1750
2022
556
1030
189
2101
1510
4388
1402
3144
1533
4909
3128
2127
205
5376
621
4990
1568
3961
2542
4100
555
1373
4615
3887
2907
2948
5183
296
857
458
465
2160
842
1722
4327
2706
1691
2438
4731
1145
532
5368
3172
2847
4337
4465
3299
2225
1988
29
4763
2593
4069
2145
5085
968
3573
429
4980
1522
959
3470
4036
775
2493
4747
2708
34
4782
3391
276
2082
3985
2966
5223
2887
2744
5300
5390
1385
3183
2877
3677
3665
1800
4451
4128
4829
3152
4737
1456
3303
1071
4755
1067
369
2755
4765
1550
367
352
2905
188
821
3011
4098
1628
2399
1189
976
4096
559
4086
3548
473
2634
3627
226
2374
4092
4688
1242
933
2188
3945
655
3843
4916
2034
4078
2109
3151
1738
3420
3431
2703
2035
4972
3958
1072
4129
5217
4024
427
5130
79
3003
5252
3683
1677
2370
3525
5072
4462
649
2251
3180
2008
108
5071
4470
274
883
1840
3847
759
4749
4824
1212
1361
947
4022
4392
373
5056
3324
4418
5377
2230
3276
5201
728
2366
1452
2136
827
391
3606
4089
1513
18
1031
1532
527
2107
3313
2858
4793
1970
474
5260
5352
3249
1472
5219
3692
2660
3206
3902
3179
1284
4087
1564
145
3374
1878
364
1817
529
4887
4578
2302
5171
2477
3533
397
1423
3511
4891
4216
1451
2539
2303
3971
3492
1980
800
1515
2495
301
1386
929
1538
3700
558
1490
4294
718
3332
2150
499
3544
5261
3837
4479
4005
462
2515
3228
3702
1417
3243
2157
2071
5031
4365
896
1148
1524
1896
4409
1013
4881
5174
2312
1333
4575
1525
1599
5124
1701
403
702
389
3021
2286
3925
3131
1428
2461
4721
348
3842
973
146
2638
4487
2824
3884
620
72
4400
4730
1168
3043
3346
4967
328
870
3130
951
2041
4531
1088
784
3630
2607
1602
3429
1349
3304
1954
2467
3982
657
3592
4002
4061
3500
2841
4515
1257
589
2452
85
3809
230
3038
46
4919
4886
1443
3642
5166
3463
2123
1247
5156
1398
823
2917
2172
4799
3395
4018
5205
3464
2045
1825
1160
2725
5179
2000
1199
2885
5068
1405
5247
3890
2794
681
3024
290
2392
1042
5022
3545
5308
5077
44
2425
1002
530
4429
1666
1901
3227
4676
885
4066
443
4261
160
356
357
3815
4571
2650
4746
5026
1749
110
4639
78
69
5383
3268
4029
4952
5230
1773
2243
2178
923
3716
3827
1707
1638
4920
4330
2463
2672
859
1068
242
1324
1731
4381
1012
3638
3448
2667
2057
4200
988
4379
4469
1454
2752
3549
4783
3878
3379
669
4663
4257
3588
1387
675
3773
565
1433
483
3126
4513
3103
1656
3340
3253
5288
4156
2368
2801
5239
2665
1106
4735
2289
361
1826
719
847
5307
3080
766
144
1940
1027
270
1758
1076
825
470
343
749
3987
2731
1094
3897
3084
1955
249
4168
2838
3286
5164
5132
668
686
4911
2260
2596
4050
1661
940
1786
3071
3008
4963
1990
3373
377
4019
2715
3293
3780
3225
4661
3753
253
1183
2106
3036
1157
2823
4753
4239
567
1300
3880
3085
4454
175
695
3870
1996
722
3712
5016
2639
3192
2956
4132
122
1111
4363
2603
838
4201
1107
1422
56
1297
3094
1150
4082
595
3481
914
2213
1411
5154
5207
4706
1276
121
3320
4893
5293
1021
359
2724
2563
112
5003
715
3336
1807
1748
349
2648
898
3726
1649
3096
4708
2546
1938
5157
3474
3329
4457
2795
660
3049
2295
1928
2921
2562
2768
1935
1203
4843
3857
4732
4984
4907
3039
2047
113
4811
739
1851
2903
4245
4225
2489
3158
5175
5274
5014
2336
5395
5363
1120
3238
4336
2442
2013
1503
1549
3834
1705
1898
3197
4247
4744
1308
3570
4510
1951
4997
2175
2391
2351
1551
325
4164
2535
3497
4220
692
4126
3999
705
2750
4613
5193
4687
729
3408
2791
432
89
86
4943
3199
1645
4666
2083
3993
913
4622
1872
4250
1244
5036
3731
1605
1763
1356
1652
4540
4377
1914
4056
813
3609
2451
761
2806
841
2879
1165
3363
1801
1129
1829
3661
2882
3651
5391
4038
12
1588
5334
4633
5290
5167
2038
409
1403
4186
3162
3014
4725
2226
551
4882
4264
2277
2783
1116
2944
38
4935
1278
4446
2867
3255
476
126
2839
4010
544
3331
3295
3435
5118
214
2040
303
819
839
5211
3305
3466
1830
1192
2583
3485
1697
1504
2139
5403
2973
1264
4270
345
384
640
3645
4260
1846
4405
5296
2876
5
2140
3800
1098
4464
1331
4472
1231
2440
5042
2278
4516
3913
1332
3876
4712
736
2355
3280
924
258
2154
2954
1321
894
2554
1003
4520
