5141
1887
4484
4256
1451
1973
4361
5379
127
3003
4866
3157
4255
3655
3967
1572
2659
284
3216
128
1525
3535
407
4124
1007
3476
5282
3446
605
2620
3585
3063
1627
3824
2160
503
3778
4722
5101
2145
3352
2162
3020
821
1983
4796
1318
1524
1803
4887
2633
4370
677
3023
3321
3873
0
3339
3777
2852
5061
2594
2034
3568
1480
1700
2281
4064
3317
3928
2459
338
3246
5123
2442
2872
1596
2194
4920
371
552
2027
108
2428
2866
3809
1986
4331
3519
2962
5248
1579
329
3846
588
2136
2419
197
2333
3941
4206
1486
2167
2504
1274
980
1598
361
5237
4635
3396
31
5355
5172
4258
4242
1708
1490
4052
2026
2343
3038
2432
4357
103
42
4233
1071
1735
4754
2618
2998
1517
1357
783
5126
3489
4407
4581
260
3488
5397
5140
3228
5294
1389
4647
1435
3472
3371
148
290
1352
4987
5133
1194
1755
5388
4732
997
1576
1174
667
3517
5246
3465
3635
364
1633
1509
764
4659
3730
1256
1643
153
4712
4637
530
206
4850
3466
3706
5287
1937
2809
2622
2074
3596
4270
5330
4615
2505
5169
2306
1800
2838
85
5310
4898
3453
1375
4900
1057
2508
3838
1692
445
5154
3834
3099
3012
4028
2855
4740
717
917
1829
5022
5295
3439
4724
3332
1936
1328
2423
1436
5097
948
2755
3136
3909
3410
34
3105
3697
3124
5223
4819
3283
1258
1787
2981
4353
2836
3032
1127
729
2832
3288
3471
731
516
1254
3770
2988
433
3491
4951
1246
5289
1397
2068
846
1330
4489
332
4127
1187
2400
2824
1050
4892
3540
1029
1938
2023
1210
3548
1182
1228
5250
2214
3653
3174
3167
1555
3116
2044
4146
2871
4910
622
2373
4380
3849
1253
4102
2344
4523
4076
3997
5127
4153
932
4705
4904
4297
2246
3713
687
2939
58
5155
3316
1299
4422
2320
2433
2146
3525
1606
1873
1730
3277
3290
3999
620
1957
3800
2524
1208
3592
1260
3103
35
4998
1709
2236
2995
3828
3805
3976
1088
3893
164
1842
1834
4634
781
271
791
4366
3484
4488
4676
2977
2810
3908
1378
2355
3282
3690
2953
3017
2366
4573
1719
3631
1063
2325
464
4830
4793
1526
200
525
4324
467
4780
4281
313
4771
406
2299
3220
4981
5019
2249
1717
203
4315
1823
2544
576
4453
1669
3511
704
1220
3419
3803
1678
3814
4271
2339
1379
4638
1615
3309
2040
967
4169
154
718
5357
3677
3202
1346
1273
652
860
4186
2749
2486
3281
4636
5323
4597
700
3081
1420
4171
3346
5342
1319
5018
2851
844
4925
4988
5256
1969
1734
765
3871
3432
5027
4686
102
1828
3980
4205
1037
3654
947
1947
784
5092
4187
3397
2187
5006
3201
3257
782
3395
4399
563
2699
5117
1219
4037
3345
3944
3060
1146
1491
5265
3998
2650
4010
1626
3487
3312
4751
4142
174
9
2012
859
1642
204
1035
5296
3688
712
4679
4089
572
1301
5025
2564
1179
1532
1827
351
930
1137
4858
4602
2799
1454
2065
2812
571
2714
2239
4633
2807
4572
5401
1085
4409
125
2626
1267
5193
1530
4094
5114
2415
4290
50
5091
2615
2705
3882
3764
1043
3126
359
2748
2584
1309
4822
1698
2438
1638
815
908
5168
2840
1877
5181
4587
3268
2670
553
4394
2545
4835
462
2835
4542
1321
3455
423
4373
3900
4061
1989
1836
794
2696
2767
4448
4915
3550
4596
1862
4433
4007
1465
1469
1585
634
2132
2079
3481
1476
4966
4428
5369
4891
4326
5052
2674
1447
3638
3213
4888
2258
489
3055
673
749
349
4367
54
1792
4283
522
2345
4673
2693
923
4612
3067
772
259
751
3477
5030
372
2773
2737
5016
4170
1593
2050
2730
2596
943
795
466
3624
4576
2756
2935
1996
1567
1051
3716
3604
837
1970
941
1849
4046
2588
4240
298
4738
3206
1382
3649
3001
2678
5233
2719
804
963
1248
4140
2774
4942
4628
216
1304
2141
3985
2526
3780
3665
3798
3231
2070
4974
1315
861
504
3434
4964
367
914
1884
4494
5191
88
2032
2862
2887
911
1811
1711
4992
4847
2387
1433
4468
4378
972
560
2672
4748
4718
277
4719
256
843
4451
4971
3176
2560
833
1914
1705
4020
2047
4486
4248
3229
4940
1918
2891
1092
5104
5358
4109
4483
1165
5396
1407
1686
617
2477
635
4104
4813
1103
2478
1046
4585
2334
2205
5279
4665
1910
1531
3539
672
1232
1533
1204
3933
5245
3211
2384
4728
4877
3033
5034
649
2181
1350
2488
4021
4828
2186
437
443
2503
295
245
1929
2462
2859
1176
1282
3475
4252
3602
3679
3726
5212
1128
3298
4389
2992
2290
287
1775
470
2201
2980
3927
4707
3773
3995
3340
2603
2606
3127
2703
1728
2811
1916
2402
1817
5012
4743
1925
4359
314
1280
172
1415
4185
1544
2656
2522
1110
2203
3058
1712
4818
5062
1355
4099
3703
1093
4539
1908
2924
3899
1955
4474
4912
3259
3050
1690
2914
39
469
393
5384
3486
1995
1119
323
3355
3236
3905
186
4756
2392
984
2202
475
2666
3753
1776
4735
1810
5167
4599
3610
1899
170
4334
3365
2130
4683
4791
4382
3156
1574
1142
1484
4689
4874
1536
425
3987
2484
5057
5149
1060
5268
3438
1404
1985
187
1624
558
3272
1765
556
874
2649
3379
2180
4921
3417
2092
602
1489
5136
2677
4157
4995
1250
1664
4667
1475
1477
1634
173
5340
2863
3830
3993
2642
3122
3946
4423
589
4078
1202
3682
5078
3074
501
1181
1954
578
2868
950
3305
1077
3889
937
1662
1215
2921
4350
5283
5005
4478
2038
1511
3029
1611
112
2396
5055
3347
3372
4068
276
650
3335
3181
5103
896
3975
969
3560
227
1448
5041
5085
4763
416
2436
168
4865
2006
4696
1293
2435
2637
5098
3979
4199
2470
1026
1881
534
5368
3341
1020
3955
955
1303
958
3714
251
2860
