951
856
871
2532
5159
5353
427
1723
4975
3614
3496
3287
4041
2193
1859
5239
4797
5297
546
4497
905
1005
5081
3193
4340
4926
4219
1300
383
3162
4136
4582
380
3743
1706
4711
1565
766
4645
2029
3337
2780
2061
3056
5328
2766
4131
2466
2085
3593
2165
4132
5044
1310
4537
1347
727
5164
3215
4741
4238
4452
2585
1001
832
1164
3642
710
953
4911
2750
5273
1249
1926
900
291
2215
77
4022
5264
598
5347
3139
117
5391
1391
1771
713
1279
1090
1604
2321
4096
789
898
887
4805
5378
3008
280
2580
978
3007
144
3783
2776
2643
5383
405
3203
1195
1139
454
3292
4916
1070
1923
750
1560
3530
1429
3557
4060
5288
2365
2708
714
5128
1326
658
2961
4769
3452
4211
2253
5316
839
5080
3533
3879
5143
2550
22
1473
3902
1780
4268
1607
3271
5031
5175
1403
2579
230
2219
1371
670
2083
1234
1523
5003
312
3931
3709
2817
3715
2858
5115
3373
3217
4603
1518
1012
4149
4927
3022
1002
4778
1762
4362
401
1759
3021
4390
3633
1083
1805
4563
2453
1205
4374
4278
1964
2967
246
3906
2884
4023
165
4431
4525
2781
2789
4417
2297
2256
1452
562
1685
2928
4241
1636
4833
1965
325
4348
463
1056
2458
723
675
3415
392
5205
607
1577
472
3982
1398
1348
4870
3184
3239
4586
3641
4434
2742
998
1594
4654
561
2200
283
2733
5216
5111
671
4084
1336
1265
3598
1036
4097
1229
1011
919
4621
315
3683
639
3052
3096
3625
2404
1109
2911
62
4154
3572
1067
2228
989
4115
883
66
4595
4332
1679
1752
2407
2960
716
2389
3406
3255
882
3867
992
2894
3536
965
363
4040
152
5186
3000
615
3656
3053
1933
777
1668
1984
1521
2974
1200
220
1760
57
2690
3957
4503
3945
536
309
4050
4204
1818
465
2525
3628
1437
493
682
719
4786
1399
3474
4402
4178
2918
4168
4959
2517
5367
3385
4387
3898
1934
3858
4059
1895
4674
1112
3095
4053
4934
4289
2548
3258
2990
1031
2121
3019
819
3984
1432
1462
1255
3712
2473
7
1949
568
4429
1688
4
4936
3454
2430
2241
3788
2313
3935
2450
1670
1915
3034
2568
2461
1198
3695
4973
1994
2114
2336
4427
1145
4363
279
5035
3503
1434
4355
2491
4932
5135
3293
1930
2367
3684
3903
3191
699
5131
63
2289
5093
2449
3086
4108
1010
4432
26
3092
4152
4506
330
4405
4967
3894
3289
1502
3696
2563
733
3357
495
630
141
4243
3342
4770
788
4286
3296
4764
3818
3699
4965
2123
809
2664
1074
526
3848
4745
482
3861
4282
4876
3106
2271
1345
4695
1516
2652
591
449
1944
4714
1306
1939
4251
5261
4883
2571
527
1635
806
3775
2561
157
2926
4147
4854
240
3387
3121
975
4704
2052
3430
2582
3634
2080
3584
5290
1259
4510
2324
3865
4203
3637
5158
1019
1851
647
3839
4234
1831
4856
4336
341
3545
1241
5152
333
2942
2371
3750
4184
1017
2229
344
1423
419
4930
3059
3923
2965
4991
1193
1065
1369
1501
2102
4121
2431
3084
1661
5263
4938
2377
3765
4221
5403
2509
3991
762
1967
4684
3221
2311
213
183
1563
3382
4266
5037
1562
1599
3408
2653
2251
2713
2084
3087
1444
4274
4963
5324
2110
207
5185
2206
4777
2806
2901
1508
1660
1514
4555
3749
2540
540
1094
1317
722
4249
5000
1584
869
5161
4851
1880
5349
3457
1343
4698
1726
1956
2233
2934
4820
3320
130
1424
294
4123
2223
2945
2631
404
852
1988
1143
3599
3094
994
1221
2493
2445
5303
1141
881
5171
2168
1742
1096
3024
4664
3329
4345
3769
5218
767
880
4100
3420
1677
3093
452
4019
2957
3299
2644
4025
2880
2975
3772
3856
780
2218
5392
850
4226
4265
4134
2879
4148
1456
3413
5106
1401
2317
3611
4607
4202
4067
1107
5094
1644
619
4493
4327
1506
1041
432
1766
2523
3260
4584
4421
693
1044
4224
4610
2255
3028
4500
2527
2952
2782
3666
4799
131
4469
5121
1230
3685
678
5084
1801
4946
786
4414
2616
69
1380
5244
2711
3423
2248
146
2541
3386
4189
4036
4831
1390
3177
2762
5217
3527
3318
3405
4969
311
2754
1025
2923
3675
3403
4259
3422
1639
5038
4774
2500
1971
5
446
1860
3802
2014
858
1667
2131
3754
4801
4063
3968
4653
4230
4194
96
798
132
1569
3274
2254
1784
3368
4531
4413
417
1153
5254
1872
1749
5077
977
477
4685
1457
1871
451
3793
4003
25
324
822
1600
4272
5203
3738
4498
4038
2259
86
5002
618
4165
3940
5134
4605
2496
3035
4569
3066
5229
3209
2374
5234
1786
1882
545
2046
5095
116
2900
5072
5195
5224
2323
2668
4625
4583
4120
4794
4836
4982
3822
3225
2912
1015
601
30
4692
3351
720
3402
429
5033
2376
3241
339
4159
3811
2993
1170
2456
3594
1874
2315
3929
1650
1571
1824
812
1199
2964
4694
1422
3180
624
1512
5124
2426
1018
5235
2734
1080
356
4408
2804
2316
523
2888
4346
1000
303
1852
3185
1943
1268
1953
2910
2538
3943
4029
2340
676
4729
1622
1311
3601
2347
1906
2106
4879
3207
436
306
2051
347
2002
3442
4533
830
1283
550
3884
3755
1212
497
1123
2530
3098
1277
2427
3102
2174
3761
2499
1305
4903
826
33
547
5070
4985
3664
2575
3175
1767
4400
1161
2688
4507
2861
5313
2485
2235
5336
1932
584
199
4849
336
4779
265
4227
5024
2487
4318
1812
4231
297
3398
3375
2087
4723
4294
143
2468
3311
1183
4747
3037
4384
1323
2234
4505
3172
1366
485
161
285
3248
2124
1218
2375
2641
2968
2269
1207
4678
3448
4222
3794
3781
549
1630
1054
1534
4809
4626
1136
476
447
5277
3467
3782
3358
1510
4303
696
2905
382
973
1950
1062
3418
3378
2916
4116
574
