4304
81
3532
4439
2783
654
4011
4928
711
332
4930
2446
3028
5349
3875
3202
3486
2539
2110
4402
3483
5304
1675
4307
1660
4999
2542
2667
4282
3252
439
4680
3870
4218
1694
4752
4308
927
849
655
1538
2383
3290
509
3319
3055
2353
1003
928
5190
1064
4243
1119
3993
1447
4002
3071
4143
2789
738
760
2049
1996
4525
2387
4069
1940
4896
2428
1022
4403
1222
2093
5184
2332
4471
2897
1891
5358
3160
2860
1597
692
621
3796
1382
5222
5142
2605
1562
1959
2285
2521
954
60
3872
1627
5396
4758
4080
3416
3366
1685
5333
1796
1081
2669
1832
1497
828
2533
4270
827
3897
5271
1720
902
4102
2447
4468
1035
3669
3523
4064
779
1885
1331
542
4580
555
578
602
4461
4951
1540
228
740
4557
3154
3860
3109
1542
4085
1744
4834
1311
1507
4133
1113
5318
2296
634
546
2337
3731
942
507
5146
4333
763
4818
4531
3681
3833
801
335
1269
4578
2208
2077
160
5240
2391
4973
2252
3166
4653
410
2654
1961
101
5336
1769
2034
4221
2096
2152
1740
3774
2591
499
2883
1756
1786
3792
3526
1872
107
2998
3402
339
1291
3124
4541
4748
536
3758
2689
1679
2246
3063
2271
416
3877
1490
4500
2224
3082
2601
4100
1024
2916
1914
4360
933
131
4556
5208
2190
860
3429
2872
4706
2124
417
1925
5136
244
4046
4909
2672
1670
3809
2781
375
581
4569
1039
4355
3335
4033
2802
1448
2492
3777
4398
278
5286
246
564
4565
1310
1653
3917
1302
2746
631
874
3231
1135
1174
2092
3200
4479
3559
72
877
2247
351
2946
2020
4784
1240
1617
4719
274
4545
3420
2119
4328
4749
1772
4274
4286
1658
2201
19
1427
5122
2076
4462
29
232
5322
276
3851
4431
613
3104
1362
47
3512
126
5219
4217
2493
4321
3764
50
4077
4666
1151
943
2006
1760
1110
2468
1177
5370
449
2357
1841
24
3300
5039
3208
968
3122
5042
2192
2557
3536
4942
691
1528
1982
2141
4049
3641
4972
3914
3497
366
4390
2936
73
2421
2745
810
2329
1161
3121
3385
3854
2555
500
2065
3325
3192
3267
2845
5187
181
1235
5176
3906
4203
562
4199
3614
2340
5119
4870
219
4716
2066
918
1286
1881
1974
2004
2574
677
672
468
2511
4975
3645
884
5018
65
4455
1472
89
1714
4386
3038
5265
3984
313
4256
186
4926
3351
4542
2278
3116
3916
3570
3707
2939
2829
1199
5252
2400
855
2766
1863
116
5314
2526
3545
3613
371
4655
3507
3638
2178
2437
3599
2445
70
2552
1564
5302
2758
3438
405
1023
4412
3412
5117
4568
2352
797
2775
3811
1153
2338
2662
180
3945
950
3628
2674
4418
2109
3886
2880
3859
5062
2549
4918
285
1993
2488
2401
543
5350
98
281
3543
3933
5185
3772
1817
1990
640
5375
1654
2080
1157
1014
490
418
1903
4349
4635
4518
2120
2635
3043
4477
3785
1839
3312
78
4860
744
4435
4021
3955
4632
1804
1002
2843
1373
1267
900
2058
4585
262
2151
134
2254
4414
5152
82
3874
379
3425
1728
4382
4227
143
651
2716
926
2814
1047
1079
584
1631
1979
2952
1637
4608
883
1624
170
2404
4873
2046
715
2242
909
4466
2012
94
910
1386
3117
2928
663
712
1518
3249
1425
3831
2043
130
3502
3773
4485
260
4963
4135
3644
2035
2969
3011
3350
463
2857
5388
2582
1960
826
4804
1951
986
2935
2231
5295
2091
5212
2616
373
4478
3439
2185
4406
920
5330
3677
3432
3129
4597
4754
2714
4212
1874
1121
4933
620
2836
5404
2241
1952
4347
3078
404
3550
3035
1551
182
4591
3334
4213
2194
2122
4463
4103
3556
3365
3932
2957
2833
2484
1701
3931
115
1688
5181
4291
4166
1853
3739
5256
2367
238
3296
1619
3901
2550
1836
4830
1556
3404
4187
841
944
1136
424
972
1368
1777
3988
442
2764
728
3096
666
1544
2084
3518
3313
5228
5082
3858
2315
4044
4798
2983
2734
5085
2701
4641
4710
3620
1340
1599
3262
2660
4273
2431
4614
1066
3221
854
2777
4186
3381
5132
1665
4592
3503
4813
3206
3411
4122
4636
2200
1304
1768
4711
68
268
4174
4727
4300
3048
2713
5061
1206
3040
4507
814
2792
1034
4824
3405
5291
3003
4850
3478
1975
477
4985
1038
3370
4482
2081
3674
1128
2823
5115
3966
5377
4407
1070
501
1956
4751
85
3368
1572
3971
1634
5150
2971
3710
3689
1682
317
3238
4540
1335
4519
5344
2962
4583
1142
5299
288
1519
3205
1849
178
5253
523
1277
1901
2512
5328
87
1879
5056
3415
3215
525
2307
3349
2896
4961
4867
2040
1723
1513
1334
2966
3898
2932
3583
3168
879
5129
990
3176
252
1779
790
4205
1677
1017
393
624
5254
5205
3517
2251
3023
102
3514
789
745
3466
2477
1855
3156
1698
3805
3021
2769
4387
3384
2173
2018
3793
5345
4952
2863
2803
4922
1013
1301
1494
1417
516
2025
2491
3049
2723
3938
1516
3760
3232
3698
4650
681
2232
1059
4968
2877
5032
2683
2457
3066
2474
1165
1987
1539
1354
3031
2898
1252
1748
74
46
158
2819
145
453
4302
150
1446
4087
4898
3331
3001
3992
1704
1111
159
4234
5307
1260
3985
1917
3059
2424
1806
2267
3336
3584
2968
1603
3961
3894
16
2414
2642
2187
3345
5223
183
4216
479
5177
2545
3525
2010
821
469
5164
4547
2650
762
2737
4886
1296
1033
1489
1463
3535
4815
723
5154
2089
1980
1678
1642
2355
4630
2036
1732
983
1085
1350
534
3145
1371
39
2720
1575
1604
1610
2366
1612
3732
1930
4559
1549
4772
3616
1105
1322
566
4252
1877
1450
2736
0
3128
3935
142
1263
5167
4330
754
665
1150
2410
2182
104
3595
4067
3289
946
3266
5332
2237
4946
2062
1692
3414
3107
4026
3401
2399
