3693
1721
427
3643
4780
1955
3423
1204
1508
5020
100
5118
4305
892
1953
3713
5165
1328
1464
4941
67
301
3256
1899
408
2405
1867
3081
1156
1053
4957
475
5048
2162
4934
4009
3464
2941
1313
1800
3771
3506
731
4268
5084
5298
1520
861
633
1203
4937
4560
3709
2330
3589
1834
3317
5366
4572
2057
2472
4357
1364
3580
2164
803
4781
2948
2316
4505
5288
3133
5255
1620
3715
2229
4389
4183
2629
2350
2742
5105
2975
1187
511
3868
1820
3964
3303
4801
5100
1643
5010
671
2411
4204
483
1871
2045
1117
1112
1640
1290
4718
4225
179
1170
752
1526
4154
3097
3455
560
4476
2028
4842
2042
3473
2439
3661
3222
1292
3781
4984
3269
4840
3258
4094
2070
554
2992
2776
3998
3390
1523
2300
2362
893
4450
1752
1455
3279
1734
4664
3735
3320
435
809
2343
680
4486
2146
59
3230
532
132
3032
4575
4344
4134
4237
1686
4979
2393
4735
2268
5002
1657
4251
1349
4176
1693
79
201
466
4128
895
1911
1259
3748
1272
305
174
4354
4550
2698
1452
3273
2432
2016
5112
3141
4074
549
4081
4694
1390
3976
670
3487
1169
169
2386
292
5159
3695
4874
3954
2052
440
4254
141
1878
1491
296
75
2724
1502
1000
4741
2108
2706
3364
3050
127
5101
4618
2705
2090
3220
420
3703
4065
3204
3212
1155
4096
4658
2584
3427
243
2886
4861
4876
4833
3723
4010
4990
1314
1288
1403
702
3909
190
3647
556
2204
1320
236
4777
2429
1655
4598
230
5156
4582
2453
1173
4314
1132
76
4104
686
1541
1131
2719
2513
736
1264
521
526
3587
3481
4496
117
261
4428
2361
3400
4839
220
4480
2149
4335
976
184
733
4253
227
1746
3440
4219
209
1582
4016
345
1346
2041
4195
1224
5070
1567
5019
326
682
1265
103
4007
3422
4750
537
934
136
3995
698
300
5121
1359
1707
3098
2334
1557
3775
676
1239
3941
1476
2933
4862
3921
964
3817
769
3046
4318
4263
4298
1086
3391
4660
4893
1830
1098
4008
364
1722
4831
3355
4948
470
4332
1461
4167
3191
1084
3329
5169
1018
27
2917
357
459
593
2645
4447
1764
1410
710
4434
1577
3528
90
4508
2799
2289
3563
960
156
2868
4835
5391
3298
5049
4153
6
2564
896
2281
3286
2602
3014
118
2788
426
4441
3667
3654
5274
3490
5247
627
4475
4530
1225
4654
1754
2765
5066
4393
3115
3152
2730
121
1315
4974
3866
4467
2238
5262
3956
5170
2104
4679
3602
4671
587
1171
3839
565
3930
5079
1900
4837
862
401
3531
4681
3110
2079
2506
3891
5195
4764
2459
3264
5108
1333
3848
4825
1129
2384
2804
3250
3309
4038
1083
1747
2473
4201
4365
1848
2169
3688
1202
2599
1021
4178
2408
1981
3488
1249
4699
4191
3173
3068
4911
557
5398
3795
4028
4628
5400
4613
791
4123
4981
4429
2116
4235
5003
3444
2600
4311
1695
3756
577
2670
3246
2495
571
2449
2112
2220
2553
1044
3219
1182
3280
1807
3195
3925
3265
725
3151
2784
1514
1067
5059
2150
846
2619
1783
1661
3513
3821
2317
2618
4672
5081
144
504
2272
2209
4668
1498
5072
2786
1788
3275
1773
5221
3673
2
349
3611
4803
4396
3958
3378
2373
4337
436
747
2970
4188
4703
303
3361
997
2594
3025
3244
4
1515
3261
2094
1857
2486
293
1774
443
21
903
4130
953
5175
1299
973
4084
540
1307
4051
2569
367
865
3306
4209
2223
3428
3557
2171
4534
376
853
1276
5045
4017
4548
632
3007
4474
4770
2402
5037
1352
1125
5361
4916
4260
4844
5381
2752
1559
4042
3637
3197
2996
1775
2624
5233
1948
1915
4594
3065
3061
2680
1731
4851
2912
4184
4379
4929
1667
275
1869
1398
312
10
2186
457
4013
1976
1794
1037
2873
330
1460
5093
2211
4790
3787
2086
2003
684
5162
3102
83
2181
205
1554
4992
2356
54
1500
315
3575
1339
4593
3801
4334
3973
551
4663
3857
3226
3529
456
3576
4533
3942
5351
1784
4161
3373
498
3201
4483
5343
1467
396
3437
3980
2327
425
3057
4966
4356
2849
5172
4852
1172
4640
4495
3666
1012
4040
2626
768
4555
4470
3896
363
4279
242
1126
3750
3889
2259
2732
2441
2666
2595
1910
4529
616
5139
2852
1968
4678
3442
955
5058
2538
4826
5197
912
601
1341
885
4339
4539
3822
4647
4445
3105
4855
1826
108
844
4420
4115
5040
40
448
2676
341
5278
3609
473
2842
3586
1394
496
413
1257
5030
3867
5000
1983
5338
2884
327
751
4030
1437
3240
2114
2690
2339
3682
2088
2138
4982
5263
4988
2743
5365
1479
1833
3395
3316
55
974
3659
836
2277
1285
1074
894
1638
3983
1233
3494
3020
2055
984
2761
4589
2397
362
2183
3227
4782
2904
1211
3305
1030
2938
2191
1724
4791
5166
1457
4417
1036
3159
2633
1585
206
4380
5236
1902
2406
1994
4473
1928
3164
2413
1183
43
2834
3734
2964
272
4275
636
1715
4673
3229
3293
2157
4276
2435
3193
4266
3461
4323
1527
2364
4989
3482
2990
1671
2653
1687
2051
4947
3148
494
1485
807
2577
1190
438
579
4057
4908
3819
3347
2773
2699
3572
4310
1361
1495
2811
5047
1327
726
2269
568
1651
4914
1213
157
497
3568
727
4983
3627
2663
5399
5173
3508
137
628
1055
2895
936
2908
4257
3382
5311
5147
3182
645
3696
3913
154
4149
2514
444
5155
2494
589
3458
3194
3782
1726
3188
63
3738
382
572
138
2608
481
2541
783
2087
4513
1158
3662
3551
5065
5113
4785
3225
4509
2218
5280
2163
4956
706
3251
2974
488
3162
5374
1864
838
2290
304
279
2500
3573
2722
2293
2865
2846
92
4340
2027
2581
4145
4499
3541
1052
2262
929
5325
3095
2571
3770
308
3185
1478
3974
4600
3284
3157
4388
247
3653
550
5320
3742
3944
2067
2588
2189
4512
2878
1232
5071
3363
3075
3367
3042
5227
5107
570
2425
4288
1242
4372
626
3767
91
1710
3360
2415
780
1295
4043
3652
1894
4121
1842
298
299
2264
1413
4140
2604
2048
1602
5077
750
4683
1029
474
2469
1254
2240
5073
4702
4720
5027
3008
2125
2416
2156
818
4745
4258
5319
3126
2914
2578
4945
4812
3883
1924
1656
5276
368
637
4736
2821
1095
1281
2378
20
3377
2855
1004
411
1026
1351
3019
3338
3406
2940
1785
4670
5054
3326
4004
5133
1388
1717
908
5403
2302
194
4092
4869
2385
1691
2390
3101
2458
5268
3357
2422
4255
3762
1104
3680
4792
151
2354
1007
3720
1835
2651
4116
5357
5095
3601
2236
4638
1237
4970
1399
653
4920
3672
1649
2015
1338
3000
1375
1525
4997
2712
4150
4385
784
3302
2273
2587
263
3421
2142
4490
1329
1719
1245
515
4912
53
5097
2696
5189
3885
2685
4413
3600
3633
4160
607
3981
3076
4923
5218
1141
4887
1880
1015
161
5272
3087
1192
4865
1227
4987
1071
5334
1625
1402
4688
1780
1566
2830
4294
4841
3150
3959
703
1978
3241
2707
1906
1751
1947
344
531
2755
1652
2394
5109
2001
2989
2986
5034
4306
380
3969
4931
5103
2257
1950
3577
4239
5309
3130
451
3946
2227
1406
4050
4424
487
4452
1383
5386
5026
4484
2466
4709
2434
1109
2790
2234
4763
1628
4779
3863
3711
599
4312
4649
3972
5098
1828
4504
4724
3234
3612
4687
2606
5202
2976
4684
1729
4421
129
5362
2438
2535
4998
289
3834
4606
4769
5356
5360
5373
5257
3052
3849
2002
3092
3248
4796
4489
2725
5237
2135
4236
340
1440
2747
4185
1212
2467
5364
1483
3274
4821
866
2230
1875
224
2071
4561
3649
2744
2158
4817
2177
513
1432
1326
3691
2534
270
2407
1120
4296
533
3060
1293
2882
2985
359
1217
3259
1087
1662
2050
2299
1434
3852
2993
1825
1712
5264
1738
794
3728
125
5382
2999
5161
4053
3463
2807
1916
3233
4448
4327
280
4341
1606
4144
2448
5303
598
3803
4807
1482
1689
4045
3184
2455
576
778
3310
4728
3800
1058
350
1056
3963
4705
96
508
3070
2107
5359
737
3622
2613
839
1750
2064
2678
1727
1185
1102
3322
2212
1279
2867
4643
3314
687
3588
5043
667
1706
284
1197
2519
