4107
4558
829
1092
3566
152
1888
1415
5163
959
2630
5390
1988
4151
3315
4438
5372
4076
2893
1332
1045
1449
1792
3072
5207
3651
95
370
3255
2443
2815
2375
2593
5346
4155
2848
650
1072
3093
1517
2359
1068
1735
583
3665
4449
5283
273
1608
3708
5130
1763
3431
5120
5016
400
4238
3660
1471
925
1473
2980
164
4607
2059
3475
4163
5178
265
3778
1776
3718
4214
4101
175
3690
4194
1812
2636
3491
235
1486
2115
1025
5394
3445
3927
1400
3534
4677
3297
429
15
450
5281
1905
502
146
4838
1958
4944
514
2275
3470
3119
1282
135
5300
310
4872
434
623
591
5160
4381
3876
4949
4368
3085
1441
4689
2518
808
3520
3853
2575
693
5284
4986
5038
3054
2305
1711
2433
1713
1164
2710
2499
431
5354
4457
4892
1057
5313
2485
4501
1561
166
5124
2977
3413
2851
4131
5137
3123
3567
930
3716
1668
7
5076
2287
5353
4755
2767
2143
3022
2679
4316
799
1592
3419
1418
1107
3036
569
1716
1584
1191
3844
361
1289
1247
4717
539
5246
324
5200
4062
3446
1969
1118
3797
2644
1532
2994
4095
4969
64
832
573
1300
3354
2465
4426
4731
5080
4522
5232
845
1168
3480
4048
2871
3555
2844
1062
4642
1730
5220
211
890
1854
222
3902
3585
1594
4554
1423
4563
734
223
4738
1229
2965
705
5369
4517
3498
2030
4637
395
3779
4759
3392
2911
870
3462
378
69
3537
989
2603
1412
4809
4430
177
3837
3424
3920
3608
93
1005
2148
2709
4111
2760
2099
4888
3813
2749
2623
5188
4020
891
139
3301
2029
615
5393
1802
32
2255
2147
755
4032
2735
4158
1933
5090
4261
999
872
4691
66
5234
5025
2697
321
1970
2682
3761
1553
4964
2331
3594
2876
3726
1789
2981
120
4460
3169
1459
1703
2797
1287
2461
3495
1116
3380
4799
4343
4733
3741
5014
3619
5102
1344
1681
3670
1957
4264
5242
4498
3492
4810
3217
3789
2196
5193
4897
2489
4919
3138
2060
5168
3477
3318
3341
2507
1408
2280
4802
2527
4615
1309
4740
3177
4722
5182
4083
5094
173
2926
2395
4315
792
325
1090
528
3045
1684
446
1749
2656
3015
1741
225
4070
354
1851
320
674
1845
4532
318
402
2944
545
4567
2470
4991
295
4958
3895
3990
1709
421
4277
644
4047
4165
639
3878
3704
1480
4170
2824
5006
4648
709
4001
3810
1137
5216
2490
3283
916
5224
5292
4843
5012
1
1547
2910
4322
1534
176
5153
3294
1040
2154
4890
4175
2959
3053
251
415
2129
3376
1238
210
8
1234
2525
381
2418
3838
5211
1530
4906
3452
5087
5151
3358
582
5293
1758
2172
42
2750
1134
3657
3605
2931
4090
4795
1822
4358
4845
334
4581
3292
4863
4374
541
1787
4003
957
5317
1389
3780
2286
1570
336
4364
2828
4173
5089
1793
3765
1963
259
1223
2770
195
2523
776
987
5270
4012
2097
4900
3147
969
1078
923
1031
3519
2509
1210
2652
2160
3597
2907
1607
4659
4093
2874
3245
697
2358
5004
5249
217
659
2497
766
203
123
4037
609
3198
4977
5111
2532
915
981
3618
297
1420
597
1273
1324
3330
1887
4079
4596
1256
2243
1831
2072
4492
3170
1934
1255
1042
492
4696
3965
4088
3254
3590
3725
527
721
834
4692
229
588
1511
2346
3272
782
3843
887
3977
1889
462
3820
3278
4828
3100
4211
2368
3606
4177
1411
3196
495
3578
1152
2987
4995
3952
4073
1496
2740
1663
669
1266
1918
12
4078
3111
3449
3144
3295
3453
4228
441
4215
250
2671
3324
2560
4023
739
1827
3881
5024
4113
2314
1123
4137
2348
338
4110
5273
5126
1032
1372
1558
4570
4875
4391
4932
921
2139
3161
4105
5131
4180
2847
864
3784
3549
5368
518
3768
1897
212
787
683
5229
1200
1798
3733
5028
5269
1908
3634
2753
2111
1569
3598
1241
4579
397
4714
732
1504
4265
2687
1462
1101
1757
1860
2310
3340
856
4162
2951
13
817
5140
901
5329
931
1250
4269
204
3398
5186
505
4416
2831
4019
701
1946
3663
742
4619
1027
2021
878
1586
3743
833
2565
2809
1725
1755
3763
5001
3924
3236
4097
843
1028
4524
4921
480
3393
36
2326
4127
2879
2692
2133
2170
2548
3806
2610
2188
2159
4126
1766
4808
4005
5290
290
868
4693
2167
1305
3766
3949
869
1548
4351
840
3991
4816
4336
4106
1492
3610
4787
485
1673
2544
3058
84
3903
3163
2567
48
1965
512
4915
215
412
1611
3996
1737
4891
4994
3533
3664
2782
3730
2888
471
1697
3127
3216
99
4634
3397
2785
4419
432
2929
4624
1524
1163
2475
2516
4652
2658
5239
2311
119
4338
1088
1850
1184
4936
4669
3047
1166
491
4114
3135
4907
1487
2376
4301
1929
2420
3515
995
4584
2180
1811
4320
966
3880
4245
4326
4249
4938
3403
4329
460
3888
2733
4695
2037
4034
2379
2739
522
2430
3307
3574
3433
1201
3024
4877
1451
1921
4075
1991
3086
2249
4200
5064
2253
3950
2095
3287
3967
2915
3108
2568
1795
4726
1922
4955
668
1140
4723
3281
3591
4027
2923
3091
4272
3180
2524
4980
3910
4939
1080
2022
4950
2920
4366
149
3374
796
122
2726
1468
553
5308
5063
3012
3581
2130
3562
2641
2047
3658
4913
38
1008
2320
18
4551
1397
1589
2813
1453
2700
3571
1618
5389
2634
2859
688
389
4503
291
3724
1814
4411
454
4629
3211
3579
2554
1429
3791
1973
2026
3907
4856
2628
1639
4715
3039
5005
2686
574
185
4832
2590
1790
2508
561
618
3158
3493
3344
1690
2596
1920
486
3951
5238
3132
4025
1228
4910
1578
1797
1458
5023
17
2217
3260
302
282
2179
4881
5301
5316
3899
3388
3069
3328
2537
4506
1069
5279
2787
1977
1989
1160
3181
2456
1868
1583
4880
1414
