231
573
561
941
774
271
630
610
110
794
513
608
780
289
1016
283
719
240
195
88
681
715
414
903
491
684
813
743
144
766
626
190
571
405
786
560
988
220
120
779
181
128
663
531
117
534
238
26
25
992
793
154
751
799
730
7
620
971
316
122
52
62
545
1007
738
800
880
798
949
428
125
357
836
295
841
75
226
407
828
409
196
246
6
10
662
239
43
287
960
514
603
490
23
99
533
309
336
542
98
108
754
504
900
173
808
718
37
671
865
80
146
652
978
549
990
496
313
859
439
928
319
183
868
279
942
756
669
528
211
199
983
762
446
804
264
156
946
552
324
76
148
280
170
860
347
589
440
487
853
708
111
656
221
200
802
932
114
920
478
473
733
1001
467
106
179
68
749
235
773
1006
269
632
243
521
119
261
831
369
55
516
121
1026
229
268
517
931
982
500
247
215
981
79
259
999
911
381
364
869
412
375
72
939
258
134
842
520
485
394
744
416
56
851
338
74
724
697
13
670
856
393
581
281
374
39
905
906
208
82
432
447
401
95
298
636
964
27
700
967
174
926
776
965
974
885
149
382
805
94
188
314
916
713
223
509
198
716
358
720
332
702
30
430
20
164
136
471
21
693
89
255
329
969
241
256
861
927
326
105
197
310
320
820
112
611
586
597
807
282
989
1015
345
924
686
138
815
775
386
61
402
649
41
147
696
438
33
588
844
351
132
735
734
505
436
36
819
175
410
878
242
406
363
494
922
601
444
674
691
22
726
391
887
580
569
555
998
746
87
344
731
612
614
1021
929
625
747
854
840
862
425
523
64
956
541
714
480
482
933
651
595
979
643
806
334
250
537
93
321
996
203
468
506
685
9
423
638
35
5
666
433
843
142
888
224
152
377
86
333
384
729
676
758
640
451
768
159
637
658
161
755
308
371
182
723
936
139
850
748
277
429
698
456
657
84
877
483
935
896
185
609
913
633
518
835
470
285
464
448
845
217
778
645
672
791
19
1000
284
882
273
214
325
315
914
759
237
4
81
177
389
362
85
961
469
709
418
789
452
162
594
1011
47
839
745
564
107
116
1005
618
574
1008
126
253
622
34
312
930
274
498
976
829
816
355
419
695
631
554
579
963
728
889
653
945
947
372
563
354
337
1
497
962
28
399
1004
97
664
385
566
213
166
858
827
788
249
873
621
527
299
1009
777
894
796
952
986
524
49
437
230
472
593
400
863
1019
984
303
953
14
302
420
248
135
834
335
904
392
32
445
558
187
317
262
540
833
318
535
823
69
272
57
692
991
222
752
31
667
454
647
292
737
411
501
503
811
769
739
993
379
290
943
115
340
604
353
901
812
764
346
202
145
970
705
668
615
954
673
51
276
137
675
659
265
65
623
975
365
462
1013
917
1023
511
966
757
53
330
635
556
530
67
360
349
348
367
91
639
736
525
1020
958
891
515
712
16
368
296
599
825
1018
450
772
944
435
624
388
11
852
150
417
102
683
613
499
870
650
1017
59
460
826
193
909
189
205
897
493
328
690
582
855
267
155
890
479
846
536
397
529
380
293
342
288
376
876
124
938
907
1012
1028
163
600
204
607
977
898
886
1025
1003
546
824
881
100
596
809
848
818
218
297
307
143
740
874
507
771
227
550
502
857
655
576
590
476
311
77
424
254
118
421
339
572
644
396
60
366
141
331
373
234
837
679
538
584
634
466
682
680
194
257
598
790
661
90
921
266
42
408
959
553
176
413
760
207
151
58
352
565
434
732
130
1022
721
209
70
871
821
232
628
323
212
547
648
925
131
390
457
48
694
543
178
570
361
305
703
455
463
803
260
899
795
286
71
443
750
168
602
104
278
522
488
275
654
995
481
263
727
252
587
54
66
453
616
201
475
948
910
741
968
557
270
919
884
817
1010
787
980
127
251
937
725
404
129
484
169
343
157
210
847
578
619
568
583
322
44
17
646
294
133
101
551
770
704
864
304
225
814
233
629
951
767
973
489
985
849
113
398
96
782
395
912
665
172
140
387
427
192
508
592
46
710
742
784
63
605
378
495
18
426
689
153
29
359
797
997
532
244
761
103
422
477
383
585
2
879
236
548
783
562
442
867
492
327
717
677
940
701
875
461
24
1002
866
1014
83
642
822
186
8
526
987
184
810
915
431
934
228
458
838
465
15
785
722
519
627
160
300
567
883
950
510
972
893
688
403
678
474
78
123
109
356
45
50
765
158
706
902
707
167
544
92
415
219
370
872
923
577
171
40
687
895
832
291
641
38
617
763
955
957
753
801
699
781
711
908
918
575
