2757
5006
4678
523
4617
2369
676
3039
4519
4753
1817
687
5273
672
4633
2097
2189
1083
2892
2617
3581
3520
2895
450
3409
5396
4321
5362
3940
100
4347
3086
2976
4903
5033
3259
1295
536
332
1305
1344
2435
1243
3020
1206
3426
3787
4211
3742
2252
5207
441
2650
481
820
4328
4096
1986
1676
1726
3333
4625
661
200
4742
1239
1754
2969
4195
4791
1684
336
3605
2902
4310
2661
2856
1435
1256
3236
4228
4745
5019
1203
2377
1466
2628
3399
4008
4157
2933
4529
269
3026
2864
1408
233
384
4966
4575
4413
3995
805
1624
4732
1965
5293
3379
1739
858
3666
1271
475
4029
3671
4289
2695
4605
393
2326
2906
4158
5156
2160
5342
5041
1337
2938
4212
1565
2210
144
4427
285
1274
4503
4543
903
2119
1199
2475
3106
1
840
1631
1661
3783
2721
2178
492
3619
1813
261
4698
792
1591
1428
2786
4374
1076
2244
2304
2954
5311
5316
2335
1781
5303
5157
3072
3784
3307
3457
4949
925
1779
1804
2970
3108
234
4390
4761
4403
577
531
3865
3808
564
1966
3258
2297
2616
2380
4637
2180
2224
4111
3682
1070
5239
122
2612
538
4113
2085
2839
342
2985
2897
3615
2019
4443
371
4002
799
2853
4779
5091
1606
98
5164
2094
4141
358
447
362
3627
3690
3712
2918
2658
1020
1509
2281
4481
1222
5382
134
2767
3596
2258
759
54
3068
1339
4943
4521
1219
3754
4179
4957
2991
2190
127
299
2905
4823
1424
1770
5121
321
4767
3638
2693
3203
2337
404
2830
2162
264
1299
5144
4591
2018
1265
3613
4849
39
4231
2267
895
249
5072
1610
3801
3909
5240
478
5317
3858
662
1354
4716
2356
2363
1827
4693
4559
2329
763
1312
933
2076
3491
1144
4746
2284
3996
847
3827
2065
3660
3202
4865
4425
4035
3003
385
597
2154
2383
2561
4396
5093
3245
3063
4203
1679
1014
1182
800
2322
902
1658
4064
1132
3480
736
3190
5272
5124
5181
2075
491
1304
2563
2088
5302
1573
1444
4611
4905
4634
3879
2306
2007
1627
511
2237
2559
2362
4237
1926
2031
58
4025
3508
4224
1594
4964
4318
1105
205
271
883
4715
2409
3223
410
848
1950
931
4355
2299
4172
495
3286
2217
3876
4493
4122
391
4058
1190
2153
4808
2366
3105
493
424
2187
1598
4518
1324
2664
2990
3197
0
378
4439
3037
24
5241
2536
5371
1850
2157
5142
4926
4046
3679
1507
4380
1454
1355
1349
3504
4896
76
5183
3291
365
2145
580
2716
3635
3526
114
3748
276
4295
3488
1764
2548
4400
3137
4247
4288
5214
1155
876
1131
4132
3672
3272
666
2780
2974
4108
236
296
164
1004
4722
663
2712
1815
5151
4552
9
311
2005
1589
4946
357
199
3653
4235
3041
5129
2958
4924
862
3296
2813
2202
967
907
3568
2678
360
1433
2910
3121
3652
3112
60
113
4801
4902
5018
2706
5340
807
5140
4589
1118
1886
2504
90
4699
228
1909
2269
340
5131
1210
213
2993
4864
1944
2168
1725
1179
3241
3006
3552
3793
3512
3934
4010
4007
3743
2307
1301
1935
1130
1502
4151
4743
2835
1524
3807
317
4512
1217
1474
3260
4876
3534
1575
5332
137
2979
5243
4011
37
3860
4856
4978
3735
3154
2271
1516
1284
4119
592
574
4383
454
2463
2340
2051
4644
4000
3289
3834
1925
5202
1363
5357
5010
2942
5403
1811
1587
274
1121
766
4763
4562
2691
4556
3910
5112
4576
3878
1311
2778
2063
4127
621
4269
3030
4107
1310
3167
853
2427
946
4628
91
4275
3478
2101
2731
2459
4868
445
5380
4705
4797
5288
3692
3352
1211
4090
3300
1286
3490
5263
5228
1805
995
2837
5261
859
5276
2711
2461
3685
3587
3218
1493
2002
1553
1784
4910
712
3467
4387
2240
173
745
4897
3185
4593
2637
3313
1597
2102
3606
5395
4557
920
3198
3622
1697
1390
4149
1531
655
544
2680
3957
1490
1413
3229
2274
3033
3917
1707
2656
2026
2087
411
4326
2440
3448
3042
2228
4833
3331
5169
3700
4534
2236
4900
4290
5007
4586
731
5113
3600
3721
650
1670
875
1997
3460
1254
3593
961
4624
4837
446
3979
3708
1920
5339
753
5045
5089
486
3928
2966
4871
2239
1107
2996
3390
2133
8
3536
2174
733
48
2259
1345
3718
3866
3088
3715
635
68
3183
181
627
3420
2257
750
3243
2106
704
3066
4501
2032
4120
534
2095
4514
4457
1833
1791
2371
1555
1796
4155
5283
2886
4101
664
422
2723
4233
1019
4041
2697
2410
2657
5068
1318
1016
2086
255
3908
2861
2518
2096
841
1840
2871
5137
151
1375
963
3645
1479
4483
1503
4264
1410
5257
2498
2852
2008
911
4393
4656
4807
3124
3497
4798
1052
1115
1566
711
1102
2558
27
5268
5269
5195
2821
106
2983
1169
1948
5079
4696
1396
416
1576
4560
5343
5204
426
1823
4406
1793
70
2023
256
3155
1751
32
2181
5153
2961
1690
2815
1149
4774
1758
437
4297
4809
1592
5367
3347
656
398
1002
2735
3647
872
307
4210
3001
4226
4682
3082
1030
1419
645
3762
4333
4201
2546
1257
1068
4071
959
5312
348
193
1845
2262
2066
4336
75
3780
1001
5233
987
813
1513
3582
46
2589
4511
3648
248
2531
4609
537
4261
1201
506
4032
913
798
2599
2468
1185
1464
2056
668
755
1315
4303
2341
3562
2146
4308
4159
610
4377
1962
131
581
5134
1959
4091
4475
5012
5150
4553
2350
1954
403
2138
4467
4156
773
4866
4389
4129
5291
5333
2788
779
1517
1162
1580
717
4414
3163
1074
3381
4169
3525
1828
2206
220
4840
3089
1835
5103
5058
5054
4569
4944
4079
4857
2227
3363
112
501
738
3656
2040
5185
4899
4882
696
1593
4506
2451
1847
2986
1696
2396
1055
4838
5225
4881
4739
5331
4337
