126
957
4404
1743
3795
5037
4038
2863
677
2283
3474
40
2600
1655
4847
2422
3277
1406
1616
1692
4024
3846
1116
4782
5
4584
2028
3608
63
5336
2045
4540
2499
4851
2841
1196
5057
3401
3364
4408
434
4279
2454
15
949
4778
723
2105
5266
1579
1877
1538
1885
1569
3440
4194
660
1976
2109
1459
3524
2946
1297
4867
4455
3790
2809
304
2789
3278
1644
3501
3966
1045
1782
1082
467
5114
3923
4920
4306
1398
2450
978
1343
4070
1671
2211
617
4549
3883
490
183
4379
904
2432
3031
3111
1214
4509
1140
4112
3350
1263
2907
1471
1328
5285
457
3841
3558
1241
3115
1127
1180
4874
1326
148
796
1733
3012
2989
2795
1226
118
4138
2681
878
2135
463
1321
4009
185
2670
3673
794
521
415
309
1010
1106
5127
4661
681
2532
983
4912
2759
222
2588
3820
602
5075
4293
4641
1985
4117
1221
505
2988
4251
93
2191
1505
1883
3262
2215
2948
4299
2898
4268
1981
3101
1414
5278
1550
472
2393
1232
2936
5071
2429
2877
3662
3549
4703
223
2365
550
2412
1969
413
5385
3057
3649
1963
4245
2139
3643
1050
3344
2754
4225
1742
3249
3071
1924
739
3758
3658
5401
59
1889
2846
680
2854
101
2334
294
870
4537
877
1878
1607
3859
3384
4452
922
3741
1049
1117
5039
1881
3118
3942
3237
4669
2336
4685
3794
4238
4188
4325
367
4515
1669
2799
86
4860
2859
2666
1577
721
1958
5351
4386
1026
3387
4005
1570
2951
2324
4740
4351
1096
2121
165
3432
915
1595
1111
973
3830
136
2436
2505
1492
4645
1746
11
2749
4684
3540
3453
2953
4717
1177
3769
2226
3732
414
5287
4221
3107
2310
651
5236
4260
1508
653
2433
399
3129
3147
4320
3371
2058
2343
4099
1604
5002
3904
1643
3348
4202
3759
3256
2552
1184
1439
329
5014
464
1423
2587
5194
140
1778
3122
543
4438
3791
253
4822
1688
3650
553
1059
2198
5218
346
3882
3837
5125
2034
1247
541
1126
965
3281
2843
1373
4458
1678
1288
1890
1095
5246
4121
3117
742
22
1897
2204
4140
4643
1173
2230
4969
3114
806
3496
593
2849
2470
5122
2560
2117
3403
44
4220
2035
3479
4648
3394
1650
1382
4814
1170
2842
1911
985
5106
2785
2188
3675
3370
2325
2772
3695
1568
3276
722
379
758
2614
5215
1757
864
5300
5208
2572
5196
1227
2170
4725
2662
1910
4516
4907
4880
817
2672
4134
1674
821
4
1701
1292
3728
2917
2288
3044
266
5066
1719
3018
3768
449
2720
4468
2663
1293
3464
1844
5180
4758
1154
3428
1159
2061
4124
3397
4893
1615
2844
51
2744
2514
1996
3498
3132
3150
5162
3275
1372
2624
5389
1346
2636
1386
535
4317
600
2471
3162
4629
1012
3297
5341
837
4938
4889
701
3452
1209
971
2743
2232
3555
4770
4597
3936
2646
3217
2130
4131
989
2166
3151
4909
3757
1787
4160
4998
2311
3248
1838
2883
1425
5379
1702
4583
3696
1215
4098
1291
4161
999
1917
4884
1309
3369
3159
4976
3492
4828
3244
5346
3584
4476
2302
980
705
1693
1802
1983
719
3477
1988
5192
28
429
103
4932
2644
1289
4858
4478
588
939
2633
4931
2884
1626
637
2033
3458
50
2626
570
2634
4564
4744
4364
1489
1601
232
2823
3354
1109
1125
2972
4097
969
2509
1151
4232
231
4085
4805
4528
1134
4843
884
4473
1069
1085
3739
3361
2345
5206
4307
587
815
4392
4334
1862
2922
571
2300
1368
217
1361
3388
3196
133
1307
3920
1891
5377
1071
3691
3311
2108
2516
4104
4363
2847
2734
3424
1756
3535
3686
3227
1984
143
4185
1717
1843
2888
4908
916
79
5167
714
4193
359
2029
4446
3789
5197
700
390
159
1381
3763
4338
2193
4187
5049
3836
530
5110
1798
3523
3353
496
4570
768
2338
2805
2581
435
451
1831
2726
863
1272
4391
1636
2235
3144
3544
1814
3576
187
4982
5320
2218
3971
3301
2807
924
5281
3134
1192
2737
1951
3038
2635
204
4434
2077
1086
4494
3813
2394
4895
4772
4137
1714
565
3955
4886
2831
1729
295
2796
4708
2490
2668
569
2576
436
1035
2935
3698
2955
5326
2580
102
4031
5143
195
2052
2829
147
2939
177
3867
1387
1065
515
4039
632
3499
4927
919
2738
4751
4486
4831
778
3592
1785
2941
5161
5216
3056
1736
713
1548
4242
3025
2073
2838
2272
1529
5284
1325
2009
4961
3446
2309
1391
881
3173
801
2385
3629
2467
3687
1630
3422
1357
710
4789
2098
1351
1400
3804
4482
560
1202
3803
3839
1224
161
575
3418
1842
2080
2527
293
5245
4280
3396
4940
3726
2857
3551
3905
1176
2011
2686
2010
3140
2538
3967
4186
152
1040
3136
3180
4536
4083
4755
3007
786
936
1017
3548
1632
3814
591
3425
525
1249
2093
1181
631
4204
3213
851
1673
4697
1546
3455
4180
4985
517
1552
2209
1139
4218
4738
3588
5034
3871
448
988
258
469
4951
2586
3505
4088
4291
2392
2401
1298
3084
1250
1703
4451
4551
1157
4339
89
3810
3983
347
4430
150
3574
4315
4546
4986
659
2126
2411
3631
3199
3091
812
5098
4081
2064
2024
2977
1691
2457
4844
4369
1866
4491
5139
1366
4060
2779
3435
1832
3008
2605
1855
1467
4208
4449
5249
3177
955
4577
1768
1741
1072
88
1122
2424
3097
4635
1907
3052
4832
804
3368
2790
4474
3267
4067
3515
3351
1316
4749
4786
4373
3992
1721
4281
615
1613
4565
3110
4568
3070
3579
2048
4352
2127
1198
2547
1537
4677
1528
2781
2582
117
224
4102
4701
3776
5084
2072
3969
966
2971
1171
3693
3831
2344
5062
121
470
5305
3774
1123
5133
5388
3664
4818
4945
2545
33
4019
572
4730
3451
2975
3651
1394
3210
3655
3854
2812
4709
3913
2987
1590
4100
57
368
1559
229
1584
1204
2683
4065
498
2776
3569
897
2649
2929
1623
1858
3220
2453
2550
2833
4040
2213
1663
3367
5255
1760
1767
4827
765
4702
3925
2060
171
1854
1161
4292
4939
1995
2573
3704
4533
4213
3126
1614
392
3611
2136
190
5128
4456
3654
2828
5338
5227
2253
2368
874
2925
7
2909
2320
389
1939
1578
3667
2715
2655
1583
115
2273
5173
1142
4346
4923
4190
341
4435
191
462
4453
1941
751
170
2745
5252
1290
1023
5020
2554
4906
4504
308
4484
4420
4674
3362
4878
1652
4075
4947
2543
2485
5238
5069
908
3727
4615
756
3186
2980
2177
4329
2265
3566
3598
3062
47
3271
802
2084
2682
2333
771
382
1543
66
509
420
3000
3798
4950
3431
494
4146
3617
3021
2611
5234
3207
330
214
4313
4531
4794
2296
5299
3988
4412
2110
484
1816
1136
2249
4826
595
526
5123
3391
3633
4925
3889
468
1331
4700
1971
2903
3811
622
1914
900
3699
982
2352
1060
4841
1654
355
1860
4136
109
53
4139
788
3621
2437
3372
605
1426
3127
1999
2607
1857
5235
2318
706
906
1496
921
2921
1554
2176
2623
5080
1364
3702
3571
1405
2321
1112
5044
2719
612
2314
1404
219
4059
3308
3906
1457
4445
772
2692
4348
5390
5095
5088
5115
3014
1755
607
4042
3799
3054
3958
1657
1447
1456
3833
685
2878
3148
1440
4888
2523
3676
1452
4086
4783
1766
2156
1193
3439
3539
1483
616
235
658
4877
3556
1806
1385
997
3922
4554
5271
1481
2220
1953
174
3994
1872
4737
4598
43
2669
45
3832
2212
138
529
4595
1501
4714
6
1824
1015
3252
4013
4596
3618
2705
4250
175
2036
4592
337
3083
483
2059
2539
3709
3065
4561
1356
3116
1689
566
3
836
4078
5056
5023
1993
427
3779
1705
3634
940
2100
2303
3164
2390
263
1527
4622
3773
2801
438
364
4710
4671
2565
3481
2270
3273
5152
3642
3433
3287
857
1542
4538
1557
1261
1856
918
290
5017
2245
4580
1183
1957
532
1220
670
3745
2455
4017
3047
1276
4426
780
4764
1205
4021
260
246
2397
2195
1101
2707
3445
4171
4913
2442
5011
3965
72
1080
5354
3668
455
1143
4766
4234
238
325
4523
4983
4421
1564
5352
5005
4033
2924
4550
198
208
2574
4319
3049
4462
2755
370
406
5118
3102
3015
