3894
2606
1458
2197
1972
4050
4206
1836
1810
882
1698
3092
19
2348
1945
1021
2487
3956
1283
4162
2521
3393
3113
2027
42
2642
2055
497
1120
2641
4665
1473
3815
1646
4191
4918
941
2313
1731
1333
3288
1422
2128
3002
5030
3777
1515
2103
4178
324
4830
3299
601
2556
2937
761
2763
4271
3989
244
1611
1145
2622
339
218
583
1873
624
386
4582
3972
4183
4274
2660
937
4566
3234
1330
846
4659
1353
1338
3290
2144
2354
4360
760
4357
3875
1512
1275
3138
556
2268
1472
2872
4004
3918
3053
634
2203
2434
4891
2640
3891
726
2229
160
2214
443
1968
5000
2673
1188
1135
1280
1168
1715
2183
4618
4960
2915
2827
1653
4821
3005
1403
2891
5048
3349
1216
5165
2483
2601
1620
4258
4953
2894
5404
4433
3683
3471
2583
2630
808
1535
2474
1790
4255
5092
1588
1829
594
2015
3415
2819
287
5116
1938
4638
401
4093
4952
1675
2328
3724
889
3941
3411
394
2161
4246
1058
3688
2012
3659
4936
2044
440
1441
4630
2458
2824
3953
1892
5264
4522
542
1752
3009
439
1053
1336
2751
4817
4619
3553
3264
3563
5029
186
2899
305
4632
2353
2507
2074
4517
3589
2021
5004
5359
4236
1504
3949
5256
1027
4870
4544
3055
4563
226
3975
1462
5016
707
5224
5076
2443
2122
2089
2557
4695
1973
466
278
2242
4343
3737
2875
3378
3623
4197
387
740
3674
504
3734
945
3293
25
3877
2998
1753
2078
2113
1763
4928
254
1665
259
3689
3469
2542
2524
879
227
1563
1759
3145
3575
5060
289
2472
1625
1103
4431
3073
1484
2577
4282
5200
930
4734
2963
1062
520
2238
557
1077
5267
1057
716
4548
2376
64
262
1749
2038
3045
4028
1525
4573
2285
1279
5217
1006
3529
2148
549
3826
4787
5145
3610
4068
2115
4243
4189
1237
3817
4984
4342
791
1011
1089
4499
240
2618
2142
1114
4500
2037
3017
4498
82
489
4381
4454
4057
1242
3822
3169
2083
2165
3625
141
3141
1008
4047
5001
3968
1314
563
2810
2613
1558
1091
898
4806
428
5146
3993
891
2250
1884
4110
2111
3537
3338
1994
2571
5295
3128
212
4819
16
1848
4599
13
2445
2850
4442
3961
139
3636
4378
5381
26
2579
4579
3935
4667
2984
4594
4747
4694
2742
135
5265
1451
4613
1724
2632
1320
3528
3263
2358
2099
5223
4082
608
3952
1640
4316
2943
3514
130
747
376
896
3476
647
833
633
2014
1628
4109
1852
636
981
868
349
1092
3602
442
3785
3890
4285
2493
4855
3701
2748
4410
4990
3921
4209
4639
5405
105
2746
3886
1612
132
5325
1195
2816
2419
1329
5163
3750
1716
3470
1522
926
409
699
1618
5032
5222
1672
2765
3304
3703
4253
797
2999
4062
5254
3869
4409
4077
1044
4989
2625
559
709
1745
630
5348
5046
3219
5321
1943
3380
3360
3035
4662
4150
558
1720
3429
1455
396
1723
1087
3486
3375
1104
4810
4869
3542
1634
1978
679
2648
3417
669
2379
1821
1197
3570
2247
1664
880
4384
5369
1090
2020
843
977
2845
2184
4148
3872
2714
4419
3764
4547
2591
1079
2629
4056
1704
686
928
316
2342
1350
3466
1549
4448
582
2651
5328
2882
3991
3143
78
2724
4532
2802
4954
3253
1773
4147
3051
3874
4036
5198
1255
3036
2913
3720
465
4487
313
793
2578
4370
5008
1416
1187
4298
682
3861
5387
1518
762
4463
4507
1480
1032
814
1415
2596
3895
1641
4616
1901
5138
2702
2327
351
3594
5308
3028
3019
1418
3770
3586
1867
3603
757
4052
2529
606
4752
1128
5120
3023
1061
3292
1771
1208
4128
1138
2840
527
3938
524
590
3670
3392
2047
4971
970
1929
4460
2671
4163
2107
2709
350
775
4437
3513
4539
2372
845
3078
1930
2414
128
548
4646
4223
5275
1602
5301
3974
2701
4795
3511
584
2447
784
1708
1075
3346
4222
3684
55
2120
4106
3449
2914
3482
4469
5189
5384
4103
4958
3730
4061
2594
1499
5025
2950
4330
2694
1912
369
1913
3419
1940
3864
1774
2305
3332
2814
4254
4723
688
3747
885
2836
4890
1893
3324
867
2689
1470
5297
182
5028
158
3153
4130
3405
3342
2295
5230
2041
2717
3096
5296
237
691
2446
562
2733
2736
1547
3365
461
1133
2330
546
84
4069
1378
4718
2466
502
2004
4513
518
1800
5149
2513
361
4164
2489
1879
2620
1642
4241
5258
2764
3578
827
2896
3930
2676
3395
2794
1882
4198
3175
99
3595
824
5015
423
1540
2768
576
1228
5119
479
4496
4793
2473
5176
3438
2597
4402
3430
507
586
2784
397
1801
3987
639
2124
81
1051
2654
1110
1377
2869
3541
3816
3933
291
4887
4572
1445
923
948
3838
3404
533
3756
1223
353
201
3711
3436
2425
4167
2290
194
2361
4680
3554
2395
2241
2137
1166
2855
2595
4417
3775
1581
61
3973
5078
3767
996
145
1477
1037
1153
1362
62
2492
2930
5101
395
4415
914
230
503
3637
887
1421
2525
1360
2456
2491
3543
901
169
4621
5201
2421
1659
4916
4495
748
1300
1302
322
3707
1539
71
3013
613
3752
2880
1982
2727
4012
4979
1928
4497
910
4741
2782
2248
829
2797
5203
4712
5350
831
4436
3317
3946
111
2481
3345
5111
1442
1252
2553
5274
1830
4911
4813
1322
1124
5242
1797
1238
1285
724
1141
993
4992
3736
3628
1308
2722
5074
2947
5211
1429
1545
2834
3406
2364
4679
1172
3781
1334
5229
2331
4418
1818
4681
3580
3239
4175
1686
728
3852
3221
4362
2592
3663
1865
1146
4606
1762
306
3951
1018
5213
3744
1244
2255
508
4636
830
243
4612
3170
1571
5237
5349
29
2312
3330
695
3222
4053
2079
4441
2426
770
683
3161
1495
375
746
3719
694
789
1064
5170
737
2067
1358
1431
4472
3848
2870
