610
837
615
32
89
999
264
985
478
903
942
993
752
509
934
507
229
742
411
278
699
155
455
691
599
952
16
10
982
105
871
601
141
376
119
300
939
187
744
727
476
366
692
895
535
409
767
258
750
108
280
565
1009
667
46
106
2
989
461
803
968
64
444
584
642
529
814
272
181
496
354
494
907
347
923
306
178
779
860
1028
600
596
595
572
45
403
491
798
242
417
872
199
941
451
43
884
875
335
333
963
407
238
79
482
462
285
23
856
391
833
1002
680
12
525
221
438
465
188
677
190
37
189
743
54
724
397
44
829
901
56
910
984
332
468
125
791
310
629
825
618
86
424
846
512
714
637
540
17
857
821
1007
865
483
548
1020
759
446
908
949
703
527
164
819
375
605
426
808
809
400
820
170
713
42
138
709
997
678
498
975
795
249
252
616
373
932
706
528
303
28
470
878
620
892
211
771
173
316
543
770
668
180
905
129
687
604
334
994
577
383
688
906
388
652
236
235
734
602
782
623
47
935
715
489
367
118
902
29
22
546
139
776
117
152
297
730
530
231
224
670
850
657
102
448
898
876
419
666
177
443
913
520
215
109
261
627
292
145
146
104
924
585
427
991
384
418
576
66
205
764
84
59
185
708
766
848
110
513
382
291
704
168
484
200
912
622
208
132
245
974
186
175
995
1023
838
93
34
981
345
156
698
558
500
983
142
134
14
726
471
928
270
401
937
503
463
241
329
82
551
351
305
202
547
853
271
1011
313
133
452
842
663
681
149
890
914
386
613
973
933
510
97
191
617
432
946
237
294
773
831
412
669
575
325
560
676
396
824
67
336
587
531
635
588
521
800
988
827
340
646
321
948
874
311
568
788
244
960
793
1012
24
634
381
428
722
683
73
851
1022
640
955
919
250
654
263
41
998
218
18
275
1003
435
58
467
71
655
404
812
63
379
192
39
539
317
758
516
217
486
590
728
970
504
797
497
374
103
196
1010
77
862
154
822
153
886
813
711
707
755
873
522
206
150
777
330
160
720
524
361
741
675
342
256
807
723
964
533
320
172
951
648
377
281
456
410
574
589
479
288
499
1013
100
85
612
458
581
556
921
78
569
353
49
650
830
591
416
393
945
65
564
757
358
481
888
847
761
778
413
519
736
760
768
274
927
91
9
415
854
598
69
1004
406
92
265
659
343
738
639
624
126
861
394
508
566
395
835
51
453
323
1
216
631
1027
887
562
359
166
450
926
863
70
920
754
201
20
68
127
785
372
307
953
505
653
55
195
341
225
148
283
774
947
239
214
712
962
826
454
114
163
719
1008
53
753
747
101
442
193
131
725
251
90
925
314
1006
563
194
957
645
790
710
845
929
582
1019
266
538
124
475
633
36
844
816
262
434
705
748
490
877
554
867
301
583
99
980
473
26
936
402
834
492
493
246
430
128
120
248
644
721
823
30
930
573
515
60
802
987
938
295
277
917
885
169
31
811
972
965
469
731
290
385
5
327
331
184
828
943
950
891
971
420
223
638
220
147
922
253
697
3
523
50
112
387
597
729
794
628
567
882
1005
33
542
21
474
626
501
369
852
996
487
107
240
769
371
357
122
96
896
966
19
717
74
4
940
144
259
693
992
739
389
843
162
346
480
296
718
609
1021
116
227
1000
745
212
279
839
198
986
219
815
594
958
686
121
959
289
673
967
751
255
625
786
900
48
466
552
339
649
961
608
536
234
1001
671
899
765
210
864
746
72
1018
405
472
247
665
182
165
792
459
431
87
796
918
15
893
954
799
1026
302
695
349
1015
658
916
804
660
143
894
269
904
632
392
674
976
685
370
763
157
749
75
299
398
647
740
614
254
88
690
464
436
756
399
879
422
526
52
787
62
534
679
319
549
174
287
592
514
545
570
80
909
113
1014
911
137
550
159
836
506
870
789
732
532
76
356
636
282
735
641
362
95
700
606
260
232
433
737
457
733
6
364
390
267
158
40
619
308
866
344
561
161
555
781
440
969
425
447
1017
541
35
783
931
944
176
840
672
98
213
167
355
1025
57
818
276
897
559
439
702
858
553
337
716
360
257
621
682
849
8
643
315
322
868
696
664
477
81
312
859
203
1024
228
324
977
179
889
226
183
805
441
197
207
151
841
350
537
352
1016
27
502
495
557
286
115
511
408
518
38
701
775
689
328
445
772
421
268
915
662
810
309
869
488
414
881
293
204
449
140
485
363
326
880
284
817
978
135
437
656
11
684
762
580
429
298
661
348
123
990
801
806
780
136
593
233
7
171
94
694
378
380
603
25
979
222
883
230
956
855
607
338
318
243
368
517
651
611
423
111
571
83
304
784
630
586
832
579
209
544
61
365
273
578
130
13
460
