1
4
5
6
7
8
9
10
11
12
13
14
15
16
17
18
19
21
22
23
24
25
27
28
29
30
31
34
35
36
37
38
39
40
41
42
43
44
45
46
47
48
49
50
51
52
54
55
56
57
58
59
62
63
64
65
66
67
68
69
70
71
72
73
75
76
77
78
79
80
82
83
84
85
86
87
88
89
90
91
92
93
94
95
97
98
99
100
101
102
103
104
106
107
108
109
110
111
113
114
115
116
117
118
119
120
121
122
124
125
126
127
128
129
131
132
133
134
136
137
138
139
140
141
142
143
144
145
146
147
148
149
150
151
152
153
154
155
156
157
158
159
162
163
164
165
166
167
168
169
170
171
172
173
174
175
176
177
178
179
180
181
182
183
184
185
187
188
190
191
192
193
194
195
196
197
198
199
200
201
202
204
205
206
207
208
209
210
211
213
214
215
216
218
219
220
221
223
225
226
227
228
229
230
231
232
233
234
235
236
237
238
239
242
243
244
245
246
247
248
249
250
251
252
253
254
255
256
258
260
261
262
264
266
267
268
270
271
273
274
275
276
277
278
279
280
281
282
283
284
285
286
287
288
289
290
291
292
293
294
295
296
297
298
299
300
301
302
303
304
305
306
308
309
310
311
312
313
314
316
317
318
319
320
321
322
323
324
325
327
330
331
333
334
335
336
337
338
339
340
341
343
344
345
346
347
348
350
351
352
353
354
355
356
357
359
360
361
363
364
365
366
367
368
369
370
371
372
373
375
376
378
379
380
381
382
383
384
385
386
387
388
389
390
392
393
394
395
396
397
398
399
400
401
402
403
404
405
406
407
408
409
410
411
412
413
414
415
416
417
418
419
420
421
422
423
424
425
426
427
428
430
434
435
436
437
439
441
442
443
444
445
446
447
448
449
450
451
453
454
456
457
458
459
460
461
462
464
465
466
467
468
469
470
471
472
473
474
475
476
477
478
479
480
481
482
484
485
486
487
488
489
490
491
493
494
495
496
497
498
499
500
501
503
504
505
506
507
509
510
511
512
513
514
515
516
517
518
522
523
524
525
526
527
528
529
530
531
532
533
534
535
536
537
538
539
540
542
543
544
545
546
547
548
551
552
553
554
555
556
557
558
560
561
562
563
564
565
566
567
568
570
571
572
573
574
575
576
577
578
579
580
581
582
583
584
585
586
587
588
589
590
591
592
594
595
596
597
598
599
600
601
602
603
605
606
607
608
609
610
611
613
614
615
616
617
618
619
620
621
622
623
624
625
626
627
628
629
630
631
632
633
634
637
638
639
640
641
642
643
644
645
646
648
650
651
652
653
654
655
657
658
659
660
661
662
663
664
665
667
668
669
671
672
673
674
675
676
677
678
679
680
681
683
684
685
686
688
692
693
694
695
696
697
699
700
701
702
703
704
705
707
708
709
710
711
712
715
716
717
718
719
720
721
722
723
724
725
726
729
730
731
732
733
734
735
736
738
739
740
741
742
743
745
746
747
749
750
751
752
753
754
755
756
757
758
759
760
761
763
764
765
766
767
768
769
770
771
772
773
775
776
777
778
779
780
781
784
786
787
788
789
790
791
793
794
795
797
798
799
801
802
803
804
806
807
809
810
811
812
813
814
815
816
817
818
819
820
821
822
823
824
826
827
828
830
832
833
834
835
836
837
838
839
840
841
842
843
844
845
846
847
848
849
851
852
853
854
855
856
857
858
859
860
862
863
864
865
866
867
868
869
870
873
874
875
876
877
878
879
880
881
882
883
884
885
886
887
888
889
890
891
892
893
894
896
897
898
899
900
901
903
904
905
906
907
908
909
910
911
912
913
914
915
917
918
920
921
922
923
925
926
927
928
929
930
931
932
933
936
937
938
939
941
942
943
944
945
946
947
948
949
950
951
952
954
957
959
960
961
963
964
965
966
967
969
970
971
972
973
974
975
976
977
978
979
980
981
982
983
984
986
987
988
990
991
992
993
996
997
998
999
1000
1001
1002
1003
1004
1005
1006
1007
1009
1010
1011
1012
1014
1015
1016
1019
1020
1021
1022
1024
1025
1026
1027
1028
0
