1554
1049
2246
4243
1895
2471
3102
2357
3032
2671
2063
1005
4681
2177
1759
5235
4286
3583
4609
5389
2775
3135
3552
3600
4625
5305
4670
840
742
1685
4996
329
5330
3563
950
4322
4924
3148
3649
4259
3741
1291
2309
1134
138
4288
4483
142
3973
576
4771
688
2093
1225
701
1880
1702
1470
3605
4954
5264
2871
5024
5159
4344
2207
21
1654
2556
1517
5129
1688
4255
4488
4402
1876
139
3709
1329
2313
2169
2875
1087
1058
1110
3674
171
1103
1606
507
2270
2677
2678
2104
2837
1847
2949
4099
3273
1469
1813
5172
109
2582
523
4539
2066
3782
1280
2761
1819
2522
2228
2130
379
2159
629
632
418
617
2190
1986
4477
1906
677
3620
3246
735
3467
5255
985
4448
1690
422
710
3289
4853
5185
4393
3988
5236
1182
3191
938
5360
1577
4353
2224
4900
694
837
1310
1450
4844
3310
2364
2095
252
2540
2118
605
5369
2259
439
4227
237
874
1016
4523
1091
2073
5362
3917
5178
807
2287
1626
2934
2422
1527
1706
3256
4151
4841
2288
4958
368
5324
3254
3378
231
5353
1131
5226
2474
1360
1617
202
2835
4593
2068
3568
241
3852
2868
793
1629
4183
413
1434
4461
1277
2991
2707
3830
855
1850
2099
3307
4303
157
5375
3826
877
4847
3696
4289
599
3806
1079
4302
2851
3121
74
1671
3946
3000
350
3865
2340
4006
2662
5126
1987
3561
4150
4287
5087
1449
994
4046
503
208
3132
3672
1162
596
98
2189
1267
3532
1022
63
1736
2525
4160
1833
4311
1082
1430
4953
713
2637
5148
3006
616
295
3836
4442
5266
2726
438
2279
3409
5078
3908
4684
2253
5039
3590
3794
1127
580
4672
1528
3101
2384
591
5335
4962
3861
1931
4047
586
1037
4023
3046
302
2498
2065
4206
4903
2685
3679
5325
4176
2321
337
3604
4722
4838
4727
4542
680
604
535
545
3187
3846
2274
1978
1290
1669
1775
3959
5091
3231
4117
475
1709
3459
2105
2691
3116
4432
4295
2483
3634
5216
1390
3200
4635
263
4291
1670
393
2995
91
4070
4074
484
3319
4039
3173
2930
2747
5099
3664
2258
1820
3484
2785
949
1734
4823
1635
884
2337
183
1197
1461
4766
2884
4278
1919
4808
2223
1281
3589
2014
3761
796
2156
3539
2690
4795
4565
1769
1420
468
954
1598
1774
4660
211
2129
4155
3755
3900
1781
989
5203
5110
1153
1860
1235
3516
16
5241
1952
4385
3965
2121
1689
890
4723
3064
727
1440
1328
1169
4768
1245
3911
1288
2754
4299
5013
664
3628
871
3139
1476
1409
1546
3372
2151
3875
1036
2232
4802
1435
2532
3860
2680
5096
2490
1870
2587
2409
5075
2774
1924
5094
5240
1890
2872
385
1370
3040
4902
1204
1982
1338
3457
4655
2686
1566
3901
3416
1119
4456
1627
5089
1621
1401
436
3202
3230
3489
5321
4720
2588
3397
2714
3769
1392
206
1729
4574
4431
3376
998
1933
2904
2895
1499
4821
193
80
511
1147
2408
2566
1712
1227
2682
4440
3186
539
4697
4315
2098
2424
560
1812
4021
2704
3619
1139
598
3323
3019
2981
2417
3033
4008
1046
5184
269
4713
2899
3714
124
1718
1364
4419
1240
571
1958
4762
5328
280
3361
3308
635
2458
2058
2766
1630
4355
4453
5402
2658
2992
5357
3922
3443
917
5280
4918
516
4496
518
1521
2891
1105
2971
71
477
4421
1367
5320
2842
3042
792
601
380
2521
1237
4885
4787
3300
3538
1772
717
137
986
2317
36
3720
3456
4242
1299
2349
2736
1178
3748
644
3388
199
628
569
2445
5312
4016
780
651
1611
426
3439
3367
1445
2534
2176
4503
769
2475
4883
3734
3339
1307
740
3412
2561
853
4636
3602
4894
2354
1667
1783
4868
4253
2589
4965
2435
4947
886
1446
5097
2138
4438
2378
4386
116
2816
49
3398
5161
4390
2261
1492
1258
3321
3193
3994
1641
1874
3472
5100
1102
497
3691
378
5309
22
2855
4262
603
2910
479
3325
0
4948
4678
2322
3022
1180
3594
631
131
4929
1019
2945
119
2784
693
2182
4700
3483
758
3724
2481
5090
4234
3530
3407
2304
2171
882
1869
1100
1006
209
521
5029
4501
5272
4884
3318
1250
1686
235
2762
3668
3786
15
2067
4116
265
3742
1316
5125
425
5224
5372
4659
2758
1322
1475
4114
292
4651
588
1569
4715
2314
1798
5012
3215
5327
2527
575
4252
1447
3093
3136
4543
4702
4474
941
4088
3263
308
3629
4876
4999
1936
5181
3819
3060
3423
3426
865
4563
5283
3301
148
3311
1545
1077
2010
2925
4703
20
2584
858
4280
5093
4441
4224
3948
3952
2236
2600
2147
3986
4305
4298
11
2044
2740
3656
1548
4073
873
4772
3579
4410
3117
4789
1760
5251
4877
4119
1152
3631
3026
1643
879
2227
107
4325
864
5326
2923
3461
1011
1909
654
4452
3595
3728
1421
3156
3687
1432
1578
1408
3662
3763
3931
362
509
4760
1438
1495
4071
2181
4282
1610
1613
4977
3165
4271
4167
191
3883
2800
1699
3358
4586
4833
5341
1644
3892
4981
2124
1270
3727
1984
2942
1221
3330
1228
2848
4154
2272
4637
5200
2426
1236
2482
2460
653
2245
2958
4993
1883
542
1179
1703
3905
351
809
3537
2965
2984
4196
2828
2215
1681
3771
3081
3648
3711
5108
1383
3124
2191
563
862
1879
2610
5114
3016
4080
1259
3859
3296
1787
2500
513
5113
4614
1744
4368
911
1477
2464
1334
2089
3916
753
2238
1655
4416
2913
1502
2939
4738
196
286
334
3118
4644
3437
1132
2244
3326
5057
149
903
2285
4420
3177
3984
1593
2618
3127
4951
2343
3873
2112
550
3401
1070
1674
3659
1008
2937
3840
4498
1453
27
39
1479
4444
5145
3774
720
3708
5053
4058
1724
638
1273
2421
1466
4051
2862
2612
1354
2094
3195
1054
2595
4380
816
