2920
1570
3730
1718
2812
5303
4589
2176
900
1492
3004
4655
1121
4952
2089
2299
3703
619
4850
4203
2496
5155
2856
471
2370
4193
3338
2678
4515
2476
1107
2197
206
2147
2848
5120
1624
4227
3458
1238
1452
3876
4179
1457
3334
2878
4552
1778
1018
4090
1988
4470
882
2300
5291
5389
4716
3568
4141
4662
332
2094
3492
1924
609
2153
1706
1737
4011
2322
2775
154
4930
1322
4956
1502
1950
941
2772
940
4253
1840
3280
2444
3156
3630
2796
4258
3531
5352
4792
3320
2223
2386
2521
2830
2420
4546
707
1616
4668
1947
3354
1318
952
1163
4234
2326
282
5084
558
731
3974
974
2597
439
976
3868
3219
1937
4499
4462
5149
2459
4626
2765
1968
1125
2884
3178
2460
3024
3799
1791
824
2306
5014
2066
1688
1325
4915
4790
3464
1959
2091
5111
2358
4242
5023
4491
4140
1382
4981
2127
699
5381
487
3421
3736
4496
2341
4161
5000
1159
1383
552
1000
100
2157
2552
2079
4446
1190
2246
3254
3741
2490
4868
5273
4950
4003
104
4377
3845
3838
345
3463
3389
367
4990
1405
760
2647
2488
1811
3712
4299
4026
4072
5338
1935
4458
4517
5363
4765
1043
3374
1356
4178
2752
3512
1042
660
4304
686
2680
4388
1087
4182
4260
3713
409
4573
1563
644
525
3999
3764
1729
2750
5208
2057
2449
1895
2604
843
1129
2928
2729
5386
3914
4456
539
5332
5026
1686
708
913
5002
5194
3076
4436
4807
4350
271
2156
3504
1364
411
3627
5326
3019
1131
3059
2905
507
4059
364
2321
3765
3533
2880
4405
3054
2873
4365
39
2373
3676
1820
1037
3476
38
4693
4039
3075
1299
571
3926
1047
3453
4166
3347
968
2929
1802
5393
4726
1594
3108
2897
3114
4942
145
1422
3877
447
1365
4383
429
5244
1953
4443
4134
1086
1882
5223
2508
2248
4567
2361
5201
4618
2837
1402
954
2086
197
2452
3691
3784
4660
2774
2004
2492
1123
1441
4751
2338
3605
3495
2380
1345
231
212
2533
5355
4390
3302
2872
4537
3618
606
4791
5353
3356
4639
1253
5082
2073
4273
2167
4126
716
46
753
1847
3750
3523
4447
5173
1550
3443
4212
4290
837
3842
3502
3365
2834
2190
4844
3683
489
4592
1777
68
1012
1235
284
2482
987
2606
3486
326
203
2696
4196
3245
5031
1996
159
2988
553
5369
4109
3051
1666
5288
4970
2023
2244
4287
2746
363
3947
4053
4075
1349
3425
1173
4197
5396
1825
3163
5219
1428
3436
714
577
526
4695
1784
4995
1913
5012
3743
4564
1243
1316
2115
4840
4152
2595
4174
4642
5081
4771
2047
3569
2080
1592
5041
1916
3888
3807
5336
2234
1451
4108
5366
5124
1741
1241
3637
5034
3944
3109
255
1919
3283
4070
213
1982
3715
3609
504
3777
3491
2852
4635
1808
1601
2464
1588
2487
3457
130
3617
5078
1038
1096
743
2821
5140
4752
2962
2159
2792
804
73
812
2757
466
2378
1638
1342
1627
3753
4476
4267
1915
776
4505
4429
494
5267
3525
1265
1636
4277
949
4030
2457
4089
3701
2230
4784
821
919
2673
4794
2631
1514
2987
5354
1984
2906
4238
3433
1443
5331
2180
1862
501
2303
3795
2263
4588
927
3246
2085
3490
41
4617
3160
995
2121
4459
95
75
3528
272
4725
3639
1100
477
1055
4398
2828
5043
2716
2286
1051
3398
2010
663
2311
2669
2051
2580
3723
3006
2252
3494
2295
467
397
534
3643
5188
443
1948
241
180
2323
3135
1788
1515
1360
3189
4613
1819
5220
2817
4468
250
4600
2334
1576
4859
2592
2863
977
4980
4310
3353
1652
2539
4261
1092
861
3932
762
562
1911
2423
2503
3408
4775
1869
2257
5348
1305
4284
135
2400
485
2903
3300
1668
4321
11
4352
2408
434
970
3757
3880
1039
5377
1803
1865
4586
1256
4897
4009
1098
4892
2055
143
2020
1168
421
444
3193
793
410
1863
572
639
4633
4484
2832
351
1005
4861
71
141
2388
1352
3622
2994
1397
4991
3731
4094
887
1480
3793
5059
3909
1225
541
1857
2360
2108
2758
5189
3745
938
1178
3123
1082
2915
31
3140
5015
2736
4083
2390
234
2789
334
3956
2531
1143
3514
1768
2562
1735
1061
2825
4138
2811
3684
2041
1063
2702
4457
2224
2799
3237
3253
2945
1335
3620
4788
3415
4239
112
133
2980
3625
3860
465
1017
3597
2785
902
1479
4713
1767
5384
1140
1011
3851
1327
3903
3820
4616
3215
4362
858
2050
1369
2308
3583
1747
956
1417
5280
4408
3631
692
3927
4886
5320
4580
258
223
4521
2668
4977
273
4835
20
4829
524
350
1722
174
5105
2909
3739
305
2254
1631
1757
612
1854
2000
3538
4151
3925
3941
4687
2543
3662
1776
3250
546
2646
5094
2827
590
2012
2301
4198
3552
1328
2352
2703
2011
2422
1026
4036
645
4077
32
2573
3143
5013
3527
3155
2613
4728
4361
4908
2277
4901
3034
1270
2713
3198
5245
1151
2440
4056
2307
732
5092
1790
3615
4920
5181
2587
4220
3729
4506
2608
4224
1132
1743
4060
3275
3211
312
1498
3350
2187
5259
3828
2686
2317
2264
2062
706
4406
4641
459
669
3986
4854
5213
1850
1678
3717
357
17
4919
3949
4887
687
5337
1639
2043
5107
3167
2722
2032
4867
4335
2216
655
5299
2447
113
5176
281
3911
3704
5192
918
800
3664
4896
416
5230
4597
1064
2855
3469
1371
4243
18
2191
4979
5297
4964
2072
2018
4951
1661
1483
876
3672
886
3869
3556
3313
3991
2704
5110
1171
635
3642
2726
1753
2144
3169
2451
967
2947
1670
321
2069
3173
514
2149
2261
2847
2723
3361
2838
4495
2694
3616
856
383
134
3233
4958
3147
4562
1698
208
3699
4889
2986
5362
4688
3098
4885
4523
3748
2403
1126
2759
4566
1394
700
4659
2976
818
782
2407
5242
581
