1855
4204
527
3064
2015
2196
1404
2610
3675
1542
1827
1781
3890
4268
679
3612
4968
860
4489
1590
2555
2437
2479
2567
1425
2627
4442
1553
42
29
257
3262
1406
1007
1538
4939
495
1488
3166
1471
2648
792
4402
2787
2298
2092
3987
67
1837
2200
2626
4210
2226
1536
1888
5345
4649
2921
1444
1789
4033
986
4912
1730
742
2629
2933
2846
874
2985
1500
3055
1150
1413
4838
2158
4543
1615
5335
2138
3392
5165
1200
1506
2598
4013
4421
3248
3735
2453
62
2615
1462
37
4836
2690
3871
5158
1509
2675
4963
4038
1375
55
4450
94
1454
632
5170
3872
3614
2655
452
4779
3499
1385
2804
2174
2227
989
1682
3815
3555
4413
1655
268
3074
3238
4110
1153
4125
2129
2344
955
5167
2641
1158
2745
2900
2815
2426
3281
3185
4574
3083
2642
3393
4932
620
1297
573
533
610
710
922
2748
3263
3146
1951
4280
4465
717
820
265
320
3961
3448
744
1201
492
1561
1617
754
4294
899
3522
3804
1068
1700
1918
2640
5221
4739
3685
1645
2665
3291
101
642
2622
1215
2883
172
4453
4528
614
516
4502
4810
3105
3899
4167
460
3936
2999
2586
3854
3444
2
1374
3209
89
2172
4550
3766
794
4650
91
3256
2557
2912
2021
2222
8
2958
2768
2351
2738
2371
427
4085
3591
1967
4837
3482
3716
4344
2684
3962
4158
3934
4742
4066
4195
136
296
2467
2287
4093
703
1486
105
2739
1144
769
2660
3014
480
4461
4444
4869
2241
2122
779
991
2332
3788
5364
1512
2899
2031
2096
493
4847
200
40
4595
1826
1115
648
4131
4023
275
4422
5257
3084
1033
1446
564
2991
263
2505
2576
2374
5203
728
594
3020
864
1275
1873
2260
5357
4925
671
2783
737
1102
1721
1962
3310
4433
4531
64
5152
5302
3866
1090
1072
659
1630
3044
1059
1640
2213
790
278
1568
2853
2667
4819
4385
3410
5195
4371
1626
1355
405
4525
5211
2522
4982
1896
1672
1073
4015
1595
4031
1274
764
3465
4923
3304
3240
176
5076
4102
1185
5126
3946
3840
2530
3112
4891
3091
2273
3229
1992
2616
2143
2652
3668
5226
5153
2927
2664
5202
3509
4769
3278
889
5019
3010
4680
236
83
2040
2027
4960
3651
1689
2429
4423
3206
3345
5403
4700
578
3640
3858
4872
5141
4492
5260
5301
2130
5243
5186
1839
5199
5102
5143
4973
2643
1247
3397
1619
3497
1866
2324
3360
567
5232
3621
1534
798
2600
1198
1848
3466
4188
1455
4858
3367
4629
3460
4679
1447
215
269
2178
3889
733
748
2581
1002
3094
740
4967
2538
3428
1370
2632
925
4331
1208
1008
2764
2310
2978
3142
3321
4821
3402
1845
4466
4984
4541
4100
5066
845
4903
1145
1160
892
2237
5187
280
5227
556
5222
4327
2936
3682
3598
1754
315
5083
1677
2788
4029
1109
4241
3800
1128
1861
5049
4159
2417
2209
608
774
2228
30
2534
1280
4368
2100
3299
3511
4323
453
125
788
3196
90
137
2195
3183
311
2618
5282
2902
3543
25
838
1156
3574
654
3654
2211
4147
4112
950
2960
736
1663
1644
290
103
3427
5261
5296
1276
1057
702
3066
3513
1761
4341
3276
4409
4893
894
3403
3099
4576
2867
2177
246
3891
2861
1779
1432
425
4879
1367
897
128
3301
5218
636
4809
2383
4172
4001
4684
170
868
4818
2870
2398
3636
1491
138
2438
3501
2981
1720
2982
2630
2192
4425
153
2049
3742
2251
946
586
6
1765
5207
4437
1196
2851
61
488
3382
1905
2357
1783
486
4025
2570
2836
3551
2590
3595
4712
3994
209
2353
4815
5235
464
4264
4773
5040
1031
2951
155
1410
1900
5196
3681
3021
4781
875
698
87
3756
1309
2319
2255
981
3819
2730
3882
2067
152
2204
576
3945
4540
2284
4666
745
1956
1262
4763
2596
1361
1387
228
3711
4938
4482
4898
242
3594
978
2366
739
848
499
60
1816
2767
3008
2653
932
1388
1532
1971
1376
2528
1817
2399
3970
951
3498
513
3296
638
2285
4292
5090
1852
2560
2392
3441
3305
695
3399
2826
2650
2139
3607
4064
4348
4076
1431
302
3957
4727
741
2649
1269
1231
5276
910
4209
4155
621
3063
1964
4494
3221
862
146
4340
4391
961
2949
4855
2524
600
869
13
4871
3755
169
730
2763
3127
3924
1874
2309
4382
354
2396
4857
3261
2350
2709
4148
3252
35
377
1053
4353
1970
4024
2093
47
21
5190
2689
1564
5053
4115
4370
4989
4014
2221
3113
49
2441
1347
4250
4969
3411
2376
2687
5096
1130
1567
4351
1796
484
4863
1751
1732
5262
5047
2116
4098
4050
623
2714
3197
4674
1831
2494
3570
5351
2559
5224
4157
1066
1494
2699
2844
3346
2894
1362
330
3332
1836
2875
1078
3953
3396
1702
5135
2276
3984
3816
2418
1093
5178
3041
114
1307
2435
4008
1469
4623
2470
4392
344
4731
1170
5184
1246
1891
1596
5263
1800
5044
3802
3258
3426
2258
3706
3884
5104
3235
1176
3435
2076
3455
1254
3655
5333
5308
2397
1147
4047
1612
2327
3102
1703
2103
2297
3093
3371
2639
2406
4894
4291
4068
1621
4822
33
5006
1331
44
406
3184
763
5356
2425
5214
597
3182
809
3632
885
5137
930
2401
4308
1463
3663
4040
4225
1354
4583
5032
4535
3508
2142
3886
5180
4320
822
5123
4373
4509
3958
972
4902
4097
2081
396
4278
3056
4594
3516
584
3329
1084
338
2136
4805
2233
559
630
2056
2046
1016
4764
3856
1945
4154
1493
3000
1719
2292
5103
2203
1714
1445
3519
1653
4044
124
871
2742
583
1484
3260
823
2548
2290
1782
765
3771
3657
1654
4452
4706
2881
3148
3901
847
840
1832
1308
2662
2044
107
4184
1887
3330
5175
2220
3849
1104
1065
560
2506
4262
2877
4354
561
831
3214
2486
