2254
1509
3076
834
4403
2319
856
645
3453
2537
4485
4998
1116
5309
3756
1280
5305
2542
1838
553
604
5158
407
891
1992
1834
1501
65
592
5338
3933
4803
2896
4297
2974
1525
1993
203
1185
3572
4619
3369
4664
541
2851
1398
52
5380
405
3337
2572
3666
5003
4222
2172
875
1283
3704
1505
3888
3330
3835
2916
4350
1406
371
3106
1113
1951
4787
1140
3794
2263
4721
535
97
569
2581
3930
5243
1684
300
4944
3583
5027
2780
3271
47
2420
5173
559
1672
1563
3830
1607
3035
3331
1689
3925
2908
253
4118
1515
1167
3448
2203
3412
248
2361
774
2442
1886
61
796
4989
3309
306
2519
3812
4510
1852
1083
3615
1362
3868
3895
2114
3566
3455
710
1432
2900
5298
3640
2578
5345
2700
1256
1328
2433
3325
2797
156
5067
2667
4037
3620
3778
1032
113
3244
5323
3610
1855
556
4718
1850
727
4149
545
1967
4432
4451
2469
2938
270
3488
5337
4603
2992
4697
5281
2355
3251
237
2301
1815
3057
1094
1579
2668
5110
4647
4711
4357
4188
2658
4326
1829
3589
2677
160
413
179
2445
96
3425
5188
3404
830
1988
3232
3170
1565
4893
433
2617
4226
1147
3322
480
5001
2722
1476
1490
4970
1935
4086
2462
2231
1679
4807
1485
3421
4688
5293
2245
426
584
4855
3512
3651
2623
5204
5088
1712
5388
3285
4916
5026
2440
2004
3353
4816
3541
2305
3105
1889
2107
3097
3924
2814
2748
3209
3334
2943
4680
3854
2951
1139
3233
1462
639
2550
3141
3085
4651
2183
3080
367
938
1057
111
326
4095
3068
2010
3280
2042
2670
1408
94
4490
1300
887
4565
5056
3122
4165
295
2174
1150
281
3641
5131
643
4103
3060
177
2584
4107
3396
3864
1469
3910
1613
2998
4202
3985
4786
3074
3960
4136
457
121
2312
529
5146
1905
3774
106
2818
5038
2713
1021
3300
744
2088
2559
1555
5224
4605
1728
894
3913
1865
4796
741
3820
2607
3611
4196
1695
5171
4426
4146
5085
619
513
864
3860
5060
1663
901
616
5117
1127
1813
4798
4391
2408
4947
2293
245
3084
2752
1750
2866
4329
3182
2278
646
2555
502
4250
89
2199
2399
617
4574
2547
2727
4292
799
2414
1757
2776
4420
2405
87
1218
2968
1444
1977
3587
258
913
4043
1719
3419
4793
3627
1704
2646
3681
3406
2758
4873
1725
4456
58
1957
3265
635
3848
1650
983
5280
43
5112
2006
4360
3765
1170
4844
4749
381
5228
167
2456
3174
3315
4617
99
2269
829
2893
3177
3967
4525
910
3916
1199
1818
3273
595
1070
3952
3682
4607
2284
2171
4320
4093
3136
3165
3111
2560
3909
3071
5353
235
4059
3346
1373
1917
2663
2615
2942
5395
1420
2026
5247
291
5170
1943
4042
1763
3720
3792
5083
2276
571
360
3874
2123
4161
1661
5015
1895
4568
2136
937
722
4164
5362
2905
4536
3822
2509
8
3414
3525
5095
3906
1910
2919
1892
714
2860
4564
2728
3355
4509
4518
3147
1016
2439
4822
316
3869
4397
3787
632
511
5010
1940
3443
4052
1553
4308
4756
2208
2035
720
207
1244
597
437
3044
5116
3894
2650
3975
3862
3193
3880
5381
928
2906
5296
5308
5246
1210
2527
2118
4112
2842
2732
5328
1008
4817
2682
537
753
3715
3102
2143
851
4971
247
2343
1007
4234
1995
2302
1361
4230
2880
2639
3215
211
3903
816
3417
2627
2656
3551
4323
3009
4751
2480
546
1899
2436
5166
3503
3051
1017
3413
3340
3459
18
3178
615
786
2915
1029
2063
5360
3228
2876
787
550
4824
5252
1107
2083
2635
394
3979
1884
572
4806
4246
3473
1853
1436
1810
3987
4064
2909
1320
906
355
905
2077
343
1122
4312
1546
3336
1217
5051
4346
3259
4570
4362
3661
358
1247
3929
2024
4481
4236
4100
3316
1360
501
380
1403
3107
368
949
5330
4474
835
3621
1634
4642
1875
3437
1722
4722
1270
3542
684
233
872
552
3706
500
4442
637
2522
4917
2545
152
3722
375
3831
81
2740
3665
2602
2486
5346
55
5002
818
919
4858
4228
1392
4519
4480
5004
3219
39
445
586
4388
1423
953
4778
2763
2576
3352
2739
4708
67
4334
3064
2101
5072
4209
3103
3719
241
3077
525
1819
3204
2829
3370
4794
408
3239
1806
2018
656
4599
2802
794
1787
2395
2551
2372
1286
5256
3630
2266
4471
3091
4652
587
3311
3766
3804
2059
721
2352
4302
1789
1707
1461
2810
841
4194
5016
1974
5270
3697
2402
2345
2140
4958
244
5187
4408
4580
430
4870
4486
5161
2029
2775
581
1291
4945
3202
3238
1
2934
2888
1091
5318
1665
27
477
5259
3889
1828
832
2374
508
1688
312
922
2736
3156
828
5391
5405
4712
3143
2858
1985
2813
5058
2350
4457
2417
4611
5218
2099
4102
1439
163
5197
2595
1308
2571
2971
141
4941
4889
1900
3399
4111
2795
169
2933
985
4860
378
3190
54
2589
2292
1971
1158
4073
2653
3181
784
837
3243
282
1925
1638
3160
2296
4370
3976
2451
3604
472
421
697
1575
5255
3206
3858
2510
139
1363
1330
3969
1507
3019
4343
4578
1228
2379
2488
4014
603
23
3385
1528
4478
2151
3211
4942
2838
2287
20
4601
490
1467
3395
1036
959
2796
2184
3394
1840
462
1939
486
1691
4287
1619
2929
2899
1427
3840
3276
2340
4828
3119
4719
3728
2267
2901
3368
4493
2516
3560
150
1946
1426
757
4779
287
965
3442
1495
2434
882
2150
3817
2307
5162
802
2654
5310
568
5047
5145
1192
3470
3153
1133
2098
382
4661
4317
4422
3130
892
4085
3065
2045
2923
2336
2122
1723
1664
3495
4113
4342
481
4843
5006
3372
4075
145
1848
2883
2373
3781
3683
183
3287
3557
1394
2207
792
3522
1511
5275
760
5084
32
5343
2095
5244
