5179
4268
4527
4057
3434
3590
289
5398
495
3269
4434
941
364
275
5078
2126
739
2466
4946
1996
4641
1856
5341
826
1744
4747
4217
4814
4698
1653
2212
890
1987
446
2482
4522
2041
267
3118
2156
4224
798
4298
4158
122
1347
4704
613
3908
1836
2127
2731
1366
1581
1924
4221
1584
2922
3763
278
4468
2497
3863
3918
1130
5390
4223
1783
1938
184
3001
1588
173
623
66
2850
2290
2789
1654
2894
4862
3784
1120
3891
298
1873
2554
3113
3726
429
931
1966
2928
4153
3853
1798
3977
2666
2286
2209
5385
518
3088
1569
3504
3574
4740
4094
1776
3644
5082
103
4861
1576
2049
1452
3562
3698
83
2592
2463
1809
4345
3006
871
4630
2226
3262
1018
797
3386
4684
1512
346
1264
1215
2298
4769
1846
4882
1556
1767
4831
3120
2921
3338
3638
1285
2657
2062
831
512
3028
404
3172
1997
3341
1503
337
2377
3125
5332
2987
5387
3879
2782
327
5097
567
238
2963
3993
4638
1124
363
384
4799
2538
3573
1025
3999
3758
2146
5017
4874
4654
1050
771
5265
594
1616
2025
4730
4590
4124
2531
1517
812
3424
115
3855
3861
2135
2747
2181
4166
1842
1705
4547
3563
24
3754
4608
3713
1193
3524
2403
4928
742
884
736
64
4620
2936
747
1191
4470
2349
625
5253
2583
1802
1448
3365
4872
4176
3011
3596
199
3602
1213
5159
2197
2977
4062
4996
579
4834
5099
4736
3449
3454
1033
5093
3226
4696
5152
2904
3584
1446
3897
497
4399
3773
2235
4
2272
1274
3691
168
5033
4546
1531
745
4940
1682
3662
347
1821
3769
1604
3484
1265
1411
1416
759
4592
3358
3945
4815
3274
5333
4540
3613
5206
2798
351
5269
3195
1092
1521
1527
3717
3857
2840
3264
1524
4380
5378
3281
2806
3224
3842
3343
1207
861
415
2165
4615
376
4631
1792
1188
4773
4208
3382
2633
1011
1520
2558
4235
2279
4314
2124
804
159
5087
1492
3440
962
1979
2228
1077
888
4499
596
3408
5144
1062
110
814
1466
136
2834
1200
149
1080
129
86
4739
3816
202
2280
112
3511
193
2429
3314
4338
14
4548
673
1463
4492
3849
4035
4702
4122
2786
2265
1738
2622
217
4976
101
2005
3735
878
2660
640
1644
5326
418
489
3279
3961
3837
442
935
3042
4943
3460
4243
1837
917
2473
658
4369
3934
565
2566
4500
1972
5336
3549
1784
996
4890
4009
2234
2620
4953
2701
2718
808
3996
191
3798
4354
3950
5393
3586
2525
2999
2037
515
2191
2057
3988
4050
2984
2132
3149
2084
3710
4215
3438
5223
4921
4771
4054
1370
225
3594
3516
2964
1142
2317
2945
252
5248
2186
1678
366
2691
4927
1833
877
1134
5035
4576
3823
1814
3881
1098
867
60
970
3216
4304
3707
1516
2168
5207
4332
946
1897
2205
4409
5214
3283
5383
1930
3705
754
590
2464
4670
4919
105
2385
2925
4033
1640
1132
333
3083
3359
704
4856
3677
691
918
3282
4687
2765
5123
5138
3360
374
1686
4577
1239
2616
3361
633
2857
3729
205
2833
2644
1337
4381
170
2054
261
3839
126
4672
1038
4023
3915
3433
3780
5007
1893
3472
2843
3312
5235
3783
506
5149
3378
70
2853
3446
3402
2053
3764
4159
3000
2767
1380
3100
2847
698
3237
2504
4144
2781
4974
5372
2391
2248
657
5227
4929
455
1344
3937
2708
4656
4879
2773
340
5103
3031
1035
943
5241
250
362
1962
3845
493
3739
3229
3657
3256
2774
84
4032
1742
29
3753
942
3647
4436
1026
4105
5350
1161
4909
694
2426
2013
634
3079
2586
5375
80
2534
2303
1201
5357
4187
1551
5347
1187
4922
5315
3139
2947
4965
1204
1365
4483
4077
2737
1001
2587
450
2594
810
3288
936
4761
109
4504
5229
5273
3588
1028
682
934
644
464
4598
4716
1578
857
1024
5233
1499
4714
1470
2892
402
4887
2431
294
1015
2222
2060
1339
4683
2777
2723
1275
955
5075
824
4017
2720
370
846
5212
4155
1795
3121
2989
5210
330
5125
2149
3663
1658
4705
79
3605
1178
3110
3886
2104
373
4649
3632
1696
2264
4366
165
1231
4894
1761
3428
1732
2499
3793
3972
3727
5139
41
2879
3531
1068
3308
1227
4563
2994
1958
2903
2011
2015
4178
2409
5295
1800
3230
4449
1502
2898
1983
1066
2322
1219
723
3499
2577
850
1321
154
5127
1010
2459
4109
4322
1749
1514
3032
982
4404
699
5399
5124
5225
991
4004
5242
1387
3841
4024
3539
4723
5219
2659
3565
1164
1999
4532
4321
1669
4029
5065
5239
4826
3157
2745
5111
2309
1364
3466
1146
4309
819
711
5050
2712
974
339
2978
3509
5128
1541
2167
93
1343
548
2187
2393
4767
4808
4348
361
3002
3185
4472
1497
2597
903
3268
4491
3468
4092
1702
3197
2106
2746
4249
3099
143
2173
1419
5392
1716
2311
3947
4534
2839
3648
4804
1438
2766
3523
452
1267
676
1620
533
600
4011
3092
648
4508
82
3456
4128
2967
1756
3493
399
2070
458
1567
1859
3545
3467
664
4960
2924
3664
108
4530
4930
1006
4812
2275
5340
4801
2681
2859
3800
4210
1735
372
5
201
706
3872
277
667
973
1237
69
1445
2804
1796
2082
2415
3877
75
2327
2596
3052
5274
2092
5030
719
2182
5178
766
182
1861
3483
3489
4193
1175
3614
1271
3690
4192
3637
3093
2800
2139
1589
5148
5011
4199
443
2755
5349
2724
957
1534
1338
2957
1243
338
1773
77
1676
4358
1067
702
3785
1272
4133
213
3383
3426
1804
3439
1636
5232
2664
2787
2453
5374
2958
2332
2598
4543
251
1573
1141
3788
1854
5059
599
4877
155
1472
1013
4284
5401
3593
5389
2970
3642
4924
2721
4639
4090
3836
3870
680
3617
3791
1048
1539
2243
3310
2640
1197
1173
4015
1484
5261
4752
