1907
2262
524
4390
4623
1491
3885
4850
1880
2568
4190
5377
886
5209
3775
1656
3699
580
1381
3811
1453
3255
3852
5061
1887
822
3096
4539
3072
1601
1984
1775
2179
1920
2484
4677
1752
5094
733
3436
3626
5226
1816
2632
3089
2344
269
1542
2815
2236
1372
1721
1928
5133
879
3179
3810
2493
242
2351
1864
56
4774
1393
3203
869
4496
2553
3554
2128
1413
4977
1012
3538
668
1151
2329
4157
4720
2334
1273
1713
2155
1627
474
1720
30
3478
1890
2518
1765
5036
3871
693
1138
5013
467
4041
272
2884
72
674
4738
4589
5019
1233
709
5382
4821
4096
2552
2079
4699
1868
761
5040
3410
5384
3004
5354
1733
271
3559
3261
1487
979
708
1779
425
4659
1266
916
1323
5376
2990
636
1671
1206
3145
2050
4372
743
4553
795
162
1457
4964
4982
2611
3492
3299
3528
4324
4069
1849
3932
3176
1334
5012
3833
5005
1981
5211
4840
4637
1557
1559
2080
1220
243
4440
630
1677
2762
4957
1429
3326
563
2211
4068
3184
3824
4640
2683
1367
479
125
4216
1568
2333
4732
2954
1769
2920
1277
3834
5371
4750
3962
5299
441
2192
752
2950
1906
222
4526
2176
4392
3403
4966
1290
3992
1706
1053
2729
4377
1549
997
3452
259
2239
4005
257
4726
3892
1174
601
4414
3813
1473
4065
1883
4072
2268
4019
4790
114
4174
4538
3194
1708
926
5106
2300
265
3286
5175
2686
4286
2991
3978
3942
1662
2476
4263
4341
4813
482
5156
662
314
3650
2662
1513
4997
4596
379
2347
5098
2295
780
534
1562
1315
342
2423
4634
4253
555
2793
1302
3208
5245
4083
1526
2154
536
498
554
1176
2949
194
4567
5066
172
1736
319
4531
2342
4544
1758
414
3166
2421
2229
4347
2297
3796
231
1115
144
2772
4706
1437
5263
5126
17
1251
42
2993
961
923
328
4110
2003
1673
3795
228
5180
549
3688
3725
3485
5386
1544
4084
4416
4463
1126
3401
1493
1435
5373
2811
1496
4374
3257
1474
488
661
4673
1304
5322
3033
4289
4058
1891
4622
2744
2638
2040
2937
3730
2819
4179
526
2526
4896
854
4466
2354
4703
4206
95
2636
1585
4992
401
180
3740
4587
1782
2629
1425
4820
4396
4571
4418
4117
315
2513
2454
954
1605
4101
2253
461
176
1788
2425
2969
1590
31
4852
5086
325
1617
806
3152
3507
473
4056
1700
1196
3302
570
1929
1136
4241
2027
3989
3692
3721
1047
3761
3221
1481
4002
4173
4242
3354
1615
3389
845
2185
800
2725
5108
158
4074
3744
1329
5278
3248
3578
2314
12
1430
1253
3815
4625
2056
1896
2685
387
1288
4091
4895
1238
1316
4758
1123
117
3101
284
2561
1718
1356
840
5290
1145
2458
209
5115
2359
2125
521
650
3241
952
1989
4846
2200
5062
1087
1044
3164
2715
4737
4669
1797
3801
1914
3669
4937
4225
1157
2175
968
3447
4646
1108
1564
5092
2310
3672
230
1003
2147
240
4013
5069
2435
4624
2678
13
5121
3242
3272
1477
3207
1916
732
685
3292
4012
3029
3517
4120
3332
1037
540
969
410
2448
543
5277
1279
1630
5029
2649
4264
2932
2948
4682
3054
3087
4270
2495
4447
120
1482
1845
4373
3936
1100
2472
3036
930
4912
4978
510
1956
1543
189
4515
5080
5167
4261
4333
3718
4294
90
1626
1180
263
2148
3400
1309
4479
3435
2980
1186
132
4762
5068
1295
687
305
3752
2941
2688
151
4933
499
3569
889
663
3506
4279
4039
1948
4384
3579
2651
4051
3131
3168
2090
3902
2091
3236
4903
1969
2704
3799
5052
142
4501
4352
3556
3078
3935
1071
5303
4351
1248
2130
5140
1759
5041
5043
3305
4315
3529
2188
3198
5331
1332
2541
4819
3317
4413
823
1395
700
2836
1451
73
993
2959
1465
2164
5105
939
3819
1454
4993
1500
5184
924
3702
695
276
5134
1111
1879
5291
1908
2105
628
3137
598
283
1674
3463
1609
2610
1214
3039
3205
2071
1331
1074
4482
4237
1241
4477
3249
1537
947
4666
1599
2230
2043
4464
3218
2432
453
678
4427
1488
3714
302
2872
3007
2714
2398
2217
3169
1203
897
3838
2946
2585
4038
3291
1994
3745
1651
1397
669
2986
3155
417
4318
2575
2624
3189
3607
4888
2579
3612
1998
4535
4459
2273
2783
1307
1284
4811
624
2710
4251
1681
4900
1629
3123
677
4734
4473
4148
4555
385
1252
3462
566
2326
4857
2809
2475
3757
2524
10
3245
1079
1404
3186
3927
4291
914
3128
4283
2546
2206
3021
3561
2219
1223
839
3377
4795
1548
1054
2536
793
297
4865
359
1612
4361
485
3339
215
3073
3856
4407
956
4667
820
3212
1877
2634
3055
1101
3802
1961
7
1129
2862
85
4926
1510
3767
4233
4378
2889
49
3082
3104
310
5260
1668
1389
3115
3748
712
323
2614
2540
4686
2450
1574
1212
626
1128
3919
2979
4460
1973
3151
4600
2142
4665
4863
2249
218
4802
3278
3180
2411
805
3362
3380
1986
345
1262
4902
2975
4521
3667
5276
1276
1088
4428
3235
123
2944
1162
3779
1326
2321
2604
681
5189
2483
2131
3623
3911
5348
1369
5009
1764
4836
881
5020
1602
3826
1747
4632
4980
1799
236
3609
3645
4238
4763
4108
5190
3026
2599
135
3652
5240
2368
3490
2299
3521
5334
2501
3133
5304
416
1216
978
3534
960
311
3474
5143
352
4918
435
5168
1953
1529
3294
4204
2470
1097
2111
2260
4952
847
4438
1055
912
3914
3847
2548
1571
3398
3220
280
2074
1933
1894
2378
192
3731
988
3298
4197
3696
3843
4963
2956
2353
254
3695
2190
1647
3225
591
2965
393
575
3527
2702
4045
153
4984
5192
1459
717
5367
2422
3890
1625
4876
2052
3867
1778
3329
3070
4028
4271
2490
5286
2687
478
4791
758
332
986
5314
5183
2339
3786
