1655
2955
3420
1004
4981
1751
4725
4231
4484
4713
1801
713
4748
3313
5307
2218
2382
2313
3481
1727
5045
3943
1081
1901
1464
471
1923
1740
2325
1224
2112
1153
4395
3486
4340
1154
15
4618
1976
4290
1963
3850
1269
1046
1540
3716
2868
1234
1614
3175
1811
2289
1820
2601
523
627
4621
3851
3320
3907
5089
911
5102
3234
2392
255
2885
3755
3939
4046
3738
2381
5404
232
3037
266
2521
2768
1400
4116
1371
2743
866
3966
3898
3659
2117
3171
100
652
4163
944
2075
1112
1746
1596
3062
520
57
3144
670
1643
4276
3598
2341
686
5054
1666
855
4772
3671
3053
773
3348
2202
431
2449
1023
1711
977
2201
1898
4306
1475
4239
4994
1978
3631
1182
3536
1570
4337
4695
2380
2034
1159
186
5205
4218
3163
1538
4868
701
4417
3477
2699
1317
4775
3024
4523
4435
4262
3965
2467
827
848
1450
4475
4282
1823
1729
3986
4266
3581
365
1086
5364
229
5014
3994
2474
403
2441
1229
2549
1683
51
2953
4583
3214
3530
2460
2116
3974
836
4310
4123
116
4782
4883
1281
1194
3771
4541
4776
1843
5251
3476
607
2051
4281
1297
2952
2621
1447
762
1374
4406
1934
2830
2848
4026
776
3944
2514
2153
456
3344
2878
1152
459
436
2827
3012
1635
2214
2935
531
4415
317
5064
2387
896
1110
3676
2335
4633
4036
3865
1065
4254
3576
2734
4114
2478
2038
976
1149
3997
1040
2849
2671
2500
4668
1851
223
4227
4835
1335
3364
4376
1904
491
2170
5356
4211
2669
4053
4746
1942
3200
1639
2141
3887
4986
1168
2064
1753
1211
5284
4694
5288
3548
4313
582
5195
74
466
2881
2689
1632
763
2764
2033
2195
307
2652
4956
2274
3693
293
3430
692
25
3376
3263
5021
356
4393
1172
5289
5181
1399
4936
2061
843
998
522
2641
1760
3806
0
198
574
4162
4349
2304
2680
4755
2133
2655
2331
5142
1169
1486
4055
3418
2817
4506
4025
1519
1043
3297
4569
1292
2485
1333
4931
3392
4768
2823
1791
4423
4400
2706
3625
40
2244
3321
344
475
3723
1401
1745
3307
1982
2695
4689
1822
391
1405
3818
1391
2157
3959
3502
2237
2438
469
3776
46
1412
4545
4660
1301
324
428
5113
2544
4429
2271
369
777
4612
3375
2913
904
4962
4875
2591
1755
4273
5046
1794
3318
1072
606
2808
1660
329
1830
2684
4979
2707
3948
2012
4827
2430
573
63
4724
4797
4364
4502
3668
1504
1587
174
2115
3432
1114
4389
2259
4195
504
4327
4662
4000
1093
2502
4099
1242
1096
3017
3040
4675
2461
971
2637
4419
2672
5231
3327
1498
3451
3374
3658
3134
3597
2443
5022
2750
5194
234
4367
3912
1460
2801
3882
3161
4869
2753
609
768
396
3482
532
561
104
3846
3173
2742
4126
895
3213
921
2741
178
3366
4885
5151
4833
4003
2523
5137
4441
3266
2754
3513
1409
4207
2770
730
4837
1577
4375
724
1762
3954
5129
2807
3199
883
4098
4469
3154
3980
933
494
468
3537
397
4871
4269
3646
4908
5120
4983
4709
2390
5034
4401
2590
1349
1595
1945
1960
1306
2826
3003
484
3526
4520
1350
4147
4115
3519
71
4514
528
1642
1061
2194
4788
557
11
3685
621
3475
801
4278
1709
1063
2316
3067
4810
2790
729
622
239
1089
3591
1358
3023
4557
4151
424
4030
2711
2069
5114
389
1536
1202
2096
790
6
4579
4842
4301
2028
3686
3884
34
4710
999
2784
3599
4988
2308
4316
1417
3995
1298
3550
2606
4071
2864
1968
4764
2751
1312
4792
2593
2543
2198
2360
1084
1390
2356
3142
1826
2457
1572
130
5394
3734
4191
1991
4331
1282
2927
576
3324
1824
2492
4203
3829
3558
4925
588
551
1456
470
1659
631
2145
1385
3479
444
2837
3679
4967
3703
4325
2046
1737
3770
4676
1359
2613
5403
3027
608
585
4839
1606
249
1064
4783
3984
1680
3191
778
4097
4300
1937
336
3333
3575
2285
2962
4445
2487
5355
5032
3393
4140
2030
5122
2007
4461
4255
5301
2619
262
4106
4079
3684
3515
4049
4657
1407
2120
1803
1874
1774
874
2220
2288
2717
4219
4150
4867
1085
3167
1710
3304
1377
1730
1835
3250
4991
503
4851
1232
5201
3949
377
53
775
1135
5271
577
1009
1442
4864
1322
1198
3016
4027
2930
5285
2503
4559
3814
4394
2631
2856
181
3680
2870
3922
2109
1076
5153
1608
196
4353
4229
781
1936
2625
3606
1692
2178
5230
3240
2882
2468
2788
1303
392
3518
964
688
4288
2406
3277
2508
4087
2828
5198
4878
3649
1687
2397
5176
4715
2997
1340
3457
2384
3114
4920
5008
5370
5351
4905
1059
175
3741
2400
2257
2320
5272
853
564
4923
3797
2914
3746
4780
4061
5297
4898
44
1535
3431
1396
838
2985
3505
707
5109
1832
2498
2367
785
3555
807
4132
2346
4533
4770
3445
5379
833
1878
59
1027
3112
1041
989
3990
5055
1771
4319
3501
4674
3227
4891
3496
5369
1246
2886
4172
2961
2129
1533
1099
2917
1095
3931
1885
4031
5363
1137
4560
4186
2676
4932
4591
288
750
1299
2757
2210
4421
3956
2246
679
4458
1926
98
1637
3675
3768
3875
4760
1523
2976
432
538
2256
4765
5266
2039
4701
185
4495
3844
1975
1471
4169
5185
2861
2073
4446
1106
789
4969
505
3247
4129
3045
5037
740
220
4789
3955
2609
2794
1690
1770
3953
386
2291
212
4653
4256
349
1090
268
309
5177
2582
4636
4513
4121
2447
4897
348
2674
2357
5071
1586
1888
2001
37
5154
880
164
3140
299
4847
4212
2394
260
4955
4431
4240
2031
728
2358
2973
4999
26
718
4160
2647
4693
4453
1646
383
5396
932
4245
2911
2221
893
3192
460
4866
1954
3998
1931
4448
341
651
1225
2089
2065
4690
3807
885
147
2404
815
1156
