4745
1019
91
4990
683
3444
308
1863
2931
3655
1209
2023
4170
5141
5300
395
1566
654
2852
138
605
2152
2103
4089
975
296
1697
1603
3345
313
1694
4141
3056
3805
1777
849
4006
1052
3601
9
3873
4080
3270
1598
2831
4550
4800
1724
3747
726
2733
902
3832
3678
4104
2047
2535
2735
4881
3390
406
1171
390
3407
2086
419
4119
2565
5079
610
5361
3034
2159
4344
2661
4365
2573
133
5313
2121
2505
4067
4658
4972
4335
3010
4387
3901
3471
3046
5018
5042
3347
1558
2539
3480
4402
4339
868
2437
547
3116
4305
1624
3356
2845
5327
1014
2241
4131
3465
925
2401
3284
88
335
2093
1121
3058
2137
1443
3319
4606
5039
958
1944
3405
1245
2097
3535
1311
3296
748
4296
1263
929
5107
4588
134
1346
2496
1287
3223
4182
3595
4901
224
3188
4973
4248
2628
1073
3540
400
2002
279
2588
852
292
2338
1289
4168
642
5311
2574
3129
1310
4593
3117
5216
1921
3878
2330
5321
3900
2362
2939
2416
3301
2567
2960
3592
1715
4359
4498
204
4385
3893
4280
3458
649
2255
1468
1319
3782
1508
5294
2078
1386
4884
2865
809
1913
398
4629
4383
1915
2716
3749
1955
715
1726
2771
3429
3510
3866
641
3349
1410
2009
4650
3108
4336
2792
1235
671
3701
5024
4628
3940
4379
735
2216
1189
4081
226
3388
1177
5136
1305
3570
5119
2196
2506
4832
1839
1221
4232
5292
4742
131
2019
3005
4355
4785
2626
2844
1105
2247
4076
3737
3827
5202
3461
1941
5096
612
1872
3636
4257
1250
2760
5368
2643
3081
1418
5157
2719
4512
5238
5044
1649
3469
4938
3673
859
190
195
5302
1342
1433
286
4018
2902
5325
4552
3600
3926
2413
5279
1434
412
4818
1479
1847
4410
4849
2703
2824
5335
4425
2769
3253
50
4295
5165
2055
5132
5025
2452
899
2477
1294
1932
320
5329
1348
5163
1621
2996
5063
3293
517
2233
1964
3567
2251
4892
148
4754
1862
4604
689
1455
509
1648
4152
4487
5257
1383
2160
5262
439
3124
1867
811
4424
2608
2444
4444
788
107
1034
3423
2213
4303
3751
4602
4455
4643
4911
1324
2557
2491
303
1754
4777
2981
137
4950
4489
4572
119
3759
4556
4200
4060
1058
5306
3422
1817
2166
4137
2277
2323
5220
227
2252
4328
2158
5237
2820
4034
772
128
161
2224
3138
1918
3957
821
1102
1226
2370
274
1119
1807
3639
1741
1911
5339
4063
331
4562
2020
38
1131
5164
3973
1785
4528
2846
3964
3568
4934
4648
4145
2446
3222
1734
5191
3951
2873
755
1670
4260
1314
4678
1042
33
950
3921
3066
2108
945
451
1039
4285
539
68
3532
4731
4252
16
655
4175
3580
1489
3899
4595
3743
4679
3608
4915
4830
507
2225
2697
1341
4078
2242
146
3905
3622
844
2389
3821
940
4729
4398
2419
1181
4626
1903
1980
908
4185
4735
705
3546
1259
865
1550
200
3397
1190
583
4299
1593
1480
2791
987
1990
3656
3487
2855
1561
3514
2910
2328
992
3357
3041
3670
5344
825
3450
4913
4594
984
2294
2455
2428
206
3025
4476
118
1384
5254
3098
1254
1790
2324
1628
1869
4549
2895
4691
5135
5196
2016
3958
1768
2756
2982
1000
5118
1714
1125
966
3494
5222
4554
1652
4829
4516
4356
21
994
2081
659
5400
4663
690
900
4823
4904
749
2066
2270
5282
353
3603
5150
1118
769
4805
3069
4048
2645
4311
948
301
1532
4853
4685
1594
4627
4134
2600
3544
5081
2369
3275
4088
4655
2863
1375
4784
1144
2730
3409
3917
2726
980
4505
4443
3491
1296
4171
4040
2812
5317
2690
4581
1494
4906
3008
188
4244
611
463
1183
1278
4597
2169
791
434
423
2515
4010
1222
3018
4899
2014
4274
5053
3086
4987
28
2000
4452
1109
3938
5358
1591
5074
5000
963
2281
1949
2618
2665
4517
995
3859
124
1148
5267
783
1414
653
4561
530
2832
3616
4757
1483
4733
1545
1208
3571
1860
1786
2215
3246
2529
2119
1600
5048
19
3126
519
746
4258
1327
3508
3231
4529
2877
1155
2887
4907
4507
3809
3022
1919
1698
4586
3303
3306
3789
3750
5249
2094
1902
1376
4616
1560
2238
1378
5182
2675
4759
5319
3577
2673
5101
2972
4020
666
5155
1075
5221
1739
5100
1592
3047
2489
3629
2283
1844
1685
4511
3061
4198
779
4138
4959
5193
3328
915
4135
3109
4007
2835
4859
4082
4741
1354
171
440
318
4454
4645
738
737
454
3015
1841
2890
3552
2520
3982
696
767
5217
256
4127
1005
2630
4854
3095
3547
3564
2481
1431
22
3094
3187
4575
4044
4047
3030
3618
76
1117
2821
1748
465
2223
2816
4412
3970
4886
4585
3342
4825
4681
449
166
2761
3464
4267
1743
751
3635
876
4465
560
1103
2533
4781
2642
3520
411
448
3500
219
782
4363
1657
558
3732
3159
2696
3381
3379
2603
1857
3020
4671
4914
4524
78
3983
3416
817
2940
3946
354
1882
5234
5268
4968
322
2532
3777
803
3210
3391
3146
2418
4949
2907
4142
409
2698
1623
3411
5215
1827
1583
951
1622
3553
4614
4692
2163
3260
48
2749
5250
492
4497
3162
1645
3742
2825
1379
4330
4411
4566
3217
898
1428
3582
3441
1808
4201
1078
516
2891
2854
1230
4275
420
4985
2318
1165
3709
731
4371
3415
4066
4582
1610
665
4717
2067
5186
5236
5397
4016
2918
1597
2017
1959
5359
4386
1611
1143
438
981
3828
2471
1261
5091
3674
1675
578
2227
4613
3367
2528
2511
5076
422
2072
3363
3689
4700
1554
5402
1693
3941
1780
285
4995
1866
1766
2180
2048
1022
5070
3711
527
2
1205
3543
638
703
1641
2926
2085
967
1422
197
4430
5342
2841
35
4277
4220
4845
388
2530
5147
3762
3183
1805
3700
2364
3267
2240
2803
4184
5031
5213
2058
1655
2955
3420
1004
4981
1751
4725
4231
4484
4713
1801
713
4748
3313
5307
2218
2382
2313
3481
1727
5045
3943
1081
1901
1464
471
1923
1740
2325
1224
2112
1153
4395
3486
4340
1154
15
4618
1976
4290
1963
3850
1269
1046
1540
3716
2868
1234
1614
3175
1811
2289
1820
2601
523
627
4621
3851
3320
3907
5089
911
5102
3234
2392
255
2885
3755
3939
4046
3738
2381
5404
232
3037
266
2521
2768
1400
4116
1371
2743
866
3966
3898
3659
2117
3171
100
652
4163
944
2075
1112
1746
1596
3062
520
57
3144
670
1643
4276
3598
2341
686
5054
1666
855
4772
3671
3053
773
3348
2202
431
2449
1023
1711
977
2201
1898
4306
1475
4239
4994
1978
3631
1182
3536
1570
4337
4695
2380
2034
1159
186
5205
4218
3163
1538
4868
701
4417
3477
2699
1317
4775
3024
4523
4435
4262
3965
2467
827
848
1450
4475
4282
1823
1729
3986
4266
3581
365
1086
5364
229
5014
3994
2474
403
2441
1229
2549
1683
51
2953
4583
3214
3530
2460
2116
3974
836
4310
4123
116
4782
4883
1281
1194
3771
4541
4776
1843
5251
3476
607
2051
4281
1297
2952
2621
1447
762
1374
4406
1934
2830
2848
4026
776
3944
2514
2153
456
3344
2878
1152
459
436
2827
3012
1635
2214
2935
531
4415
317
5064
2387
896
1110
3676
2335
4633
4036
3865
1065
4254
3576
2734
4114
2478
2038
976
1149
3997
1040
2849
2671
2500
4668
1851
223
4227
4835
1335
3364
4376
1904
491
2170
5356
4211
2669
4053
4746
1942
3200
1639
2141
3887
4986
1168
2064
1753
1211
5284
4694
5288
3548
4313
582
5195
74
466
2881
2689
1632
763
2764
2033
2195
307
2652
4956
2274
3693
293
3430
692
25
3376
3263
5021
356
4393
1172
5289
5181
1399
4936
2061
843
998
522
2641
1760
3806
0
198
574
4162
4349
2304
2680
4755
2133
2655
2331
5142
1169
1486
4055
3418
2817
4506
4025
1519
1043
3297
4569
1292
2485
1333
4931
3392
4768
2823
1791
4423
4400
2706
3625
40
2244
3321
344
475
3723
1401
1745
3307
1982
2695
4689
1822
391
1405
3818
1391
2157
3959
3502
2237
2438
469
3776
46
1412
4545
4660
1301
324
428
5113
2544
4429
2271
369
777
4612
3375
2913
904
4962
4875
2591
1755
4273
5046
1794
3318
1072
606
2808
1660
329
1830
2684
4979
2707
3948
2012
4827
2430
573
63
4724
4797
4364
4502
3668
1504
1587
174
2115
3432
1114
4389
2259
4195
504
4327
4662
4000
1093
2502
4099
1242
1096
3017
3040
4675
2461
971
2637
4419
2672
5231
3327
1498
3451
3374
3658
3134
3597
2443
5022
2750
5194
234
4367
3912
1460
2801
3882
3161
4869
2753
609
768
396
3482
532
561
104
3846
3173
2742
4126
895
3213
921
2741
178
3366
4885
5151
4833
4003
2523
5137
4441
3266
2754
3513
1409
4207
2770
730
4837
1577
4375
724
1762
3954
5129
2807
3199
883
4098
4469
3154
3980
933
494
468
3537
397
4871
4269
3646
4908
5120
4983
4709
2390
5034
4401
2590
1349
1595
1945
1960
1306
2826
3003
484
3526
4520
1350
4147
4115
3519
71
4514
528
1642
1061
2194
4788
557
11
3685
621
3475
801
4278
1709
1063
2316
3067
4810
2790
729
622
239
1089
3591
1358
3023
4557
4151
424
4030
2711
2069
5114
389
1536
1202
2096
790
6
4579
4842
4301
2028
3686
3884
34
4710
999
2784
3599
4988
2308
4316
1417
3995
1298
3550
2606
4071
2864
1968
4764
2751
1312
4792
2593
2543
2198
2360
1084
1390
2356
3142
1826
2457
1572
130
5394
3734
4191
1991
4331
1282
2927
576
3324
1824
2492
4203
3829
3558
4925
588
551
1456
470
1659
631
2145
1385
3479
444
2837
3679
4967
3703
4325
2046
1737
3770
4676
1359
2613
5403
3027
608
585
4839
1606
249
1064
4783
3984
1680
3191
778
4097
4300
1937
336
3333
3575
2285
2962
4445
2487
5355
5032
3393
4140
2030
5122
2007
4461
4255
5301
2619
262
4106
4079
3684
3515
4049
4657
1407
2120
1803
1874
1774
874
2220
2288
2717
4219
4150
4867
1085
3167
1710
3304
1377
1730
1835
3250
4991
503
4851
1232
5201
3949
377
53
775
1135
5271
577
1009
1442
4864
1322
1198
3016
4027
2930
5285
2503
4559
3814
4394
2631
2856
181
3680
2870
3922
2109
1076
5153
1608
196
4353
4229
781
1936
2625
3606
1692
2178
5230
3240
2882
2468
2788
1303
392
3518
964
688
4288
2406
3277
2508
4087
2828
5198
4878
3649
1687
2397
5176
4715
2997
1340
3457
2384
3114
4920
5008
5370
5351
4905
1059
175
3741
2400
2257
2320
5272
853
564
4923
3797
2914
3746
4780
4061
5297
4898
44
1535
3431
1396
838
2985
3505
707
5109
1832
2498
2367
785
3555
807
4132
2346
4533
4770
3445
5379
833
1878
59
1027
3112
1041
989
3990
5055
1771
4319
3501
4674
3227
4891
3496
5369
1246
2886
4172
2961
2129
1533
1099
2917
1095
3931
1885
4031
5363
1137
4560
4186
2676
4932
4591
288
750
1299
2757
2210
4421
3956
2246
679
4458
1926
98
1637
3675
3768
3875
4760
1523
2976
432
538
2256
4765
5266
2039
4701
185
4495
3844
1975
1471
4169
5185
2861
2073
4446
1106
789
4969
505
3247
4129
3045
5037
740
220
4789
3955
2609
2794
1690
1770
3953
386
2291
212
4653
4256
349
1090
268
309
5177
2582
4636
4513
4121
2447
4897
348
2674
2357
5071
1586
1888
2001
37
5154
880
164
3140
299
4847
4212
2394
260
4955
4431
4240
2031
728
2358
2973
4999
26
718
4160
2647
4693
4453
1646
383
5396
932
4245
2911
2221
893
3192
460
4866
1954
3998
1931
4448
341
651
1225
2089
2065
4690
3807
885
147
2404
815
1156
