114
702
693
952
810
758
362
1022
53
732
1000
910
923
72
315
554
714
511
738
724
729
101
301
159
972
469
293
559
167
274
596
34
431
185
272
982
458
254
536
52
513
650
627
683
466
988
983
241
479
251
408
45
562
1015
5
852
116
226
304
126
380
785
609
179
43
10
158
728
481
147
97
739
828
156
46
463
734
928
605
612
555
217
354
474
112
337
733
783
417
60
145
904
591
786
360
763
418
410
807
611
138
437
503
855
19
809
393
61
859
352
496
722
929
38
153
412
865
284
197
1023
757
771
590
316
1006
953
985
397
402
831
165
202
742
655
31
535
602
12
204
635
843
95
675
886
880
743
62
545
405
257
514
589
215
955
792
266
507
108
632
614
613
581
414
447
311
869
321
424
712
92
223
491
44
142
308
817
681
740
2
644
806
946
645
616
633
599
451
477
429
471
250
23
231
1001
765
134
191
497
379
432
243
851
686
679
130
57
527
688
299
73
268
438
355
221
822
960
897
450
815
548
914
64
475
662
340
938
948
443
385
798
583
174
18
423
4
620
146
875
623
837
434
795
170
793
879
394
592
14
281
821
180
367
918
547
11
965
934
543
28
84
383
482
699
864
661
564
310
218
840
249
731
670
984
37
637
993
200
951
730
834
456
173
973
533
128
593
351
989
998
824
848
980
276
206
415
347
767
849
823
949
579
940
41
756
193
833
70
791
400
796
263
25
969
120
561
501
557
233
1026
314
252
544
448
324
230
907
398
244
199
522
91
594
449
647
624
588
512
79
935
909
295
906
516
270
701
288
919
706
261
182
118
836
207
666
861
237
917
1019
369
54
872
974
290
811
154
962
532
991
188
937
520
649
704
883
820
528
896
847
1017
39
87
460
777
286
874
27
341
109
673
716
736
508
280
1005
1021
366
856
668
842
586
375
664
40
196
319
737
388
287
428
345
36
141
401
964
598
867
692
387
841
967
442
762
1028
212
876
303
363
908
1009
113
957
239
801
131
542
981
911
640
926
560
294
358
157
574
575
140
198
641
391
13
78
181
177
260
106
603
214
392
689
979
667
186
411
348
137
22
445
696
628
782
77
932
747
563
751
621
335
444
618
364
343
107
558
994
421
238
175
298
478
868
860
350
584
1018
273
891
189
427
858
47
219
755
924
121
943
149
954
6
773
839
455
285
677
549
15
894
888
372
378
124
553
669
735
913
26
123
183
565
854
342
488
271
697
933
1020
571
651
1010
930
255
242
264
117
296
585
20
472
225
636
487
556
797
190
789
604
150
136
576
726
419
552
279
370
192
374
495
171
66
1012
275
674
416
656
371
643
476
653
258
1024
75
608
210
102
710
468
835
329
110
900
67
895
723
7
945
987
657
753
17
162
975
278
687
534
551
213
135
903
51
577
259
775
396
407
94
959
317
829
749
759
320
166
253
518
420
446
292
205
956
32
336
389
986
505
566
764
648
440
709
725
384
813
892
707
521
999
176
788
459
457
939
818
617
652
331
898
386
862
59
494
966
745
222
615
748
630
96
29
779
297
76
568
826
111
968
877
151
808
381
1004
473
794
567
690
769
413
846
8
510
944
718
356
502
694
103
802
98
229
578
871
48
262
33
672
246
916
660
744
587
377
517
805
148
483
406
882
711
201
462
485
216
30
992
69
409
905
719
224
850
776
1007
680
832
307
168
357
83
610
435
971
68
942
21
306
827
322
399
24
901
691
626
523
671
703
708
464
870
211
531
950
1008
203
267
9
289
658
105
143
569
700
1027
430
269
232
887
893
235
915
727
484
344
480
373
93
99
338
277
595
333
844
160
82
800
228
530
766
265
922
884
227
754
705
291
74
433
970
361
453
629
349
995
470
963
713
539
1002
519
100
3
490
997
768
857
187
115
368
499
774
715
236
119
247
920
890
302
339
573
654
65
902
139
803
925
500
721
881
506
538
426
155
878
1003
133
572
812
912
467
245
129
638
42
665
195
678
441
49
541
334
947
1
853
550
16
606
816
845
529
184
676
132
698
684
1014
570
770
746
582
838
639
326
634
515
71
977
89
1011
622
152
814
104
642
325
885
663
465
163
537
825
936
625
976
760
741
498
240
127
600
781
144
958
778
631
863
220
685
35
752
353
312
695
761
804
256
390
597
300
492
178
346
328
282
1013
646
941
403
122
772
921
454
607
63
436
161
899
461
376
1016
489
927
50
486
58
81
659
332
169
164
125
493
365
866
395
318
309
526
601
750
305
717
830
313
194
55
931
873
787
80
799
86
504
784
1025
90
439
540
546
382
85
56
327
