5235
4677
330
2319
2299
3366
4022
2366
2756
1904
1681
3171
5144
1780
4545
42
1836
5015
3449
5384
4312
714
2124
5312
5227
2609
2973
2306
1744
4655
4158
285
3247
1088
3743
3728
3551
4841
4173
647
2753
3494
1851
2047
4253
4599
5199
3777
1777
1921
1315
1906
1471
3699
4533
3031
438
3462
1030
4324
1672
2210
4124
639
3027
3459
4437
1299
2082
2844
3612
4515
1973
4465
1752
3078
1576
1200
4763
5024
2041
3467
1741
3184
4595
3789
1647
3087
1202
5351
779
537
3216
143
1755
1218
4786
5018
4779
1397
3765
4110
4821
3217
2430
385
1622
2560
3059
4776
4663
1887
853
2966
197
2672
4274
3477
684
2468
182
3192
4893
3230
1184
648
5177
592
1720
2986
4860
1708
5250
1567
2637
2276
2589
1040
3322
2059
4885
3454
4097
940
1487
3732
1774
1421
4588
1396
3518
3768
145
1479
259
2321
4358
3649
2789
5099
2461
3610
146
4654
2780
1624
1042
35
1699
4481
5289
2773
2064
1369
1528
4389
2551
2023
1501
2602
836
483
3464
2623
2057
1456
660
2170
1959
1333
4552
351
1406
1043
1923
1491
4771
2640
2350
3391
5305
1812
1749
1831
2275
534
4440
4596
4915
4620
4353
319
81
2772
429
4418
3758
1894
3343
4513
195
2538
463
5090
3521
932
3159
3009
1882
5054
3775
2541
4969
1319
3678
2979
346
1012
1474
1151
4172
4148
408
993
425
3289
1384
4167
4230
2892
3431
1843
443
895
4457
852
2767
3292
4087
1022
5279
1028
1947
623
2044
4901
1321
2141
4270
1666
4038
2322
356
1296
808
3799
4134
530
1267
3845
4400
31
3486
2618
4375
980
1401
2605
3853
1592
4446
2744
936
405
1912
2442
2885
1931
4264
4190
4927
2291
4577
4836
4755
4285
682
4460
5348
4128
4424
4388
433
546
1969
5128
4228
3629
3756
3485
4226
3291
3390
2013
2337
2924
4554
4078
3376
4175
994
815
3782
4174
3593
5140
3220
1086
1205
19
725
805
541
3542
1971
2255
4199
1126
1682
2356
1190
1643
1663
3769
4907
1728
1642
3450
1312
4929
3987
2343
1662
3496
4697
3316
4014
777
4095
968
4350
4818
1203
1688
2635
3295
695
4638
778
3684
5007
1549
4794
3093
4912
4826
4289
3008
3453
3898
1824
2148
986
87
3567
960
5304
4963
2521
5126
4200
3463
989
3201
4676
2863
2758
4613
1214
4922
4790
4684
406
3112
3000
4609
1164
2383
4494
3489
1112
4297
559
3875
3245
1048
1809
4671
3253
4999
1462
324
4048
4701
5062
2750
3951
1669
345
229
4263
2444
4189
4590
650
774
4099
4530
813
4972
3713
3689
1908
2647
520
1521
2759
2860
4280
5066
5245
1796
4839
2203
4434
63
1394
4567
2214
3106
2668
4046
2874
1175
1412
2456
1745
2244
2223
1955
4452
1820
5016
2658
4853
1005
2472
528
4091
67
4760
3821
1468
5325
2690
738
194
5396
1798
12
5011
4979
2092
1846
2427
637
2983
5175
698
627
964
4473
3051
4215
2974
4210
4008
2094
653
2748
4203
4284
2929
2915
665
4366
4859
2799
2253
562
4327
2229
3340
1018
4306
1019
5055
3255
1365
765
156
1854
1870
1659
3677
1220
4360
4967
5210
4061
905
3395
3590
4695
2894
372
4762
626
913
2081
1032
2886
2761
2847
5095
988
3519
370
64
4398
3580
3524
100
2845
3633
5158
4106
4072
496
3362
2294
1653
1518
4144
4104
4625
2272
313
5282
851
489
2176
2149
2280
1398
2409
1023
4303
2293
2701
5288
976
2816
1698
3903
796
3025
581
3424
3187
5181
3982
4674
221
4236
1156
3030
1276
1072
2342
1035
402
1085
2368
298
1811
2404
3865
4548
3281
3443
4824
1395
4421
3141
972
168
718
1271
1293
4251
103
872
2629
1223
5184
494
1928
3134
4017
543
4238
553
4733
3902
2259
5152
4765
2522
264
3644
1992
1895
144
4214
4354
2595
1702
4333
4071
5052
3307
4534
3922
3259
3441
2447
4053
244
957
551
5193
5023
3572
3041
479
4938
4809
4873
401
5159
1367
733
4404
4594
1443
2328
5192
273
2660
1975
2364
492
3121
4867
3139
1937
2797
5362
4943
2248
4713
2004
1590
641
949
4368
262
617
5169
5359
1910
2389
2488
2309
995
763
4249
2956
1981
1306
368
2815
4847
4335
4584
2361
3798
1183
3268
1372
3270
378
928
5008
4
1845
3360
3048
2
4978
127
1541
3618
1309
252
3206
4092
912
4857
4856
899
1950
230
5238
2663
135
1075
1093
2679
2578
5394
1561
5343
3074
3856
5077
3130
4123
1570
4774
557
4223
3012
4403
4865
4582
4742
2855
4616
3197
5097
464
2887
1453
486
5232
1001
4344
3868
568
3054
2949
181
889
4630
3185
1519
4076
417
4881
2837
4868
4408
4611
937
1968
4898
990
3573
5115
560
3937
189
904
4013
2007
4479
3978
4321
3910
2045
455
1844
2169
3300
1620
2549
2659
150
5061
3792
5106
4569
4357
1763
1282
1819
2201
1136
4659
3539
3244
3955
2256
4055
3408
256
4002
3933
488
268
3037
4528
1058
4960
358
4525
1865
512
769
3169
3997
2906
2290
1754
2135
1924
4539
4415
3500
3414
287
2721
2737
59
1691
5280
3310
2739
5188
1438
793
5102
4332
3331
2910
3085
4685
3999
5191
453
2572
1388
2993
1958
801
2916
599
1805
4785
3843
730
4843
4811
3936
3448
1116
3619
79
2902
1222
2128
508
62
1650
3191
4293
2577
4939
3062
391
2603
1548
1652
856
373
2301
1984
44
300
1067
3579
1381
4416
3695
1463
1336
5213
3541
1045
3513
3389
4485
4643
4025
5091
942
4428
2661
3983
3706
2998
1305
1965
4837
1165
1224
2912
2838
531
114
1593
3151
3760
2178
2003
1671
676
307
1552
2411
3863
4044
3214
3175
4448
167
4064
1153
502
4914
3957
3341
1160
83
3648
887
3784
