1254
521
4043
3761
3615
2308
2278
674
2466
4791
4429
4423
4940
4386
4169
4905
3523
664
3104
4748
451
1132
699
2359
3878
2540
3337
4670
1499
4949
1886
2183
4747
2692
2632
1498
1248
2890
3326
2080
4281
2303
333
1362
2316
785
4495
1769
5316
147
2151
4738
1215
2826
5294
1020
2028
746
4392
1113
1586
544
365
4714
335
5219
4006
3662
416
1330
3721
1772
3664
651
1385
2281
2313
2568
134
873
2982
2681
122
4621
908
921
4538
646
3094
1083
484
4645
3836
3416
2233
3140
1464
5064
816
5301
2274
3282
3718
3569
3895
3616
4531
3508
4848
2216
3717
1426
621
2230
4393
3787
3137
4789
829
2372
672
2465
5050
3554
4851
1977
4543
2825
4021
257
604
2251
1676
3234
4946
2918
3045
860
328
3512
3305
1207
51
1370
4680
1585
5165
833
2129
3954
4376
77
1346
1070
3228
1191
142
1789
4964
415
5041
1360
958
681
4823
2388
4766
2524
1110
4576
1015
2407
200
4516
5287
4323
4664
3815
2353
2261
3939
2586
3766
2113
2375
4894
3928
5231
3102
4029
2827
1834
2588
4019
1077
3460
539
939
685
3850
1529
3825
663
4751
4435
3111
5125
3748
3831
1605
3791
3729
4260
1788
1311
3911
1065
609
80
2192
2516
5149
709
4855
1232
2718
1423
1383
975
1057
1006
5013
3319
3213
2879
2116
5078
458
1554
2996
3697
5379
3465
826
3064
2506
3339
933
50
657
4950
5327
618
896
2394
4650
2467
607
4504
355
633
4444
4157
1239
3604
1255
4242
2379
65
2011
413
3069
582
2060
1436
4507
3565
340
1915
3515
436
4218
4682
95
374
2326
2345
2437
3504
4047
1540
1457
5200
1799
2137
3536
1832
3578
4319
4394
3101
4639
2889
2445
2943
4168
2471
806
4899
640
3170
2598
1157
3156
5043
2731
1441
2677
2181
3092
1378
1259
3035
1455
227
1162
3962
1212
5195
310
1522
131
1331
1766
3311
744
1010
4532
2490
428
353
2523
4852
2431
642
1320
393
3543
2107
1748
3006
1182
1289
5331
4562
3525
3458
329
2497
1434
138
2805
3708
5264
820
4921
992
149
7
603
2076
3235
729
5403
3685
4082
4009
4026
282
1821
3095
1719
2097
1061
5032
4315
4673
5276
2025
1342
2730
1606
2284
2621
5363
2853
2119
4816
238
2470
3144
1868
4497
3665
2846
4369
2197
260
569
4872
4992
1340
1189
5025
129
701
4155
4767
2494
878
4987
434
996
176
110
5176
2126
1542
2552
4989
3642
1580
4001
3764
2926
794
2225
1701
1140
4725
1332
161
295
1454
2859
2842
4737
2709
2678
4301
973
5274
4195
4476
193
4746
4768
4819
5074
3714
3826
3538
1727
1547
1134
4861
1531
977
5131
1674
357
4822
737
3949
1504
3818
4976
3358
318
1853
2033
2390
237
4523
3560
2208
3447
2801
2384
503
692
1304
2717
3505
790
1932
748
1493
56
3693
4710
91
527
4139
1970
4040
2496
4941
3332
1103
1294
3520
2089
5344
4276
4544
3435
1717
1059
3881
2493
1517
2751
4027
1195
2413
1897
2072
1966
1990
5211
1261
1989
504
3016
602
5326
4489
2671
5375
608
1066
2016
2250
2130
2822
2585
2243
1049
2581
4154
3427
1094
897
1934
1638
3432
4445
2207
1746
3406
3240
4980
2543
297
1399
5254
1221
1329
4326
3626
2988
1459
705
2755
2051
4079
302
3533
3640
5234
377
3930
2947
4117
288
726
3535
1629
74
4187
865
2040
2039
5368
214
1167
3624
3442
2950
2220
3669
2958
2898
3666
37
2073
2370
892
3968
3786
3785
2125
424
1131
513
2323
4792
2829
4387
1905
4948
5083
4891
4108
2500
1417
246
4551
105
5161
3267
1181
2814
3901
2963
3033
3832
4032
3583
2085
3577
3527
4717
2867
4402
4300
5340
3264
3202
3959
4292
4049
5366
1899
3842
1263
1512
638
5174
4795
274
2559
1206
3929
4661
2557
898
1047
2798
849
207
2448
594
94
1922
4769
1029
715
2850
4731
1888
5196
3306
3142
5380
3007
1409
3157
2554
185
1354
5081
3647
787
5104
3483
1998
1577
1361
2263
4800
2601
2450
390
5246
1201
2061
868
2200
5137
5314
967
1833
367
2475
1513
2362
5374
2699
4163
5330
3897
952
3884
2307
3925
3205
636
1258
1858
3293
2171
2674
1
4348
585
1137
926
1343
1690
5318
2296
3200
4936
2662
4529
5026
3759
1002
4250
3364
2498
697
4517
4179
1262
3862
2421
2999
2206
4597
4993
2809
671
5381
1090
963
788
4083
5186
2449
4568
497
2079
2392
1721
4149
4787
3283
1142
2012
1715
658
3385
5333
4245
5156
1247
113
920
2227
3329
781
4031
2188
3966
3682
2127
4417
5405
854
1446
2574
1565
1050
2728
5401
5146
5311
580
1879
689
4634
1881
3854
620
2062
2231
96
2070
1408
217
4137
981
1465
4107
109
3632
2254
8
3212
3297
985
1553
1275
3876
710
4689
1705
4752
236
1133
1327
2198
2162
1974
5306
2648
3873
4626
5072
2944
1557
344
4397
3745
2417
3920
3040
1316
2839
192
2977
3967
2199
1078
447
4145
4833
762
3877
240
3173
5073
375
6
1055
3174
614
2165
441
3383
3176
1802
2964
1626
4799
2830
2990
2512
1760
702
4550
3653
570
1502
3160
4186
707
3304
4565
3660
2875
2038
3802
3628
3776
5303
444
2405
2970
1249
4401
4412
3938
773
2590
1738
4085
3303
510
1404
1716
863
5107
2917
3457
1842
5179
5360
477
249
3668
1427
3315
5084
3260
3204
2684
1186
2492
3730
206
5275
2919
3702
5141
4342
1486
3585
162
3351
2357
1636
1402
923
4458
186
3010
1596
2401
3630
1583
4075
4356
3739
163
3749
1575
58
4147
5260
2462
4660
1704
2258
2215
34
1578
2981
4471
1450
961
5170
1677
409
389
880
1377
2160
4136
2653
2433
2752
4593
1863
1735
3183
66
