5387
1637
507
1375
3829
78
628
3941
1893
2563
795
894
3317
1100
1227
4662
1353
115
2735
4994
662
3328
1274
490
48
1091
1949
3613
3359
1579
2115
1371
3654
1697
4727
1451
2464
472
137
4952
170
3813
3913
727
88
431
550
1204
1976
2835
1668
2794
2358
5187
2518
4719
4728
2157
30
3334
2156
1144
532
2351
293
4700
2489
4482
5400
61
2090
4702
971
4835
4575
2687
3405
160
2068
3705
1228
4797
2396
3287
1238
4365
267
2131
2182
336
999
1545
3053
2239
5263
850
3226
1914
3650
4359
2020
4995
3861
775
871
3132
1073
1718
454
4227
1862
1756
1098
2232
3600
2314
5162
5092
5198
1768
4150
2866
5129
4916
3870
4888
3893
4574
5281
1511
5027
1901
2185
969
4492
4146
575
3497
4491
5388
2781
4262
2864
294
89
3052
3198
2486
747
2348
3688
3833
1416
4871
1787
4162
3996
196
4151
3227
4581
1779
1025
706
1272
1173
1543
3075
2138
3740
467
586
4564
4317
223
4322
2030
1563
2782
1444
380
3487
713
2110
533
812
579
4793
2172
1972
3915
272
2042
802
4692
2703
3935
4453
1556
3703
155
276
4635
3273
2792
750
2556
2722
5045
4585
2561
1420
301
43
4690
2901
3631
99
1356
4182
2002
1630
5307
498
4291
3719
2352
756
4879
799
2851
2338
4730
668
360
448
884
3595
5242
821
212
4057
918
3731
2158
2502
1773
3991
2613
2909
3433
3357
4591
906
1469
740
1054
1841
4739
1903
1242
1884
3645
4229
4343
2614
1616
4478
2329
3948
509
4349
1323
4918
2439
3737
5080
4778
619
2908
4016
4913
2006
661
522
827
3817
2100
3803
4125
4381
3013
2651
4984
735
1942
226
2923
4469
4798
792
634
2569
363
2625
125
3098
3663
1979
2420
1742
211
1308
2477
2483
3242
4463
2980
1530
398
3472
70
320
3145
404
811
3096
261
5323
2454
3864
5093
2108
4098
3762
2180
4649
1366
4217
1588
1941
4166
4035
2189
1664
2211
5030
2099
1325
188
3888
1237
3313
4840
5109
5267
5299
4511
3906
3883
1127
4726
917
5147
106
3907
739
4023
4734
4220
3800
4604
3365
1986
3973
516
1810
4761
3839
4890
3162
1695
3346
3952
983
1149
140
4546
2217
4997
21
4034
2186
835
4077
4028
3671
1193
823
1079
2503
4382
4470
1300
1253
3120
2067
4395
270
3470
3350
476
4883
3704
2831
2273
4571
2164
2174
1983
997
53
3090
2969
3393
1613
914
3643
5042
1124
1244
5189
1739
3239
388
945
526
4439
5293
4578
4362
4887
4278
1602
422
879
5268
3940
3530
4536
4636
1096
1801
4188
770
3165
4561
26
2134
1004
2570
3783
1461
4316
4827
1587
4313
68
2209
1380
1726
482
4194
2088
1338
5019
2325
3011
2695
1130
1280
1158
3574
3190
1524
690
1880
3439
2144
741
1449
4521
1097
1044
1415
3726
572
677
1318
5114
4383
1233
339
2620
2053
4656
5038
953
1347
2145
3195
5226
1913
173
25
4541
2021
2650
93
305
5357
1178
1482
4796
459
3885
5240
2532
3221
1277
5378
5047
4164
5017
950
2143
3869
2018
2823
2482
5338
4171
4184
337
3349
3256
1326
2627
2184
292
615
485
1082
4945
2655
4010
3851
2899
383
4580
2441
184
457
2139
4192
1392
5402
1286
1800
824
3581
2871
5377
4081
4829
1213
5000
4783
1816
2279
2142
3233
450
1265
3614
1595
2017
593
3333
3286
1104
3147
5319
1546
3576
2446
3113
542
1550
2535
4399
395
3469
1794
3262
2715
1389
561
5347
2724
3867
2241
3661
4480
1877
84
4601
4678
1310
4658
4512
5290
5239
3796
3858
3988
1403
3808
3032
1706
4505
2583
5356
3484
2022
5103
1615
3241
3562
1770
5075
69
3623
3683
3716
2332
4696
4328
1722
1027
1686
4524
3194
1743
3107
3734
4007
1791
2948
1119
3272
554
3118
4120
1301
5031
2000
2469
4619
3290
4869
1953
5012
177
717
5286
2452
3257
1101
4266
4244
3655
4318
3934
1051
588
306
2473
1145
1166
4870
1520
519
2513
4736
3773
3168
2611
2228
46
2575
1944
3285
2224
1640
2048
2548
5135
478
3592
1169
4159
1146
2652
511
2221
4248
5123
286
2796
3635
4743
4432
4668
4688
4113
1466
2237
866
5049
3570
2790
840
5048
552
3636
3277
4553
222
643
4900
691
869
1876
3586
0
2101
419
1150
4466
49
3114
4563
2269
5094
439
3561
3675
1407
1216
4474
3596
938
2525
1187
5247
119
130
4520
4067
213
1287
412
845
2904
219
2712
4705
5297
1452
1041
4059
927
5389
3824
3377
4991
877
3021
1197
1344
3440
935
1168
3403
2179
1889
3207
2514
1180
107
2517
326
2071
2994
204
1024
4722
2644
2608
2550
1295
1292
3020
4977
5178
426
3763
855
3456
159
352
1878
3446
4971
4239
3985
220
5151
5130
1335
2913
2895
1891
4923
4391
5404
4060
4908
3993
5110
1111
4419
1627
4681
4347
3294
888
3266
605
3971
3269
1256
848
4191
2386
1422
1918
1775
4488
1194
3790
2742
2995
5
1297
1379
3065
679
1290
3900
2440
3637
1740
2118
3711
41
745
5302
5337
3780
556
1678
3167
4198
1115
4379
924
251
3161
1900
2616
723
2015
2893
440
2510
2573
2102
2355
4686
3003
1303
2257
2019
3917
4983
1566
2501
4784
2031
3995
656
2657
3043
3189
2423
3384
2856
1814
2078
3026
1492
4770
4985
2762
4131
4712
4331
1411
1270
33
3625
669
369
2683
2934
1071
117
2334
712
2876
3545
1532
1509
4956
5256
2191
4101
885
525
2566
1447
5222
4592
731
2774
768
4925
304
4407
2819
224
2480
456
2403
955
3779
3258
1148
4294
948
2330
1946
4732
5086
4443
1551
1174
3049
1196
2526
98
3177
1268
2868
1731
4153
387
1428
2008
941
432
1485
3222
2242
1962
974
4759
3844
