729
730
55
111
645
927
382
210
726
601
991
724
574
328
571
333
767
198
64
616
521
418
222
615
138
338
534
332
498
302
1002
740
915
473
621
829
477
590
542
1004
154
687
710
872
152
29
592
323
634
682
819
711
90
315
3
846
839
259
501
118
279
72
84
747
681
828
220
341
424
899
78
632
205
346
563
885
1015
95
74
340
505
446
320
94
882
481
878
572
895
973
690
290
147
76
911
128
322
528
586
693
746
304
679
532
277
482
902
438
852
543
342
249
383
435
201
686
472
619
834
137
126
912
169
392
286
760
994
458
161
125
432
244
564
452
42
182
375
366
751
273
511
127
745
305
1013
577
854
455
798
931
887
1024
654
704
894
188
951
659
826
781
132
88
554
824
139
465
853
191
823
866
886
570
956
556
731
335
102
216
966
459
434
535
918
769
881
403
957
454
401
103
720
847
367
420
784
662
247
258
231
527
903
380
167
329
1025
223
970
555
783
541
518
11
70
743
14
593
795
529
680
437
812
294
408
309
525
115
832
410
268
977
940
627
749
194
487
101
506
303
20
159
288
993
414
777
428
433
771
494
831
276
371
232
368
421
546
314
387
552
553
36
547
440
114
939
874
235
596
578
952
91
369
45
390
402
638
862
509
648
422
67
533
964
517
581
793
754
145
326
495
83
1027
865
603
331
189
57
790
789
813
933
135
39
804
362
864
463
775
261
54
576
52
701
602
980
788
69
140
214
978
457
647
588
651
219
165
7
17
351
858
540
59
173
849
990
265
750
999
73
757
358
984
427
266
398
350
764
609
110
357
50
594
613
158
523
306
708
108
25
179
105
1007
733
149
661
863
772
947
914
943
470
975
122
836
934
381
35
928
1012
1006
319
946
1028
888
44
610
79
905
395
567
207
248
806
843
982
883
735
791
714
562
415
971
1003
257
628
732
436
238
550
82
587
728
1016
246
301
197
617
474
844
411
786
192
397
803
778
657
240
405
538
282
666
85
514
1005
292
941
913
900
566
539
950
983
425
629
598
856
267
976
60
699
295
215
130
633
156
490
417
256
359
124
49
448
467
99
104
195
805
324
469
625
825
898
337
291
967
996
953
692
678
758
343
391
673
656
283
56
1017
37
363
376
979
526
349
431
802
453
496
591
293
281
71
600
522
63
399
637
344
162
22
27
759
827
1021
683
239
61
62
955
909
604
361
178
986
668
544
1011
524
694
43
193
317
164
96
298
499
148
307
848
917
787
663
379
121
607
684
479
243
672
545
199
589
460
696
709
612
605
960
51
995
442
954
904
906
736
879
310
718
503
536
236
949
1009
642
24
721
981
196
776
1023
585
653
1000
606
93
190
491
697
181
782
464
406
211
716
507
47
378
155
172
860
80
920
449
618
354
143
936
551
765
815
799
502
884
921
768
157
486
929
851
516
48
77
33
641
889
755
741
560
347
537
705
818
890
876
658
1
134
838
423
780
360
400
742
703
278
923
700
583
106
644
932
969
797
675
559
568
579
794
339
264
597
510
660
32
608
870
857
671
484
998
488
241
117
133
549
176
892
308
19
807
880
492
926
374
313
30
280
845
353
649
695
175
254
6
430
636
462
202
170
208
809
171
734
250
184
388
896
228
65
334
409
665
365
263
456
274
187
227
821
234
12
988
478
97
822
8
31
691
837
748
185
667
972
997
664
321
372
1019
330
655
160
875
75
53
924
1018
493
930
384
461
508
226
336
1014
407
512
624
595
224
841
938
352
987
945
174
1008
325
364
443
752
520
269
723
685
670
475
992
373
136
707
796
500
81
168
419
639
676
962
40
702
206
468
483
225
557
146
23
835
530
792
643
717
113
255
504
345
575
426
623
480
922
677
910
774
635
92
356
26
816
712
497
753
762
68
706
213
722
897
348
98
963
1001
1010
861
327
476
959
935
810
34
10
868
485
891
811
441
698
958
218
311
727
439
87
725
112
447
622
370
204
669
109
444
907
580
919
925
150
989
2
203
123
565
830
237
116
262
385
9
142
416
66
377
985
271
626
394
289
221
58
689
773
584
961
611
177
558
200
316
141
389
674
652
413
808
877
901
445
688
867
21
1020
429
412
937
599
212
519
763
548
561
871
814
209
944
230
820
89
253
515
300
355
719
297
252
285
120
489
245
770
180
631
153
569
4
785
817
715
713
842
296
46
756
968
739
738
144
229
451
318
513
86
13
131
916
119
404
163
15
287
833
531
779
242
275
620
873
965
942
640
850
28
761
466
471
650
18
766
299
1022
630
41
312
217
450
393
183
974
948
855
869
800
859
5
166
573
744
614
840
107
801
284
737
186
646
1026
386
260
270
100
151
38
908
129
582
233
16
272
251
396
893
