3356
4853
4983
364
4859
755
1528
2423
289
3848
851
2549
3496
2428
191
1651
1981
4896
3495
4278
3220
1662
2535
218
865
5012
4629
4553
614
1375
3063
1818
1371
3811
5125
2698
2226
11
3807
4123
3608
2892
2220
1952
2578
5239
859
5336
2793
1363
3141
4911
3892
1538
2264
28
3162
537
1555
2608
3343
5258
2605
1354
5285
803
661
4650
4782
3011
5163
101
1499
1083
2261
554
913
1730
4682
3107
3723
1324
897
4035
1822
3528
1718
2133
4110
3565
784
5134
3457
4073
4889
3627
2761
1920
4055
2408
3657
4028
5066
4803
1785
3406
3552
4851
2557
4455
1955
833
4870
4535
2331
4054
4800
4134
25
5022
1826
564
5110
1332
1985
1014
3029
2512
1757
3854
3160
1971
922
2187
2003
2075
4063
75
1641
2988
444
2849
3366
1860
5077
5342
2900
934
5026
2454
1773
732
2262
321
1156
1788
368
4707
967
3480
634
188
776
3423
3354
1345
2622
4061
3351
2963
2846
2148
1550
1781
3237
2726
2467
2917
1510
274
2410
4348
4812
2658
4474
727
2346
900
2769
2483
2119
207
2180
377
5314
842
5229
2805
4173
2418
1803
2070
3933
1217
1571
2924
3418
1057
429
5322
2969
2237
4361
1901
862
3707
3834
313
3837
3972
3181
3185
4393
220
1737
5395
5263
1992
2266
4709
2382
5002
1369
3675
1905
4691
3742
1552
1438
845
3379
2916
3997
3822
1797
1526
3779
237
1138
2687
5104
1005
960
4907
1966
350
3492
239
4120
517
3044
3735
2293
4147
1821
2101
3197
2625
3399
885
3156
47
694
3839
698
4242
3960
1339
3460
2036
113
4567
2513
607
224
2617
3985
4927
2675
4561
4365
657
2324
4717
1619
2349
5123
3796
1825
4158
1333
3919
729
387
1015
4188
244
573
1491
3323
3440
2104
438
4680
1432
4685
794
3023
5024
5121
1110
2944
3073
3287
4293
1862
2017
2462
2443
2452
1030
2902
1245
5207
549
2488
4302
594
5117
3729
2942
1115
1097
4877
5384
4042
1237
3585
1175
2440
3318
4795
5313
3514
4417
1263
1360
4360
5071
2598
5281
3842
1616
5374
1958
4379
365
4651
2254
2946
331
676
3214
3880
3787
4648
2896
1782
3776
1240
2662
786
3093
4376
969
1238
1329
4301
4675
381
2667
4406
553
5277
1509
3025
4562
2822
3893
2953
1851
1859
1776
2888
1486
3778
1276
2682
4440
5174
1963
2875
1274
4861
2016
3584
4710
1070
3912
3292
873
5362
4944
1159
490
279
5147
1845
3113
137
5231
3253
4250
3000
1436
4993
3028
4536
1969
3832
1846
766
1613
172
2643
3977
2628
4002
2208
4854
5199
2555
433
1839
590
3262
2671
4740
2631
3928
3994
3361
5339
3299
386
185
1482
559
3623
3946
1401
3739
1661
2449
80
235
4466
3998
774
1983
3884
759
977
3405
3473
1072
4659
1531
529
3024
895
4357
1347
3806
23
2151
3843
5116
4508
3452
4479
3559
4874
3853
2746
4825
1515
844
1247
711
1787
130
4129
1481
2634
5321
5017
3424
5340
4568
3163
5325
5041
4628
475
2614
2569
858
3509
937
5265
2660
792
4888
740
5045
3541
488
1871
2395
3112
5223
4324
2764
1548
301
4374
3676
1650
1979
4252
4712
1742
1244
3828
870
180
3069
304
2928
353
3427
3105
2120
569
126
1902
1447
4951
1754
875
4118
1570
4092
3871
3123
3298
1427
2480
446
4924
2006
598
2565
693
758
686
2330
2494
5244
16
4489
2058
835
312
3953
5096
3619
3865
2711
5027
2654
1753
1102
1319
2708
358
4778
4305
1075
1563
2911
2218
1876
4370
823
186
2979
0
1458
3551
1543
4697
1908
2829
4355
5377
642
258
1751
2493
5304
3003
4119
4523
567
2723
2602
2845
493
2974
3472
4972
4871
4791
2409
3157
323
1051
4331
1123
2485
409
3751
4543
388
4821
527
502
3968
3969
4177
1147
2836
2234
4558
2516
1292
3242
2168
2754
4869
5232
2583
4591
2316
3086
2096
2249
4353
3740
991
1266
1926
4834
962
3115
4775
3187
2840
4978
2994
2064
2370
1593
4786
4422
5390
536
2777
3258
2230
1999
3172
1045
4559
4150
4937
3695
906
4640
681
3305
2791
996
487
1346
4059
2182
2804
3976
580
1282
4777
3398
685
4958
379
805
4895
3694
2029
3202
1756
4366
4459
3567
4663
3278
4199
5099
4438
3498
3090
1953
3158
1714
2160
236
2506
4960
4484
3804
4577
2952
2073
4161
434
1412
1638
4328
3190
2973
468
1444
1667
730
3643
1088
3536
1060
855
1690
2306
674
3048
254
3435
1511
1392
4141
3908
3174
4076
1410
4645
4622
1716
5334
2612
1529
1885
2539
5363
310
3926
2420
736
2620
4676
5219
535
4808
1942
2141
3026
1508
3647
3525
1179
419
2307
4509
5358
209
1708
575
1976
349
2009
1124
3516
2510
4342
2509
2789
966
49
2024
3484
384
4741
4208
4780
4658
2680
1298
5375
240
1949
2826
3847
920
4868
2656
4044
4686
5049
3512
2447
2594
2281
3389
961
1398
4976
1912
1283
1343
4495
864
856
2130
4884
4176
2499
5131
514
4968
4453
3485
3609
4555
2887
2820
3764
2694
2177
2787
4311
3316
463
1166
3621
2242
2610
4878
1189
4248
4013
1623
4596
989
1814
5188
2710
425
4940
1187
4149
2450
4099
1211
5008
5059
1682
1098
680
2809
1074
4163
4444
3966
327
4445
3795
2760
4243
3401
2200
2290
5145
700
4041
812
2743
5009
1944
2164
1925
1741
2384
2607
2795
2132
2586
2383
1689
675
4770
2659
178
2790
622
5100
4346
5209
1236
3583
1706
1622
5023
1257
257
643
1433
3393
283
1201
2648
4240
599
1669
3441
428
159
1203
3388
860
5108
4464
2437
597
1235
1573
4023
4744
1495
1312
5260
2256
2000
4556
5109
5312
1142
4088
2739
3337
18
770
1504
3534
3745
3662
1833
5228
2575
1430
