1987
1100
3671
1609
2653
3114
752
2224
2931
4718
4294
1053
2054
3540
4327
2071
1177
1096
3349
1475
679
1476
2704
3274
2046
3578
1812
3062
3824
5143
2273
609
4846
1535
3439
4725
2170
2145
5226
4068
2439
5192
3080
3449
3950
3996
4581
2392
306
4021
1383
1134
3475
5087
1394
1961
4560
2589
1728
4383
4806
4441
645
5055
4824
4256
3206
928
3431
4259
2167
1853
495
3669
5130
1880
4487
1590
687
2147
2616
330
2669
2077
217
4647
5270
5238
2445
671
3437
3973
4704
4827
3861
2712
4349
2425
5144
1625
4006
720
110
606
4882
1366
3277
144
4419
4318
4863
2412
639
2015
1148
3696
230
2303
4012
5213
3390
2284
4005
3633
1696
300
3948
4183
55
2508
482
5162
4849
1205
613
708
2336
1440
78
5372
2825
396
4865
4764
1
1234
3590
2831
3812
477
1207
5331
3864
1841
3136
1024
3009
243
2040
422
58
3568
5170
4273
3468
1483
965
3171
2196
5085
4866
2491
1764
1192
453
394
4488
3524
1196
1307
4372
3210
4069
4400
407
2373
367
1748
3743
697
222
3445
1713
4382
124
3904
3326
2005
4174
707
1809
5305
2976
340
2191
2693
2604
1197
4081
5367
2562
2394
1041
4504
2763
893
322
2019
1956
3455
1334
4517
1709
5293
641
4534
689
348
1047
2153
170
4131
3294
3216
4232
1174
4332
5137
558
2352
2592
3377
5132
4303
3750
1208
2413
1374
3535
3179
2910
2372
880
4961
2045
3914
2819
2087
1019
1182
2613
3797
212
968
3641
4524
4763
4454
1222
1553
1896
3097
5355
457
4439
2573
1835
5158
2337
2577
123
3015
4284
2913
760
1883
2553
1968
939
1004
5107
3006
2668
3549
3369
145
2387
149
5233
2772
3709
1703
2972
2843
2689
2125
3467
3335
3293
521
3315
5046
1079
4796
1705
2118
2824
4823
2522
3626
3362
574
3079
1299
3773
2992
2291
1872
911
4913
1746
214
510
3888
5240
2399
2225
3059
3700
5296
1043
2198
2758
1644
3569
2766
4724
498
1558
3603
1621
5097
296
2176
1498
2736
629
2621
2812
793
2961
2434
4875
391
2396
4502
716
832
3459
5379
2762
4387
2390
1819
2034
2345
513
1738
201
1874
5094
1352
2600
4089
1473
4733
3630
1202
1258
3329
4679
2103
14
4917
5400
867
3993
652
2126
2707
247
2088
4639
3979
456
4424
1194
990
4619
3004
3758
1113
4217
4363
3959
2884
140
119
4599
4416
2091
173
955
1295
3593
985
1252
4215
601
1740
4695
2107
739
1915
4594
3378
533
4520
838
3810
2411
4247
4266
2419
3394
4618
3838
2709
57
691
4351
5092
4642
954
1721
1131
345
2052
595
4175
924
4948
67
3634
3042
4460
1455
4632
3915
5308
136
3722
2092
3636
5245
3196
1970
3295
2850
1342
3813
3600
1861
4805
4809
3381
4381
4471
4929
374
5135
486
523
4864
335
360
1627
3855
2818
4885
3802
2417
1036
3852
4974
4950
3307
5242
5318
2027
5324
5044
4121
621
3127
2004
5276
1193
3224
2740
4908
39
555
3052
4727
1929
5387
4820
2530
2367
3761
1168
2990
3200
1169
1012
4407
1424
3066
3092
3392
1017
4194
5254
4185
5227
2429
5212
4125
397
1071
225
2685
2105
4867
3724
1786
1657
3345
4910
4955
779
5076
2359
3520
2364
4047
2978
4531
903
1095
4649
551
4904
53
5309
108
231
228
3628
2866
4011
5335
1687
439
868
1891
3334
3188
2918
4083
1107
5182
899
699
941
272
761
722
4111
4749
534
2753
116
2934
1091
5247
5004
1766
2626
4901
2948
2959
4451
4195
4105
1608
4154
2861
2492
1804
420
4286
3784
4267
1461
1554
1930
4754
3611
3689
877
4251
291
1676
2960
4027
1265
4563
472
1843
2400
99
2219
5373
2684
2982
4956
826
139
3272
4245
1154
1077
748
2295
1200
4468
2548
3137
4038
3592
1241
3045
630
665
1195
1595
3962
1341
673
542
3384
292
2590
2109
1837
866
2964
3199
2547
3519
5065
1813
4368
2808
1744
2022
3461
1791
3617
3121
1816
3981
3167
2128
390
1018
3546
2521
3320
1484
4010
1978
820
1114
4090
83
4285
4590
343
930
1798
4053
1181
5155
821
5166
2551
3613
4845
4532
4526
1003
111
3989
2893
957
3581
3396
904
295
1587
4683
485
3193
1792
500
2724
3570
2323
2647
1020
2338
3430
5142
1677
4051
4542
4269
4597
1903
171
158
264
1541
3266
4162
4732
4214
1468
846
3769
1691
474
1087
4377
373
2318
2285
3290
2518
4802
4928
1585
4511
3409
4678
3279
3085
3186
854
2348
2014
155
4903
619
1039
4620
2690
2334
1514
1358
5102
1848
4891
3098
5103
165
2871
1989
3252
5003
2468
2446
4478
4253
1758
318
841
415
3688
1607
3486
1227
3879
1864
4873
1686
2995
909
1674
491
4371
2081
4007
246
1704
5333
2842
916
290
1611
703
3110
2098
973
4931
3918
3002
565
4160
1109
888
3790
175
383
2435
5323
4516
4317
3529
1549
980
3774
4307
1011
2901
398
666
1675
1027
3818
5187
3410
3106
1212
27
4844
3705
4145
276
1311
250
3276
3192
604
1501
5279
4164
901
1652
3395
4480
3064
5070
4467
1497
271
4996
256
1279
4719
1415
2633
3984
3303
3125
1381
4341
1093
4062
735
2794
164
385
4714
3487
2082
3407
605
168
2827
2477
3522
45
2279
2165
515
3560
98
4746
5060
3958
4957
3821
179
3386
5354
3347
768
5157
4857
2190
1330
3533
2146
4335
4751
3215
496
942
1471
4040
4687
3875
3550
4671
1204
2774
1954
3698
4354
2858
1562
2623
3911
4106
1904
3102
1293
2469
1490
4426
1413
61
4920
3558
3140
1702
2923
1962
577
1857
424
363
742
2139
1790
2731
356
464
4014
3333
3259
3792
1888
4730
4024
1480
480
3101
4231
1940
1771
1660
1042
2874
3095
4200
