3281
1457
3374
2919
1917
3194
369
2163
4112
2877
2880
1391
1919
5234
3687
3478
2775
4731
5106
5256
3910
3189
5064
981
255
3916
1943
196
1854
2325
3360
4228
1539
3308
2955
3825
395
4788
1344
2768
1770
2407
169
501
4654
5196
2511
993
5119
3504
773
1023
4220
690
1534
3204
4178
4945
3271
795
2920
1340
1028
902
1602
871
3543
1778
4817
2570
4750
4946
1007
3165
5380
33
5040
167
4431
3817
4898
545
2459
586
4114
142
1893
3419
4779
1259
194
4886
2140
5025
2751
4660
2078
4291
91
3716
465
4462
342
2297
3205
2786
2735
4449
3056
2651
4975
3526
4408
2856
3575
5115
3507
548
466
1760
3955
92
324
3800
2310
4378
1665
3518
2453
5248
4592
2389
402
3759
471
857
2615
3350
1899
3624
479
3598
3124
2181
1399
4279
3283
2733
2038
1685
1315
4325
1063
2041
1310
2069
4157
1151
1537
1672
3359
1794
5319
2870
4428
3589
4985
1456
1081
1724
297
1162
9
1601
1640
1474
2223
4312
2534
3637
775
3680
4747
5249
4000
4152
749
2937
317
3930
917
4461
5010
3610
4018
704
1934
1887
547
3221
5253
814
4109
1277
951
4103
2957
4987
2890
3605
3909
879
2765
2584
684
4402
3238
4706
3938
4288
4992
1157
1242
1699
1522
4669
1892
2033
1378
4774
2705
5013
772
1594
2747
4156
3780
3144
4518
4966
5148
791
532
2515
232
3587
4664
3798
637
2121
4168
3481
3312
4606
1732
2619
1784
3088
695
818
2645
3100
3046
3658
120
1649
2232
4989
2282
4037
84
1565
189
4765
632
4315
2166
2100
3782
3104
4684
4949
653
3957
3032
1840
3667
1453
2030
3364
241
4282
709
3166
1849
4819
2321
10
4421
802
540
3920
1735
1801
702
3147
552
754
3932
3539
3809
4982
5246
1712
2894
2732
96
4367
286
3937
4206
3057
2476
4715
3612
5310
3428
71
3211
4184
2696
1532
4213
3082
1002
2406
891
2609
5034
2333
4900
447
4316
5165
1464
66
2779
41
5221
3527
3038
4249
763
1302
109
5282
3108
1582
1988
3868
5267
1255
147
31
4720
3464
5315
3921
2800
3425
777
2239
1443
5286
4427
4086
2193
2854
82
4831
150
2640
401
3249
3835
4772
5058
1103
2544
3523
3663
2031
5382
2136
3288
1817
790
1875
2759
650
5180
3673
4576
5251
843
3616
1132
315
2526
2478
1972
522
4610
1879
36
3913
921
929
956
4322
785
5032
2455
5028
3454
106
157
2066
1152
2013
2137
1454
4552
437
1889
5029
410
2320
3768
2528
2319
2260
4281
1451
1289
3564
4513
1380
2975
3007
4578
1946
2907
2175
2729
2158
3922
4771
1275
161
1267
1869
1167
4734
4458
2444
3542
2086
62
2542
2989
3718
2386
3737
4847
265
2335
4272
64
4984
1881
4258
4043
2189
4084
1037
2143
1092
4566
4080
4544
2981
3736
4801
1143
3039
5169
3995
4190
3067
3719
4655
1033
4586
4254
2252
3577
2124
2025
4384
372
4094
2300
4390
156
1316
3708
311
3050
2847
2922
3203
2908
4
3684
2472
3703
1681
4265
4835
3725
2839
3357
1065
2496
728
320
1980
1122
452
2593
1215
678
4818
2636
3348
2343
5294
2828
618
2460
3027
2308
762
4643
3447
19
275
935
1046
3020
2792
3814
526
458
3781
2806
3155
3091
3300
4575
3450
4711
2524
2898
5225
847
2639
129
1923
4093
4066
2756
473
13
4485
1530
5268
3355
849
1867
4227
1643
2240
5243
1591
1328
1586
2630
1418
2074
4299
2867
948
267
4396
2304
3851
4652
3738
2750
1569
193
4602
2186
2531
1022
2162
3816
2925
389
1805
3413
4514
5126
2272
3601
3844
5291
3562
1322
282
1795
2442
4226
3375
4153
481
2844
4738
1158
325
4794
248
2056
2169
484
946
524
2841
4505
4588
1379
2563
177
926
1370
4876
448
3426
3635
492
1866
943
1964
1850
3668
1561
3980
3963
213
3850
1198
588
2899
2558
5376
4837
5364
2926
757
1441
5
2627
5369
3786
1523
2471
4604
2897
816
1183
746
4793
4527
4085
568
1653
1296
718
4270
610
4519
919
1870
2049
5091
3986
1073
3070
5177
1249
1173
5345
3122
20
2857
249
1318
2823
2661
2860
3789
4784
3444
1684
183
2317
336
1226
4547
2484
3482
4537
3383
2816
4893
3713
3470
1385
5402
837
1163
2745
3681
3530
1984
5301
3145
2113
1698
3217
4674
4953
4166
2991
4739
2247
2752
3280
3365
361
3873
4116
1376
3614
3134
683
2053
3991
3314
1446
726
2980
2782
1967
4614
5006
226
3952
2706
3072
1626
2905
1268
5290
3833
1977
2536
1048
822
4238
3302
97
4287
5129
1796
3479
5351
233
2278
1965
4745
5216
1898
5386
2591
1973
4842
530
4954
3692
2063
2638
4506
1525
1878
5183
3511
4472
4117
1808
2935
1405
1513
541
1678
5153
3322
715
3126
2312
3856
5136
2881
4600
1715
3330
4988
3469
215
3890
5360
1745
2532
3301
1603
910
908
1768
1059
890
4025
2987
1610
737
2201
326
4432
4630
1886
3414
4077
4435
1409
5241
5220
2567
5396
3629
2949
4557
5161
3462
995
3385
518
2152
1604
2302
4211
953
1119
915
2380
435
3594
988
3010
30
3706
743
1900
2725
2778
3061
4072
427
1049
3749
1544
765
767
4692
2315
2851
3731
4980
2263
5080
2517
346
3870
5082
1599
1829
2862
3087
1673
2635
5185
2106
628
2457
2298
3476
1199
135
2882
281
1288
467
1765
4644
3661
640
4965
3182
251
578
1918
1136
76
4515
3580
3925
4122
3566
2673
277
4541
3077
4261
5343
4973
5020
931
4450
3554
3245
5090
3670
3415
2507
2188
4452
74
5067
2339
4102
3826
2674
3555
153
5093
3176
2817
4729
4359
2676
253
2543
978
560
2080
4926
1584
4216
5173
4071
807
3591
2885
4223
3510
1452
1062
2852
3508
184
2212
1445
3008
4065
229
2999
2939
4529
2498
2095
3691
5164
3987
2134
4525
2116
238
1927
2233
2757
3883
2773
1752
2062
4589
907
3256
581
4128
2209
4050
413
1959
2350
89
556
1647
5037
1777
1749
3263
504
4767
5105
3942
592
1140
4032
789
3561
4313
4496
1256
5401
5204
195
5262
4792
5054
2776
3715
1779
4921
4329
1290
3289
269
602
5297
1176
203
4033
303
2596
4048
2271
2305
3358
148
1938
489
2430
3442
1960
2629
1472
3397
4492
104
1117
5072
1654
4608
4631
959
3770
562
576
334
2686
3727
138
800
4229
4776
3285
1659
1557
2863
3219
4549
2354
798
69
2210
4546
4829
1010
4433
2997
5302
734
5053
3269
4239
5235
3458
1135
1050
2912
252
223
4507
611
1933
5211
3488
881
4320
1216
1414
4637
1362
2011
88
4593
3135
4855
2144
3808
3324
1153
4255
4981
4828
999
2028
1301
3233
2207
905
4268
1262
970
4572
4420
1542
6
3466
4545
3640
2283
4841
2351
2834
347
4197
4337
4058
3443
4350
2904
4107
3961
1431
3846
3017
3422
631
4830
4843
378
4104
1939
1285
3264
3222
4140
2314
2986
4967
4297
5005
1384
938
4742
520
2131
5195
4446
1009
4202
1688
1450
4571
4708
3721
1286
4137
1359
1462
3651
1733
3878
2059
4899
3434
35
1914
1655
2117
8
2832
4476
4334
723
1386
2213
3929
2431
4923
122
1722
4339
133
499
2722
3477
1574
5167
1560
2554
4906
2102
1469
2734
3235
1496
3801
4583
2481
298
3236
5047
979
1858
79
3886
1254
4521
3034
511
710
4670
1580
4209
1693
2110
1671
3103
3785
4448
1055
2727
5203
32
3031
1160
2235
2172
829
2357
4132
3310
506
1710
3885
5311
2784
1519
2714
4067
2301
5287
2353
4210
284
4026
1865
692
593
4914
3400
1219
1907
1459
5344
5111
2473
2456
836
3208
2641
5222
3420
1111
2568
2956
1793
976
2122
72
5371
1701
34
617
1108
3645
4016
393
649
22
2470
3148
4881
2021
2296
1847
3877
2065
801
4457
2996
4264
1186
3231
2277
204
745
3831
647
2292
1545
308
2540
5176
3432
3576
1645
2229
2097
3054
2550
1707
1974
4020
333
5205
563
3255
5043
4405
4225
1769
21
3234
5200
3041
4205
2490
1467
853
3270
3660
876
1323
302
2155
4465
4766
2971
1921
77
1393
3071
4883
4078
4580
3501
2401
2872
81
3117
3491
5259
382
5124
5190
3857
538
234
2280
2501
4689
1387
1419
3656
5275
4319
154
1368
2461
2742
3403
778
756
160
4722
796
2688
688
3971
5068
2646
3733
440
850
2552
376
4388
4807
2427
1612
1806
103
1492
4947
4621
4933
4918
339
945
1820
2173
3412
1423
1807
3170
3304
2340
1229
2329
3429
436
4548
623
1890
4138
5272
4850
2716
2941
5404
5284
603
664
3246
3891
3907
366
2402
2214
4799
3827
1810
5298
2624
5191
3646
1827
2970
3595
971
4638
344
998
293
4627
4963
94
3690
543
4218
2270
4634
1617
936
923
608
4915
5084
3161
898
3149
3531
4364
4135
1121
1434
4919
5031
4186
4726
1210
3177
964
3672
1421
5317
4603
4598
1700
3223
4414
4233
815
512
830
2503
3887
620
3674
3058
3146
1624
5007
4528
1924
219
3793
1606
2084
5152
2192
1013
4979
5171
2360
4499
227
406
4814
4165
3376
1082
470
2985
4475
3711
2362
1642
1635
4394
4180
4694
4362
2783
68
4783
3902
2965
2332
1225
2703
187
4019
1596
4203
3537
3111
4280
3244
3416
3513
3040
4418
2405
4070
445
4554
1188
2363
4573
4822
1008
933
4813
4701
2929
3332
2559
1489
5405
4668
2050
5295
797
1936
4434
4848
1321
5114
4404
4151
5230
3860
3404
2873
3665
163
3068
3602
3049
651
4570
1747
2546
4815
4768
5289
2947
1373
4994
1729
1228
3563
1578
1304
1997
4540
3118
3164
1231
3120
4207
4189
1460
2788
5215
3900
2715
5218
3757
2245
2138
4159
654
4171
400
1085
4358
626
4789
570
3978
1731
2718
4769
1679
2713
1692
1986
4172
4333
4748
1090
806
4338
5062
5042
4412
2545
2681
1922
2601
4624
2313
56
1278
1112
1086
2089
887
1364
2269
316
2222
1287
2830
2355
1463
3655
3699
3130
624
2231
5252
7
3387
1094
2721
3803
1300
1583
780
3906
3143
1089
4310
872
3967
788
3823
3829
963
2962
5120
5307
1935
5095
4113
3717
3273
1844
3055
2441
1101
4413
1126
3243
3254
1420
4737
1723
896
270
2807
992
4108
3371
781
1637
3096
3931
4219
1725
659
3746
3016
1442
3876
2404
63
2150
2391
4839
3184
4395
1589
663
1466
2258
3084
4392
5370
359
2433
5172
2474
1547
810
2886
3889
1629
546
309
2216
2090
1575
1038
1191
940
2238
4761
2505
3620
1982
1928
5086
4757
5269
4221
4115
259
3683
2479
3999
1106
1762
2047
4477
2664
717
1941
1577
2564
5184
3275
1239
1416
5074
2342
3505
1536
5048
449
4998
143
2246
3515
2527
198
2111
2157
5210
2579
86
3686
3261
1025
5330
4009
4673
114
266
2717
4656
3532
1512
2618
2914
2572
884
454
3169
4087
2378
3453
2227
3131
5000
2770
4260
705
442
2486
2275
5378
5388
1402
3005
2299
2183
1719
1338
2529
4493
3503
1842
3198
2500
5112
799
3805
1056
3195
4126
808
3021
2253
2649
2142
672
667
1260
4385
4836
3291
2035
2083
3019
3702
2504
3336
412
1763
5175
2678
1572
2744
59
662
1636
3547
1052
4100
1834
3895
1828
997
431
3043
4522
2796
5261
355
3178
4941
4699
2287
5083
4096
2154
3248
1937
5075
3083
1855
3747
205
5039
4187
182
2581
3139
4127
3869
1372
3340
952
4277
307
2595
2637
1390
3767
3494
2833
771
206
112
4605
2699
2655
5398
925
4429
1897
1428
3342
3679
3599
2061
4015
3353
4409
4585
1417
1357
405
