3807
2925
1
537
2591
4148
4904
3899
3970
5137
4543
551
3274
2421
3643
4108
1969
5341
4556
2057
2710
5159
2986
4927
789
3675
2706
2531
1535
5332
3666
4667
2298
1143
4941
3360
5127
649
136
2031
3494
3186
4973
1936
345
318
5218
1415
521
4338
853
1009
516
814
4586
632
4155
1627
1873
3002
192
3493
3042
1136
4776
937
3618
2570
2167
3181
1220
3584
1026
2639
2686
2509
3052
4714
3572
3922
2650
2750
3778
1676
14
1797
1347
3973
3153
2842
1640
1435
2910
1775
3825
2460
5095
3168
728
925
4934
1896
2654
1487
1616
4577
5387
3289
313
4967
1652
3022
1576
4286
1699
4651
1532
1787
355
780
1908
3717
4865
727
4122
329
2508
3591
2898
3041
4815
3803
2975
1348
3110
3786
2866
154
2249
159
1370
4277
3664
2394
4179
3587
1123
66
3732
2643
1179
1927
2085
3856
2847
2021
4900
2664
5025
1923
3182
2511
3144
502
928
351
1563
193
2712
3496
2005
3260
973
5275
2697
1569
5355
4649
3685
1443
2967
3880
2780
3805
2405
1556
2619
1861
1240
1735
4274
2655
5396
1812
3764
40
5005
1952
5080
178
3913
1405
605
3082
444
570
3896
1258
2991
4366
3700
3165
3087
1883
2759
2950
2013
2303
4079
127
5144
2993
24
4193
5405
4534
4160
2827
4617
1447
2873
2215
1454
4487
92
5133
3902
4598
821
31
3123
4020
3359
893
4779
744
1017
2885
3066
1765
84
1463
2176
2175
581
2161
954
2798
5266
2538
225
2635
319
5179
4861
930
41
489
4616
3434
3213
4351
140
1809
3267
4850
3335
2419
2626
196
553
773
4533
2142
3647
4501
4222
5170
3433
1930
2867
253
1677
503
3943
3919
4953
945
4240
5153
266
3836
3855
2551
1619
1480
4429
1395
248
4278
3911
1529
3005
1536
4311
4182
3109
2347
1844
706
2099
4250
772
4109
3608
4510
5262
1503
239
2767
4827
4504
2521
1203
1450
4619
3524
941
325
1956
4096
5216
4959
4956
89
4681
1445
327
651
4853
592
429
3813
2985
3356
3808
3084
240
2145
2369
1743
562
3419
4691
5288
2390
3464
3977
5101
1966
4217
3224
2039
1110
2713
2752
861
3269
1290
2604
3045
2504
1128
899
4247
4555
5026
529
770
4648
2054
2080
4071
2022
3511
2400
2404
191
4688
2988
4643
106
2363
197
1375
1021
2333
4452
5299
1554
2496
4557
3829
892
1191
4173
1126
5057
2498
4256
4528
2063
864
2963
1369
1027
4524
4726
402
3963
787
589
4532
344
2335
3192
2923
5380
1777
4025
943
5344
1035
992
841
895
83
4405
166
128
2594
3858
1426
3499
1617
2972
190
3160
2186
3691
3997
3957
2414
603
1493
1807
4646
446
2371
2442
4628
4408
4730
5028
310
4002
98
4209
5331
276
400
2182
2677
2481
2488
2126
4741
3355
4466
3743
1502
818
3100
4016
4891
2757
5198
2376
3343
3595
2821
2169
3607
4857
2603
1387
2430
433
1430
3545
5
3137
1649
4269
1397
3346
596
1850
4790
2399
546
454
4550
1024
1728
5044
4498
2027
1647
4123
5197
685
70
748
4293
4011
2966
3849
2834
421
439
296
952
148
2597
5145
4864
495
4285
2542
3157
4914
2853
1856
1116
2173
4604
4568
2600
1410
2061
1272
5054
3650
4858
3809
2457
1965
4141
3980
3534
910
3103
4845
4801
2053
2957
3268
4201
2444
2778
497
3298
965
4287
2539
1437
3543
5267
4053
2184
1200
4309
2218
3772
4699
1086
3860
4954
512
4038
5295
466
3118
249
950
1731
3887
1417
737
1566
747
5391
3546
3734
186
4599
1673
1195
5306
2397
5254
2330
3792
3610
3937
4977
1499
3149
2949
428
2569
4318
163
4875
260
1633
4039
1244
4468
847
2172
2577
769
3392
4262
827
170
1827
2484
783
3526
5008
3198
2802
2774
5361
4446
944
1171
2008
4329
3763
68
2123
1962
3839
1893
1472
5235
208
2307
4732
2261
4622
3395
1946
2233
3352
353
1449
2860
4434
990
5047
330
4547
3645
2350
2195
2382
2901
3117
5154
1076
3208
188
4535
3581
5055
1597
552
879
380
3744
1420
1551
4310
3065
3822
752
4001
3481
680
1642
2346
1884
2077
5185
78
3847
3283
449
3832
2852
2656
102
2038
4373
3820
1028
777
2583
1907
1822
568
894
2189
4017
3376
1655
982
2982
4866
1096
4026
4010
2590
3706
1455
1393
1929
644
2051
3553
3410
3148
341
3140
1058
2858
1745
5124
740
4876
3986
2668
733
1326
4341
985
4379
2272
4118
544
4500
4376
784
3719
3436
4870
3477
1559
3815
3180
5104
2965
4056
2458
2352
5342
101
2028
1707
130
3818
2117
2135
2598
4325
5148
2343
486
5131
2103
63
1593
2443
4716
961
2588
4347
5280
2703
813
2546
5257
1001
4540
1328
4564
4588
2140
934
4828
2471
2869
5061
4303
2372
3387
2285
1869
1545
1441
3060
1341
3583
1912
3247
4623
2255
1238
3574
4579
1388
4035
125
4090
1030
2440
3241
4805
2448
3090
2857
713
1175
74
3440
2090
715
4083
3952
505
415
3742
919
913
3248
1531
1598
381
3557
122
4180
4224
2147
4340
2314
2065
3221
2461
5082
430
4647
1608
2132
4343
309
3953
3886
1825
1544
1479
3747
3657
4625
1972
3570
2770
3590
1042
3482
3945
2562
1183
4846
4844
4634
2974
4602
2937
2555
1528
307
1264
511
3101
846
3262
2543
768
1568
585
3894
1062
3312
2914
427
1855
2526
963
4199
4590
5352
3844
405
3305
1697
3925
3290
2819
4825
3907
2311
3249
4458
2878
1134
3696
4693
13
2
754
3375
2906
1299
3475
5018
726
4852
4644
598
1857
4346
3459
3864
2263
3994
2089
1340
668
4270
2958
1629
1705
3823
4060
1267
1485
1059
165
227
4095
4770
426
2029
4738
3568
1615
2741
5034
2192
1911
3158
212
2823
5336
25
