4092
4909
755
4430
3871
959
3316
3626
4471
1837
4740
3462
595
156
2736
3758
721
1625
1665
4998
2567
2803
3692
2190
3303
5203
2704
4561
2939
2606
4630
317
762
338
3317
4321
2908
4784
4431
2848
2431
3036
4220
2859
4624
1885
2474
1442
1122
561
29
5078
4538
4418
1177
2423
767
2515
336
215
468
602
1525
743
3797
3313
3184
1913
3399
918
1734
4103
2438
1221
1796
4137
2595
526
4650
3831
284
3428
1644
3080
2917
350
2630
1645
616
5297
4449
1658
2576
3517
1458
2748
1074
434
3552
1372
1114
4867
3727
3388
4546
1875
4145
3342
3444
2102
3331
500
397
453
3465
2952
3484
2336
3767
2290
1570
1942
2751
2592
2150
4371
2520
413
501
179
1766
3609
5274
3631
1020
1165
3505
5291
3284
3632
4657
1214
2899
4097
2262
4505
3467
1197
5116
4048
5129
5339
3488
1505
1329
3489
2108
578
4545
940
493
2851
1836
2221
4575
4114
3155
5140
1199
390
153
5317
2402
1504
3008
560
3086
886
5364
5032
980
234
2079
5369
1440
4183
2947
3779
5204
3457
3323
1989
1818
298
352
5130
176
4695
1259
3124
3279
2301
435
2341
2485
4015
2981
2277
1131
781
285
4399
4227
3226
4676
4822
4587
1377
1133
5202
360
141
4947
1061
442
964
1218
2601
4078
5167
2836
1876
3816
1192
4585
2294
3047
1095
4915
2326
4925
3680
4887
3701
3529
5301
3096
4873
4228
2035
2279
5069
2984
361
5193
3550
2415
2919
984
1180
4893
94
1663
5303
2585
1029
2064
850
204
939
1698
82
3416
1039
597
1352
3593
5289
241
4964
2739
4969
4728
16
3243
643
1865
760
1618
4150
333
252
3347
3156
1951
3851
371
2017
2042
231
440
1582
1477
2475
4744
1151
3635
4306
1206
1693
2740
1886
4863
3723
269
5110
4520
1391
3190
4472
4840
2387
3941
3452
167
3656
5023
3498
4513
4798
955
933
5077
3170
2392
3681
989
4983
3801
1519
1338
3146
615
4319
1968
1308
2237
1166
4460
1239
4521
2875
4304
1088
1706
3491
4638
245
177
1025
1995
3447
3968
2614
3658
1813
962
3220
1036
2737
1860
4074
4910
1854
5120
5314
2554
3292
4818
1098
953
2188
4785
4939
1683
3398
2148
3050
837
4494
4559
4380
4620
4856
679
2996
1996
72
2563
374
1077
3095
2250
1275
39
1890
2313
3185
3854
4862
1964
4567
4416
4411
4170
1317
3653
12
1457
1868
2876
1366
2864
798
2893
1207
1862
536
4364
5292
499
4334
2058
2329
263
3923
844
2248
112
2707
4759
3671
2418
3235
4040
2122
1733
2575
1592
2450
1222
0
2455
3535
1015
3077
423
4106
3843
639
2746
3012
4809
1432
3598
2086
3254
2560
5222
594
3992
1638
4444
3271
5062
849
4308
80
4483
95
3076
2817
8
1427
2185
4214
2795
935
4705
4979
4911
2287
812
5040
3383
1379
1828
1815
3015
1762
5086
1631
2561
2883
2491
22
416
1288
5373
2212
2624
4499
852
4075
5090
1847
714
3569
527
1421
54
1581
2166
1444
2896
2487
4174
4578
1701
3736
826
2004
5329
2139
4453
2865
3405
99
4448
968
3914
1630
2571
2690
4807
4684
3485
1496
1202
624
5378
2030
4147
2087
3721
1694
1176
76
5149
5385
5338
2837
3934
2936
321
4196
4076
2556
3358
855
5316
1737
3623
3740
4672
1835
478
354
4454
2284
2319
2205
62
791
482
2297
4529
4810
1916
479
1247
694
2437
3021
2055
4903
4944
3978
1425
1164
2420
4068
3138
824
674
3791
149
2960
3382
3286
4654
4389
1083
951
4354
5353
3480
612
2225
1806
4670
4401
2980
3762
2788
1565
297
3996
1571
4706
3373
1660
2519
4009
2340
1826
4686
1579
1901
1560
2904
4312
4812
4755
902
3218
1802
3720
4200
869
3716
3314
5092
3460
2961
3094
1804
2948
4592
4243
698
2072
232
1181
2610
3125
4712
677
4327
4768
2522
201
4367
912
2155
2824
4041
3718
3895
473
5162
5050
115
4067
1651
157
1280
2300
2653
795
3965
2550
4690
3694
2049
2745
3178
5010
617
4782
4019
3245
3354
3565
891
3669
34
3826
5072
2513
4656
280
3507
881
5398
5224
5246
152
4257
1400
3713
419
3206
3400
2800
4032
1534
2742
5357
9
4230
591
3442
2721
1120
2979
4213
3596
3093
3582
1013
4736
4566
1750
1292
1438
4412
1920
4629
1626
4763
4157
2289
1944
3390
3068
32
2633
366
1586
3544
1538
4742
4171
986
1967
3702
1127
2317
2912
3278
1774
2134
3580
2107
4272
1831
308
2502
4679
3188
4252
4375
2083
5190
3402
4337
3239
2068
1360
4099
2897
3621
903
4653
2503
386
1312
3412
3370
718
1653
2693
3362
4110
531
1970
4443
5231
2796
1874
3437
509
1003
1092
4203
4931
4677
5160
1682
2328
4146
2413
3454
1584
4642
1742
4997
4974
1555
133
896
3612
4005
1803
3622
1511
2179
3897
3415
1611
2464
2581
4184
3783
5046
604
5056
5243
655
4982
2779
3859
4780
1871
1460
2180
1833
4403
3874
2884
3474
431
1800
477
3578
1172
2809
874
2804
3417
217
4117
233
2479
2411
5340
2680
2356
1541
3726
61
2535
885
2493
3802
3698
5296
1403
4085
1140
3503
3027
3576
368
731
4323
938
2018
5335
810
2229
4668
1252
697
4834
2385
3939
2081
4826
2534
287
4372
1805
4033
3219
2969
845
4288
1612
4030
4948
2226
5053
4428
3131
4022
1983
3458
3804
2076
1301
1390
3514
1657
2547
4384
2734
2269
292
450
4261
5079
2368
4943
1097
4704
4064
4345
5150
77
1099
670
4609
5001
3790
1102
2104
4359
3020
4165
2124
2306
4162
4410
3641
4711
1163
5015
722
4226
1696
799
1331
573
819
3515
582
5327
2945
195
144
4000
1730
5253
3143
4929
517
3406
5307
2465
3975
401
3637
2701
4874
2892
689
3420
