1641
4128
2524
3195
4762
3363
3380
2073
3890
3589
2781
1580
2666
4999
3644
5207
1002
2362
683
2881
306
619
2632
3985
4393
4168
1799
3276
970
3891
1409
3497
1107
2669
3386
2293
2557
126
4613
1906
4683
3746
4185
3539
1101
1767
1552
5171
3751
4450
2026
5076
2384
205
4869
3519
3768
182
3506
3516
3407
1315
194
5226
2490
676
57
3639
3998
349
2921
4544
5376
1416
3115
2082
2825
659
3932
1330
4239
2687
1023
181
3873
3798
73
5248
4057
2164
4350
3787
3487
3007
1998
46
4569
3120
2831
4892
4202
823
1801
3756
1994
863
4992
4990
983
3703
3450
4525
4154
123
274
4333
2723
1274
291
1068
334
187
3828
3697
5123
1465
584
4211
2244
2514
3771
5245
4289
2638
4119
5265
1664
1973
2365
4663
4339
4166
5320
4023
1919
4786
800
111
4985
4474
1786
1321
485
4441
2861
146
1881
1520
3793
4576
4497
4600
1236
2976
2708
5009
4978
753
210
1135
200
3061
50
4859
2032
4673
4476
3231
4796
5394
3081
1978
2615
1794
901
1109
3893
1781
865
805
1323
785
5097
270
3661
958
1386
638
1262
3349
4051
4342
2034
1204
3909
4043
3594
2236
710
3055
3541
2672
2119
4423
5088
4936
687
4645
1646
1385
3336
2375
2270
463
5036
2584
738
244
4582
2219
3948
4595
2566
2476
1947
817
1757
4907
2357
3930
2507
1602
3164
2177
1245
4467
3987
4135
2808
1160
3154
1715
2954
1846
5263
93
4896
4753
1311
2872
1687
3520
5188
535
1539
4802
3705
4530
323
3259
75
4295
1049
1085
1452
2760
4465
858
3898
3523
1233
2331
142
2725
2699
5315
1082
1910
3780
645
2149
5370
3328
1346
5403
4745
2374
2367
1081
661
1939
2478
3745
3116
3951
3478
5350
3707
906
1718
3191
1515
696
219
2048
71
293
723
652
4031
2651
2422
1149
5016
2115
4739
2890
1070
5031
1335
1678
4854
3629
1741
1467
4824
4153
929
695
2174
1342
1345
504
4615
2096
2291
797
4221
1599
2579
792
1145
1756
320
1490
574
1732
288
692
4442
2573
4420
1753
665
3958
650
3339
104
4424
1714
5119
382
492
3476
2386
3167
3912
2128
4894
3074
904
3372
2785
1060
2231
4731
120
1674
4086
3835
4692
3830
278
1761
4223
471
634
2259
927
2926
4301
4392
4783
4516
3931
5042
2469
5354
3299
3258
2304
3667
1726
55
4816
2196
1898
975
4249
261
5343
3882
3441
3901
3250
2663
5181
1154
5386
3984
1620
4004
5135
4073
3070
2316
946
4151
3438
2791
2334
1510
302
1751
1736
1606
3215
3708
2069
2324
4436
3455
48
5232
2681
4757
2041
2315
403
4253
4570
4793
3122
2238
209
385
2345
1933
4664
4255
1708
2915
3320
238
2512
3234
2000
2208
1661
1237
1992
5300
1506
3046
2790
1667
3522
290
414
4144
5223
1359
4491
2113
5323
315
1975
565
1547
2257
1882
3223
3673
1654
3663
555
2281
1840
1266
709
3201
3652
1934
1256
256
220
2398
5058
2880
2074
4248
3784
1461
4951
3861
782
393
1937
5236
2247
3431
399
4044
4395
1000
571
1792
2136
2964
3102
412
203
1159
1402
1038
1843
559
5017
2621
3605
1839
4851
5345
121
700
3
5367
1150
2056
566
223
4884
684
4594
1672
3152
373
1863
1041
3731
4297
3432
1823
4126
3687
5365
4050
1838
890
1285
5278
3473
2868
4238
3908
1686
3712
3677
4536
3054
2037
2641
4860
2151
348
508
5051
2391
2267
1078
1985
408
4637
2492
229
1634
5312
4880
1864
1273
4950
2744
5067
3989
4386
1363
5187
3429
3411
4722
131
2523
4265
1226
1251
3796
4633
4989
3536
2882
224
2252
3905
1779
1358
948
1298
2040
4080
4819
5128
2429
4195
2355
4928
1043
1596
640
716
1378
542
2200
1108
3627
1811
2510
1376
564
1178
222
2183
1263
1337
5174
4298
4583
2517
2312
2216
1963
2409
3933
2916
3906
2826
2359
2549
5284
4517
614
1723
2198
1748
38
599
3833
3344
3469
931
158
3135
4082
2735
4070
5103
4571
4091
1691
237
2075
4832
3806
2856
2544
3257
4059
388
2309
756
2162
4210
2280
5094
2995
4707
4447
1980
5304
1093
763
729
3389
4813
3512
3753
3676
4317
5230
2070
626
202
1575
4034
3944
3466
4986
3023
622
4662
1594
247
5059
23
3636
2260
1808
3679
21
2676
2467
1470
1132
761
5091
2044
4385
4406
328
2670
1464
4314
1223
1635
3531
4837
4700
1484
2178
1704
4077
2763
4735
1924
916
4186
3601
4279
5200
3403
1852
5213
4794
1817
3361
1754
4054
633
1971
1276
1429
873
4750
628
3357
5395
4156
5099
4991
4482
4806
2973
1949
3098
2818
549
1208
4839
4307
2199
2235
2692
611
1471
3150
2997
4014
2931
2775
3966
2203
1521
3619
5393
4290
739
567
5118
5048
2251
1488
1072
2675
3976
3949
3280
3265
3288
85
994
4104
3665
2003
4413
5229
1842
3031
5337
494
554
4905
1422
2239
1282
4129
4489
4553
1935
3443
759
2886
4574
4280
3714
1194
2146
3586
5285
3942
2138
2762
447
3263
3000
1364
3142
949
1562
2118
2622
257
771
3408
3177
5234
1018
1297
4748
3396
1524
4993
4888
3981
4127
1943
392
3353
3232
490
4046
4377
587
3682
5251
2323
884
2456
1249
3293
2715
462
809
383
2295
4972
4970
357
4971
4635
1724
1763
4955
2822
1469
488
4417
5308
2224
4675
5087
4284
3426
4509
2911
4433
5379
2436
174
2480
3765
1271
4878
362
3554
1549
656
4537
811
5141
1339
3837
129
2807
778
243
3194
3161
5372
878
207
3659
135
5250
4212
3947
1948
1162
43
406
410
2631
5241
4804
3306
164
214
3341
3993
3029
4495
1872
4065
590
4300
1922
3709
4996
1380
3384
3940
2644
343
2811
4942
1810
2636
3310
1513
4795
3548
3414
