3
5
9
19
20
24
28
37
40
41
44
47
48
56
66
69
71
94
95
96
98
99
113
117
124
129
138
145
148
156
158
159
162
167
168
186
189
206
216
231
232
239
240
244
250
251
258
259
260
261
264
270
271
273
274
281
290
297
299
310
318
325
327
334
336
340
343
345
356
359
361
362
364
367
372
376
379
382
383
386
387
388
394
396
402
403
404
408
414
416
420
433
437
440
452
455
459
481
498
511
529
531
532
540
541
542
556
566
572
576
578
584
588
589
597
603
611
614
623
625
633
634
637
638
640
641
643
644
648
650
651
652
656
664
674
682
684
686
687
692
695
699
708
715
717
720
722
723
729
732
733
734
737
752
753
760
761
771
780
789
792
793
795
797
798
804
806
808
811
816
818
821
825
829
830
840
842
844
845
846
855
860
862
864
867
868
871
874
875
880
884
887
888
892
894
896
898
901
906
909
920
934
935
936
937
939
943
944
946
954
961
967
972
984
991
994
995
996
1002
1011
1020
1022
1023
1036
1039
1043
1048
1052
1055
1057
1059
1061
1065
1067
1068
1083
1086
1091
1096
1097
1104
1108
1112
1117
1119
1122
1124
1125
1127
1128
1130
1132
1144
1145
1147
1148
1151
1152
1154
1157
1158
1162
1168
1172
1175
1179
1185
1194
1205
1209
1214
1217
1220
1227
1229
1230
1235
1239
1240
1243
1244
1245
1246
1251
1259
1263
1266
1268
1273
1274
1278
1286
1294
1295
1299
1311
1312
1315
1316
1318
1319
1321
1327
1331
1333
1336
1340
1341
1342
1347
1352
1357
1362
1367
1370
1377
1379
1382
1387
1389
1391
1394
1401
1404
1405
1410
1413
1414
1418
1423
1428
1429
1431
1433
1439
1443
1444
1448
1449
1451
1456
1457
1460
1462
1468
1473
1488
1489
1497
1502
1505
1506
1508
1512
1514
1518
1521
1522
1524
1525
1528
1530
1538
1540
1541
1542
1543
1544
1547
1555
1557
1558
1559
1561
1562
1566
1567
1572
1575
1577
1585
1586
1588
1593
1595
1598
1602
1615
1618
1619
1620
1627
1628
1634
1638
1640
1642
1650
1657
1658
1659
1660
1661
1663
1668
1675
1684
1686
1687
1689
1698
1711
1713
1715
1717
1720
1724
1728
1731
1733
1739
1740
1745
1752
1754
1755
1756
1757
1758
1760
1764
1766
1767
1771
1786
1789
1793
1800
1803
1804
1817
1818
1821
1829
1830
1831
1832
1833
1835
1841
1850
1852
1853
1854
1856
1863
1872
1877
1882
1886
1888
1892
1893
1894
1895
1896
1900
1907
1908
1909
1913
1925
1926
1929
1942
1943
1944
1945
1946
1947
1958
1960
1962
1968
1969
1972
1973
1975
1976
1977
2002
2003
2005
2007
2009
2014
2017
2019
2021
2023
2029
2030
2037
2038
2046
2052
2053
2063
2067
2069
2072
2073
2077
2079
2084
2096
2105
2116
2118
2119
2120
2121
2122
2131
2132
2138
2140
2143
2146
2147
2149
2151
2152
2155
2159
2162
2163
2166
2174
2176
2179
2180
2187
2189
2194
2196
2197
2198
2205
2207
2211
2213
2215
2217
2219
2220
2227
2234
2237
2241
2244
2248
2252
2259
2260
2261
2264
2265
2267
2268
2275
2283
2289
2290
2293
2294
2301
2302
2303
2304
2319
2320
2322
2324
2325
2326
2330
2331
2338
2345
2346
2347
2348
2349
2350
2353
2355
2356
2357
2358
2360
2365
2366
2367
2374
2376
2380
2383
2384
2385
2388
2391
2393
2395
2400
2402
2404
2406
2408
2409
2410
2411
2412
2414
2415
2416
2420
2423
2425
2432
2435
2436
2442
2443
2444
2450
2453
2458
2459
2460
2461
2474
2478
2483
2485
2488
2494
2498
2500
2503
2504
2507
2511
2517
2518
2519
2525
2526
2528
2530
2535
2540
2545
2549
2550
2552
2557
2558
2566
2567
2570
2572
2573
2574
2582
2584
2587
2588
2601
2604
2621
2623
2624
2625
2629
2637
2640
2656
2657
2660
2662
2666
2667
2674
2676
2679
2688
2693
2694
2698
2703
2704
2705
2731
2732
2733
2734
2737
2738
2748
2753
2757
2764
2765
2768
2769
2770
2771
2778
2780
2782
2783
2787
2789
2794
2795
2798
2799
2803
2804
2807
2808
2812
2813
2814
2817
2821
2822
2823
2825
2829
2833
2837
2841
2850
2855
2861
2870
2875
2882
2884
2885
2887
2889
2890
2897
2898
2904
2907
2911
2916
2918
2919
2925
2931
2932
2934
2936
2939
2942
2944
2945
2946
2948
2951
2956
2957
2961
2968
2975
2978
2979
2982
2986
2987
2993
2994
2998
3000
3004
3007
3013
3014
3015
3016
3023
3040
3041
3042
3043
3045
3053
3068
3069
3073
3080
3081
3082
3088
3095
3098
3099
3102
3104
3106
3111
3116
3117
3123
3126
3127
3128
3130
3135
3136
3137
3138
3140
3142
3146
3147
3153
3159
3168
3169
3171
3176
3178
3179
3185
3186
3188
3189
3202
3203
3207
3211
3212
3215
3218
3229
3231
3232
3238
3245
3248
3252
3256
3261
3262
3263
3267
3268
3277
3282
3294
3298
3315
3320
3322
3328
3338
3340
3343
3360
3363
3364
3365
3366
3371
3376
3378
3380
3381
3391
3393
3397
3398
3401
3404
3417
3425
3427
3428
3434
3439
3443
3445
3447
3449
3450
3452
3455
3464
3467
3469
3474
3476
3482
3483
3486
3496
3499
3502
3506
3507
3509
3512
3516
3517
3518
3524
3532
3540
3542
3547
3551
3562
3564
3568
3580
3584
3596
3597
3598
3607
3613
3617
3628
3635
3636
3637
3655
3660
3664
3670
3671
3672
3673
3674
3676
3677
3678
3684
3685
3686
3687
3688
3689
3692
3694
3703
3704
3712
3744
3746
3753
3756
3762
3764
3771
3772
3775
3778
3783
3784
3786
3789
3794
3799
3800
3803
3808
3816
3823
3833
3834
3838
3839
3841
3844
3846
3852
3857
3858
3862
3864
3869
3877
3883
3889
3893
3898
3899
3900
3913
3914
3921
3929
3933
3940
3941
3943
3962
3973
3984
3985
3994
3999
4012
4013
4014
4019
4033
4040
4061
4065
4069
4099
4110
4112
4119
4133
4144
4178
4179
4180
4193
4198
4203
4219
4224
4228
4234
4239
4240
4264
4276
4291
4299
4301
4309
4341
4352
4362
4403
4407
4410
4445
4453
4477
4482
4484
4489
4491
4492
4493
4505
4509
4510
4525
4541
4559
4565
4579
4633
4636
4650
4653
4665
4669
4676
4688
4704
4718
4731
4734
4735
4741
4743
4745
4773
4776
4790
4795
4798
4799
4800
4813
4816
4817
4840
4841
4843
4855
4861
4862
4904
4906
4909
4931
4949
4950
4955
4956
4960
4985
5008
5017
5021
5036
5038
5040
5058
5062
5066
5088
5123
5219
5240
5269
