41
135
209
258
270
274
335
337
372
376
377
414
415
452
461
481
482
540
563
566
589
602
603
618
634
650
675
695
747
777
818
825
846
858
867
870
894
901
944
954
979
995
1017
1046
1050
1052
1086
1106
1131
1134
1140
1144
1147
1148
1151
1168
1176
1202
1208
1213
1228
1229
1230
1259
1260
1292
1321
1365
1372
1382
1384
1391
1400
1405
1409
1418
1423
1436
1440
1446
1451
1459
1464
1480
1493
1497
1512
1514
1521
1540
1542
1549
1550
1551
1552
1553
1556
1560
1561
1575
1586
1589
1592
1596
1597
1602
1616
1633
1642
1660
1661
1683
1707
1724
1733
1744
1756
1781
1789
1794
1798
1811
1824
1828
1829
1830
1832
1833
1835
1838
1847
1853
1858
1869
1877
1890
1900
1912
1959
1967
1972
1973
1982
2002
2007
2011
2013
2017
2021
2024
2025
2029
2032
2044
2045
2046
2052
2057
2059
2067
2071
2072
2089
2094
2110
2121
2131
2143
2147
2148
2155
2186
2191
2205
2223
2224
2226
2227
2244
2262
2263
2267
2269
2276
2278
2283
2288
2296
2300
2307
2311
2323
2336
2337
2345
2348
2371
2393
2397
2414
2415
2416
2417
2420
2430
2435
2436
2438
2441
2445
2448
2451
2457
2458
2461
2463
2464
2483
2491
2502
2515
2527
2534
2537
2539
2543
2557
2566
2570
2581
2590
2604
2609
2616
2617
2622
2628
2645
2653
2656
2657
2660
2679
2686
2722
2725
2728
2736
2741
2747
2769
2773
2790
2795
2805
2806
2811
2813
2815
2816
2822
2823
2829
2837
2838
2851
2862
2869
2875
2882
2888
2894
2896
2904
2905
2907
2920
2923
2924
2925
2928
2929
2937
2941
2956
2966
2974
2983
3025
3032
3035
3044
3050
3061
3063
3064
3102
3117
3140
3142
3148
3153
3167
3174
3183
3186
3190
3213
3233
3238
3240
3247
3248
3256
3264
3269
3272
3300
3309
3313
3318
3319
3320
3323
3324
3325
3334
3336
3338
3340
3358
3362
3386
3391
3393
3403
3418
3433
3452
3466
3467
3472
3476
3478
3482
3485
3489
3499
3510
3512
3517
3518
3529
3538
3539
3560
3567
3601
3615
3616
3617
3619
3628
3632
3645
3649
3659
3696
3697
3698
3707
3709
3710
3711
3725
3740
3742
3889
3893
3898
3899
3933
4065
