354
2401
5165
4231
4493
4959
5174
4595
2740
2988
2623
134
949
4027
5123
4119
4226
141
4467
193
2311
549
2700
1741
4559
3066
621
3496
1810
3706
845
2019
2807
4140
2517
4050
1266
5219
4993
1945
5222
827
4851
2286
2363
3078
4523
2145
4503
1978
2175
2856
4710
4819
3949
619
1224
1742
4365
1398
2053
4997
1575
726
25
1866
5243
1634
4198
257
1789
2432
2964
654
4640
1700
399
2118
915
4628
963
44
140
5217
3721
1114
1928
296
1479
5389
2916
3507
2794
1664
280
3027
2980
4001
1352
4797
3053
4954
2579
4228
4202
3517
4104
485
1884
4195
2194
2393
5086
2874
4923
5378
4740
3661
5082
524
2621
4454
3381
3724
952
380
822
1344
3741
1066
2267
4018
4092
3978
4775
3163
2038
270
542
4751
5234
1873
634
3154
2940
4972
290
1159
5395
2893
1355
2200
2491
1486
854
3947
3714
4879
3444
262
2172
4949
3549
4737
5018
994
3242
769
3752
5230
2835
1931
3972
505
5333
955
2247
675
2328
42
629
2209
85
326
1248
4029
5272
2424
181
3061
4581
5279
1782
170
3853
3120
3674
3427
1792
4866
448
4199
4873
1730
4417
841
3890
2361
369
4449
2114
248
5259
3069
4358
1463
5111
2262
3526
3309
402
4434
2414
2752
4033
5068
931
2324
4459
307
3700
4926
2870
1590
662
4492
3769
3742
3966
5171
721
4514
3000
5381
3812
3726
3696
3192
1444
4885
553
4754
3636
2822
4257
82
1740
4345
2392
1041
2641
338
1313
2638
1303
973
1270
2796
681
755
2243
1079
538
3466
1290
2878
3815
3801
5201
2167
5255
37
816
1811
50
3420
1631
409
5084
1650
4653
1412
3426
3959
1566
4730
3694
671
3243
2734
4306
2657
2992
503
5025
4659
3211
1361
3088
1523
4010
3537
4089
146
184
5186
3756
2593
2202
3228
738
5189
576
1118
4779
821
1262
2459
585
3539
4111
4722
4861
2541
2570
3786
1305
4715
1469
3519
2634
4269
174
4144
2873
1749
5059
2922
5293
4979
2135
357
4375
5061
300
101
5145
592
5030
5399
2574
1904
4322
5027
696
2006
2478
53
3306
3982
3665
4320
4703
4560
5346
2423
5223
5269
996
177
1341
1385
1102
1116
620
2998
3094
4223
1188
1058
1345
2400
2366
94
2388
2965
5350
815
1880
4516
1235
2097
4412
1691
3710
1227
4598
419
1746
1802
5344
4773
3067
623
1394
5301
3819
3181
2192
1864
1559
3441
647
3577
2015
3915
5044
136
1470
1591
4432
3922
2416
2571
5033
1794
2011
3735
3110
4639
2509
29
1837
4186
4978
645
2059
2410
4593
3722
4411
4518
2003
160
2023
1656
3788
4769
3566
4404
2360
980
664
3841
3125
680
5184
3102
374
2467
5321
2066
4151
2340
3068
614
3586
2451
4383
2670
1679
674
2994
4021
3336
2801
3831
2141
3051
182
3443
3401
1613
4484
4107
3433
3135
1975
3927
4860
826
61
1025
4254
449
5282
3852
1947
54
2164
1024
2954
1264
4742
717
5048
3493
232
4889
543
3206
2482
5056
1082
2764
865
1739
4853
2372
1175
4133
3690
1193
1704
975
3340
3355
1827
1948
3933
1275
4686
1234
4517
3364
1717
3736
824
3746
4096
2117
198
4332
2453
4469
2273
1154
171
1230
4924
3028
340
4571
698
4059
1205
4855
3139
1540
1941
3174
1916
3832
5216
2723
2609
2839
4882
12
2724
781
4821
1364
5105
435
5024
4774
4583
2128
5021
4986
4798
4311
3672
3186
758
3516
4874
4458
2523
4011
2081
1232
347
3457
4400
2685
1800
5328
2889
4677
302
1379
5280
60
814
4757
4127
4416
4295
3265
884
639
4067
2578
3052
1051
1070
2680
1768
4759
5019
4654
117
2756
1115
3198
4109
372
4191
2915
57
3865
1460
3601
3465
4576
3666
352
3930
8
5031
1271
2594
3014
1894
5348
2330
3490
746
1297
325
2419
2058
1032
1492
808
3614
4185
1872
1550
43
4480
1641
1818
515
274
1581
3281
4763
5246
3964
1933
218
3247
422
1436
2052
2153
4910
2991
1502
5238
3995
2377
4084
3604
3968
1089
349
2409
1569
2344
457
2819
1132
4805
1331
3220
999
3338
3613
4026
1644
292
1183
5252
558
2547
818
1944
3391
5097
2616
4726
972
38
3907
3845
2389
1930
4211
1109
2126
722
875
1812
4147
4901
2120
5363
3765
4008
1767
1984
1184
3200
2519
3413
3147
4665
3958
5235
883
379
1675
651
1285
51
529
21
5309
2647
1035
223
5288
5287
337
2086
891
2033
205
3303
5253
3660
1186
5355
3301
1141
3277
2332
3055
4256
4578
2726
14
2450
2779
3708
179
4324
4450
4000
4325
3153
867
1286
5090
3331
1497
1668
2050
1987
1367
4908
2761
564
5072
444
3093
3483
2131
3021
3858
4830
3049
1268
4190
318
1461
3397
1272
833
2475
3468
899
2608
2253
4515
3598
1309
332
2246
2156
2408
2978
1125
606
2481
2758
2701
2221
4883
4442
1629
525
1682
656
4572
1923
391
2829
1617
2342
1976
1521
5383
1085
1586
250
4148
1280
5191
4215
2100
1382
2827
2034
2692
4953
672
3984
2892
4203
5379
1853
4212
951
301
343
3880
3485
5106
5303
150
4441
3635
771
3986
2094
1366
617
4465
478
1075
3754
1170
2580
4612
4952
1878
4121
4693
3610
3435
3047
2749
3476
4796
2110
5388
3580
1977
2077
5166
13
3957
4273
1604
3156
4420
5266
1614
516
983
5368
2195
2802
2520
438
1314
1622
3140
3825
3023
3404
1552
611
4824
1605
5251
4792
3097
3179
940
4393
72
685
4977
945
1080
742
4727
609
1477
4066
1665
3914
1922
2374
1562
2000
4931
3647
3893
269
691
1925
921
2168
4626
1161
1276
2434
4488
4452
4230
5206
2223
2091
911
4982
2322
2823
1720
1496
3729
4837
705
2367
2385
3654
4051
918
4142
1078
1491
3455
507
