4339
3036
2865
635
3060
1618
289
1832
407
2226
3834
3365
2250
4073
2304
73
4505
3987
2232
4041
1000
3349
3351
401
916
3816
209
4277
1252
3178
1568
907
5343
3015
866
3287
2983
4060
1848
3412
636
2533
434
1133
5334
555
653
3322
4086
104
4533
392
3951
3923
1043
5299
5147
5140
502
4219
3346
4381
2162
3935
1579
2614
3467
3126
5058
1147
142
1336
4604
2500
5357
748
514
5330
1994
4716
3253
3748
1893
1909
1599
3271
350
2497
2007
272
2445
78
2381
971
3680
130
2471
5300
3434
275
4098
4555
1571
1137
3230
2631
4129
1165
5148
2147
2310
2103
1757
2538
3345
3620
3514
1246
2021
1709
4379
5202
3054
2797
4857
1450
1104
2716
2606
1525
33
3861
4968
3296
418
937
571
1111
2937
3207
420
1536
4069
5011
3561
3166
2927
4813
236
98
4644
2043
191
3863
1107
985
3527
16
2212
3639
1503
426
1914
5119
2959
3447
2773
1681
2528
5043
4724
844
2005
1419
4845
4039
4541
5349
5161
230
1194
2001
273
2347
484
1228
1327
1989
4298
2912
164
3814
3084
410
1912
4246
2176
4201
753
878
1322
535
2433
5352
1685
3638
87
3257
320
699
2934
3199
1042
2653
849
1209
4076
1774
550
862
3874
430
35
4750
3711
1453
151
1004
946
1432
196
3936
4554
637
2966
4565
362
4406
4778
36
4940
2920
2960
2158
266
3909
5275
446
495
2713
1603
2063
4162
253
2896
2278
40
2755
2187
3326
4557
3502
3545
366
4807
3871
2220
4243
697
4579
23
365
3201
3212
169
3965
4229
3928
551
445
2562
5340
1242
2757
5239
2698
237
1039
1362
4344
4732
1126
3640
641
1962
4618
4297
2948
4135
3524
1103
4376
3835
3823
4950
570
3511
715
605
1057
1127
1152
1632
1871
1756
4862
5001
1094
5057
857
4286
4326
1296
3048
2800
778
1063
3980
1247
2174
3898
2633
2318
2204
5003
3290
1915
5188
5142
2699
2677
775
658
1661
127
4310
964
2981
785
1239
3424
695
3536
2488
2989
3588
4002
2592
5204
1434
467
4790
1939
4673
784
4590
3152
123
3920
5115
2681
4551
1673
1323
1405
4812
4280
4296
1769
221
2851
2990
2394
2894
3813
2666
3115
4656
3734
792
1023
2048
3821
4300
3574
2748
3629
4538
4275
5124
5045
982
1493
3803
2485
5292
4136
5118
1149
1117
5237
358
1251
2938
4682
4233
4510
2836
3563
421
2554
4623
3383
2687
2170
5034
1937
423
1772
1333
660
86
1648
4504
4844
936
2543
3155
3791
4937
2553
2557
762
1795
76
4176
4152
3214
4472
2225
255
2572
534
2591
1986
727
3472
155
1483
4315
2180
5117
2604
100
2442
1651
2967
4446
2816
3701
1951
2489
2313
4637
3272
3648
4248
1447
3316
4213
2426
2792
3589
4498
5385
5078
3452
1295
4364
1852
886
1643
3384
2766
2296
4418
3250
5129
4105
2909
1815
185
1157
3530
4283
3394
3919
4398
398
3358
5380
2906
10
2838
2018
4501
3668
604
794
1229
1365
859
405
4519
1031
4463
1798
2219
2264
32
3439
3548
760
2887
3905
574
4524
4083
2508
3031
1112
2457
279
2921
4573
4245
3633
892
1522
4700
850
749
1745
1799
2109
3308
1214
3792
4806
805
3683
3733
1876
327
3503
579
2736
5276
5063
1421
3594
4864
3603
4108
4328
3948
246
5250
1702
967
3981
4833
2530
5125
1003
4072
1957
3040
4880
4374
3376
776
3288
2860
4912
2762
4302
4456
3233
4582
752
2291
733
4624
4638
754
3500
3811
1354
2339
1980
2645
2751
1317
5102
3059
3124
1686
2872
2431
4238
4346
4745
1033
4680
686
846
1955
4075
4034
4337
4062
577
5228
4619
2973
790
5039
4490
2173
1609
1292
2830
2536
1087
4340
3175
3836
4676
1134
4356
180
801
159
5402
4854
4261
2668
1804
5144
4123
4564
4973
4330
3903
311
9
4702
317
2725
112
934
2531
5313
4667
1174
144
5263
315
3585
5332
4321
3894
4303
49
593
3960
363
4811
4602
2496
4548
2116
5126
1865
3600
1829
5297
791
2096
1090
523
384
5012
2095
4331
958
1413
1443
4589
2513
3875
1095
1356
397
4292
4925
3196
1238
1747
2834
162
3934
2080
4048
4893
3891
4079
2943
4728
4596
2771
1927
2169
4835
1907
4752
650
5233
5291
2694
1882
5169
2842
2182
5054
4221
2104
2468
1967
2152
4992
5173
2051
820
5351
2301
2804
1088
668
3343
3218
1753
5040
5315
3533
2425
2107
1061
1692
4475
1044
2596
2582
2612
3471
2160
3562
3101
5064
788
2774
2422
381
1221
4823
3284
2986
3410
1896
3129
4594
1862
2297
4843
1750
4780
4130
4253
91
2640
2300
2115
4921
226
642
95
4967
864
3695
2341
4960
2897
2946
5092
90
3655
1547
991
496
3829
1512
613
2498
5004
204
2908
1222
3848
26
5400
842
1213
4643
3940
45
5354
2257
1294
607
62
4539
5362
4658
1697
4947
3231
1101
2435
3820
2976
2293
3353
1489
4684
5187
3784
4137
3204
1680
3681
2486
2741
1185
2848
2907
3480
4660
3289
4436
1311
2663
4167
5176
3482
3779
2078
4154
1011
3415
1013
2646
3916
256
2854
4397
2997
3489
3423
1418
102
1519
4765
5157
732
313
615
2799
3453
1803
3508
4308
1979
442
375
4028
1985
3727
943
4721
5214
5367
1273
455
1349
329
1216
1917
5373
5195
1210
2040
3740
247
1054
5227
2925
4224
63
3478
2610
4801
1207
1574
910
81
2669
187
2119
1204
3038
4542
4500
4631
3782
4719
3440
2403
4262
877
2558
4996
353
4832
264
4945
1847
1528
1001
1938
976
5002
345
1458
213
2924
2030
1425
4117
4636
3839
4392
5182
2808
1410
1278
429
2942
3967
2560
2555
1551
4592
79
1416
1616
2102
1953
1715
3481
2568
729
856
5347
2581
655
3475
2659
4928
476
1823
3607
4045
3104
5320
2206
19
3896
2493
1554
1808
3989
869
2584
5196
3626
659
2105
881
3720
5205
3728
4307
2783
2972
1388
5338
786
1381
4749
1553
4409
3805
2589
71
5336
3454
1646
3096
2231
464
126
1130
1422
1576
638
3684
46
5376
4428
4899
2258
2334
960
4278
3042
243
1034
1621
4902
3963
2383
1729
807
5197
3581
454
2747
4963
4717
718
4207
2586
3438
3929
499
1451
800
1863
608
3955
3056
1779
2133
197
1208
2696
2904
70
4351
2259
1981
2049
324
1441
5085
4114
3707
4575
157
4035
706
2
5050
323
2415
5278
2738
3538
610
2215
4891
3208
3085
848
4705
4607
2315
4038
4739
2788
5163
1674
3058
2654
258
3099
3932
7
2679
5302
3300
238
4268
403
2753
809
52
823
458
1722
1507
3645
4916
3867
1555
3283
4826
1913
4663
520
707
4424
1391
396
2177
588
2480
2214
1615
344
1870
4214
1585
4159
4250
4192
3900
3950
810
2142
1045
2487
3071
1010
4460
4291
1343
3141
4549
4015
603
267
1760
5060
3609
3796
589
1946
2923
541
4987
1958
1901
1377
1844
904
2674
4216
4793
1009
744
3037
5077
4244
3182
2935
3568
4305
3451
586
4627
4177
3189
3572
3723
2062
5193
1166
3969
4683
1189
1310
5310
2092
5356
2248
627
378
2277
852
231
1791
5160
3670
1992
3790
2355
4031
3008
4057
992
4685
2706
1669
2729
2767
3087
625
3368
1136
5327
1179
4466
3044
2130
4279
4284
4664
4691
1217
2982
2016
4479
334
5391
5339
2569
1430
4881
5101
4204
4438
4651
161
4182
1494
2929
802
3983
93
3312
77
3332
1429
153
2139
2866
5151
3209
4063
1999
888
4287
3772
853
984
1407
4158
3354
3072
217
1195
2113
4362
4520
5138
4933
3975
719
2336
3749
566
2780
2891
5116
1974
3436
5220
3357
2627
3787
1198
3456
208
4536
5371
3379
3372
5071
4657
298
3833
2632
404
3970
3925
5149
4625
3064
4408
5162
260
1733
3998
3768
2384
388
3217
322
1738
1534
3431
5135
450
2850
3628
3263
3745
3041
3712
4818
1816
4675
203
4556
3305
3405
3798
2190
2651
5032
2065
1288
3350
900
3911
1748
3256
595
661
2962
3730
3994
2009
385
4007
2317
2846
4157
284
1612
1929
394
4877
1969
1181
4461
935
2280
648
5181
3926
1828
4435
2438
2166
