1823
3607
4045
3104
5320
2206
19
3896
2493
1554
1808
3989
869
2584
5196
3626
659
2105
881
3720
5205
3728
4307
2783
2972
1388
5338
786
1381
4749
1553
4409
3805
2589
71
5336
3454
1646
3096
2231
464
126
1130
1422
1576
638
3684
46
5376
4428
4899
2258
2334
960
4278
3042
243
1034
1621
4902
3963
2383
1729
807
5197
3581
454
2747
4963
4717
718
4207
2586
3438
3929
499
1451
800
1863
608
3955
3056
1779
2133
197
1208
2696
2904
70
4351
2259
1981
2049
324
1441
5085
4114
3707
4575
157
4035
706
2
5050
323
2415
5278
2738
3538
610
2215
4891
3208
3085
848
4705
4607
2315
4038
4739
2788
5163
1674
3058
2654
258
3099
3932
7
2679
5302
3300
238
4268
403
2753
809
52
823
458
1722
1507
3645
4916
3867
1555
3283
4826
1913
4663
520
707
4424
1391
396
2177
588
2480
2214
1615
344
1870
4214
1585
4159
4250
4192
3900
3950
810
2142
1045
2487
3071
1010
4460
4291
1343
3141
4549
4015
603
267
1760
5060
3609
3796
589
1946
2923
541
4987
1958
1901
1377
1844
904
2674
4216
4793
1009
744
3037
5077
4244
3182
2935
3568
4305
3451
586
4627
4177
3189
3572
3723
2062
5193
1166
3969
4683
1189
1310
5310
2092
5356
2248
627
378
2277
852
231
1791
5160
3670
1992
3790
2355
4031
3008
4057
992
4685
2706
1669
2729
2767
3087
625
3368
1136
5327
1179
4466
3044
2130
4279
4284
4664
4691
1217
2982
2016
4479
334
5391
5339
2569
1430
4881
5101
4204
4438
4651
161
4182
1494
2929
802
3983
93
3312
77
3332
1429
153
2139
2866
5151
3209
4063
1999
888
4287
3772
853
984
1407
4158
3354
3072
217
1195
2113
4362
4520
5138
4933
3975
719
2336
3749
566
2780
2891
5116
1974
3436
5220
3357
2627
3787
1198
3456
208
4536
5371
3379
3372
5071
4657
298
3833
2632
404
3970
3925
5149
4625
3064
4408
5162
260
1733
3998
3768
2384
388
3217
322
1738
1534
3431
5135
450
2850
3628
3263
3745
3041
3712
4818
1816
4675
203
4556
3305
3405
3798
2190
2651
5032
2065
1288
3350
900
3911
1748
3256
595
661
2962
3730
3994
2009
385
4007
2317
2846
4157
284
1612
1929
394
4877
1969
1181
4461
935
2280
648
5181
3926
1828
4435
2438
2166
