722
4120
1242
565
1180
4395
998
4314
1501
5118
3067
2890
4934
517
574
4374
3165
1841
1815
4035
2865
1922
2025
880
260
2205
849
1756
3225
4217
2135
2654
222
1881
3077
3875
2354
2575
57
4690
1306
5119
1906
2070
2756
5275
4625
4226
3969
1868
369
4740
4084
3548
770
226
4643
3855
2349
3506
4777
3454
3175
1685
1623
1770
4648
3442
277
4041
5003
3487
4171
867
3671
3216
5279
3960
3734
3689
3437
3266
4367
678
3650
3705
3885
1187
1338
2428
945
2754
1058
3447
4363
2677
140
1717
1597
5099
990
343
3131
1879
5347
855
3087
602
1529
4265
3434
3419
643
2035
3242
628
4270
2193
2617
289
3017
1870
2977
267
3315
2901
4548
3255
5122
3025
1193
2780
3710
3673
5311
3846
2291
2007
1510
1929
2313
2106
1549
3535
3602
2194
1282
2030
1834
4022
4074
5322
4737
566
4615
5314
4705
2294
641
4632
5286
724
677
2564
24
5358
2948
4316
3559
336
870
1377
696
4563
3814
3386
4396
916
1304
144
4842
3139
472
3907
2164
4439
1290
5001
3995
5283
5115
419
4843
2481
582
3405
4556
2182
2316
4755
2770
2250
2028
5392
3629
2105
1205
3213
1020
1856
5254
1933
4021
2265
198
2601
2893
4378
503
4636
4150
1219
4355
1764
2017
5072
1312
520
2214
54
2268
859
4804
1973
4833
1927
4463
5378
2509
3049
1044
1248
4127
4137
3515
4876
2635
4998
2644
5249
225
2208
4747
3286
58
2692
3803
4590
2968
1056
4628
5077
1707
3234
2553
3952
3298
2414
1524
3317
2513
4490
3940
3378
2003
230
1560
3861
2026
1174
1330
4926
2245
2724
2919
726
2561
2052
1287
2717
1571
218
347
893
651
1930
1642
3440
3808
461
3688
3107
2931
1942
4577
3549
3420
4139
5010
346
3344
93
1980
4575
1288
123
2551
2698
3048
5008
4497
3186
662
3966
761
5400
5253
5101
165
2707
3762
3322
1577
19
1773
4272
5371
229
2394
891
825
2967
1522
1
3037
1573
4702
4947
997
3985
1261
3018
2535
937
1557
2691
4144
4986
5131
3910
2113
629
4123
80
969
96
4754
988
85
4121
2495
306
2779
1426
694
5020
4018
3289
2810
2424
3733
1485
403
1763
4192
4286
4570
650
3921
675
4549
4913
4183
4315
4870
2607
2843
5277
190
3284
4440
2275
1317
1733
109
5271
97
4802
653
2782
532
4906
2671
924
3362
2128
1574
2971
1634
3368
4427
1450
4748
3714
3033
3577
1164
1987
1218
4654
1647
4757
4786
5191
4841
2973
5300
2956
349
1830
3725
1319
249
379
3827
5163
2504
3576
691
1598
3518
2571
2074
139
4049
1662
3380
5144
1618
4019
1473
414
4063
4918
2186
1844
1013
4325
2542
237
1724
3566
1903
5114
2239
747
2546
797
4720
365
1629
2966
1801
4759
3859
2461
3404
1203
2469
4685
4578
3900
2442
828
1944
5197
2404
3294
4542
4346
2634
3920
3832
285
3072
5005
1272
603
1983
4692
1167
3950
1351
2621
982
4096
2593
3524
2259
2657
4527
199
4338
4631
4796
4610
3308
1696
1976
440
4454
3474
3879
3783
238
3546
2741
2620
3678
5375
1395
337
1118
3740
2375
1339
1459
3086
1704
1391
2033
3359
993
2771
1699
5029
5024
3938
4160
4953
1511
3212
298
3079
3835
430
3422
4221
3068
1298
469
1448
3587
327
3656
2232
4146
2362
2377
2954
4945
3857
2807
1858
328
4194
2975
784
5054
768
4849
725
2898
5145
3341
1955
3273
1566
2382
5368
2514
3505
435
3937
3646
3251
4959
829
1641
2162
3470
787
4609
4698
4569
1725
2465
432
1989
3151
4106
4722
1981
3633
3948
4
348
4297
2963
1124
912
1233
3158
166
1257
3955
4360
4065
3096
2229
3913
1539
2670
4480
2841
2798
1999
1474
3485
4783
2512
82
3720
2466
711
4232
3043
1028
4099
2910
3390
1648
658
3285
2544
3599
294
4682
4718
1048
1407
193
4305
3274
4741
2820
1690
519
1199
2501
1920
433
1823
4045
3850
2231
2474
2685
1045
4572
863
3388
270
4994
4101
1829
689
5329
1283
5324
186
2430
5350
1709
4707
417
1023
3481
2436
4079
1386
5063
2281
2887
1403
926
4266
2168
380
4735
5071
895
3022
5206
1679
292
5373
3295
4899
4007
1467
79
1321
4124
151
1461
1161
2173
1333
1429
3161
3660
2868
256
1232
914
4366
2124
4508
1581
1436
3103
352
300
3929
4312
66
1877
76
1884
4607
4313
3400
2761
3176
4571
2609
4426
475
1954
994
5179
3931
4703
771
1575
2874
3062
709
617
1910
3963
3790
88
2871
3381
3825
4820
4202
2419
4895
2556
3579
4555
4281
2318
3728
2282
5093
5278
4758
3326
1923
3376
4946
5051
1620
5341
2935
4772
2611
329
266
1291
2181
3270
1613
3532
531
5027
368
2099
1665
3249
110
1716
1358
3530
796
3979
2545
50
1435
1744
4803
1179
2179
1277
595
2296
1600
2917
836
4481
2247
2970
2711
286
4611
4767
1637
2800
291
2733
2039
4177
1478
4404
4082
980
1885
3451
624
759
3230
3118
4411
959
906
3902
3865
1334
1579
805
529
3905
2547
2624
5136
3810
884
4469
415
1189
4904
4114
2372
3791
1249
1184
1787
5216
5100
2833
1943
3661
5
3649
4288
4799
4279
2006
2114
370
1458
1554
3852
1138
5017
601
1237
3452
1535
3873
3204
2409
664
657
445
1409
4928
5346
156
4832
1434
5065
1897
399
3164
3818
2468
4587
1136
4230
3964
4479
4185
5266
9
4301
1660
3778
1762
5097
2269
4389
4568
4434
545
5116
5365
4974
325
3874
896
3694
2154
3959
3749
179
4471
1097
4248
1310
2829
718
239
4846
5339
604
4135
214
1194
1165
5061
1155
3154
4283
4830
2328
616
3589
4358
4522
3647
3667
2150
1917
943
627
3268
2710
295
4129
1111
1142
4736
3177
2565
1650
