34
3674
1940
2813
2924
2095
801
5284
3883
2558
474
3124
4111
1608
4711
3930
5046
2934
2320
1807
1740
680
3677
5241
4976
5004
1828
5256
2862
422
3218
2793
4798
1993
361
168
4558
749
4874
2769
4379
598
1775
1657
5405
901
1464
4511
5056
2393
1584
4593
3069
2697
5109
2529
3536
4057
4276
715
2732
2060
2485
3496
4254
3144
4017
2082
3652
4848
1329
3779
1202
2930
3853
1453
3760
3203
1797
2293
1622
3916
4824
1427
4086
2990
1216
3915
2215
1418
549
259
2346
1009
4782
1527
2279
4554
1324
2454
195
4800
3542
2340
2762
3379
3343
506
4985
4418
3837
4201
3416
2342
3035
393
4992
4132
3581
1398
4683
45
4518
5330
2866
3541
625
339
3011
2347
4092
1019
631
420
1353
5372
3645
3557
1296
391
4133
607
188
5134
2916
5148
3809
4397
3708
1076
4971
4817
2500
4724
4181
2410
4774
4228
1525
5142
2475
4027
2134
182
1119
2155
116
4657
1972
2368
3036
3724
999
1547
4051
5036
4375
1540
3287
3727
3951
4486
131
4746
2471
5376
3893
2805
2584
2090
1883
1546
1774
4519
2540
817
3692
3690
5391
5246
872
569
1871
2537
3247
3500
4823
4768
1263
2045
5129
3786
1027
4412
2637
4753
3976
3695
5231
3377
2225
1419
4345
839
4673
4006
3181
5287
2005
538
3129
342
4424
512
2839
5269
2858
615
2651
3026
5228
3445
276
1499
3226
4828
4380
1148
2879
210
3580
1990
4911
3065
1230
183
2682
2379
5404
4638
1780
4054
456
683
4349
1255
4585
323
4274
381
1693
3611
3153
2889
835
939
4966
1880
2411
2087
3604
5210
4776
2790
1049
4937
3841
5033
4890
4651
252
404
2760
2048
1323
907
4559
750
1088
1134
5387
2612
2835
1921
3342
1963
3603
4881
4163
5121
755
3366
4940
1442
5125
4696
3462
3817
2483
3432
1113
3413
4601
2355
4441
996
1320
3190
497
1813
2633
2333
1952
178
3590
4493
4420
3892
4606
690
353
1271
2992
2329
4689
830
3754
547
1736
1341
3737
4557
2152
4322
5292
3468
4882
1029
2969
1117
2797
2913
4256
4118
3231
4813
1603
5048
1209
108
324
2925
543
4252
4916
4604
3906
1240
1101
1604
4795
181
2932
438
253
5236
2201
634
2413
2510
4538
3060
611
2712
490
550
3593
3752
589
4851
1183
293
1531
1715
4845
3187
3449
