4247
2064
1785
3340
3805
2123
2083
917
2840
826
4173
1799
111
1032
1586
1295
3473
5147
2941
1021
2336
3111
4743
3588
4113
3331
1614
2984
1946
1251
1969
211
4907
2784
4883
394
1083
1346
3489
4104
4271
2125
3477
1315
1810
4961
1024
795
387
4675
806
2679
72
1080
3210
1112
1842
2427
408
1838
2171
309
470
1593
4000
3503
4326
1893
844
3259
4337
5086
1552
3172
5172
2477
1530
164
1543
5108
5293
28
3539
4095
5058
3763
2131
5290
921
2731
2038
3307
551
3126
4520
3721
5310
681
316
3089
4669
898
3767
3145
318
852
3761
2163
3554
2068
3967
244
2566
964
4438
5117
1822
4931
4307
2888
4545
3391
1292
4295
1030
2389
4428
2170
4088
3012
1091
4972
846
4122
189
4169
2818
2367
3989
3092
1162
850
4532
92
723
1368
436
693
3232
4910
175
3980
2235
3236
1520
106
1041
3297
3806
579
4046
2111
1771
240
2002
2462
1675
3057
149
1505
194
3935
322
592
1985
2240
3202
1671
727
2803
973
3104
3567
2063
2359
4153
3450
1313
2907
4263
5247
3318
3387
4744
1301
5159
1465
1052
3997
2271
120
2516
2145
879
4787
2109
4644
3052
3039
2700
4943
2831
4547
5062
3336
1513
2554
462
936
5112
2314
4245
3971
4071
5050
1872
3325
4831
3423
3171
3207
1223
3698
640
803
2498
4524
1122
2727
3373
5139
4218
2104
518
185
2480
1901
915
4717
4624
5095
799
3738
1687
521
1273
4608
3121
1392
3120
3192
4825
580
2421
5327
3981
2578
3965
3309
2998
3071
1772
3744
3547
2434
3942
3352
911
1633
5057
5161
2061
1487
1293
2599
720
4168
1734
2335
84
2364
920
1381
2315
4246
540
4289
505
701
4646
4941
2518
5160
251
5238
1864
3613
5025
463
3407
2363
5070
2737
4905
2212
385
4812
3628
1750
3782
1521
568
118
4048
548
1853
1294
1314
2808
1994
1589
3348
1081
4498
1669
4324
3896
2262
3394
3544
1191
4016
3061
1379
4191
4432
3823
4356
4667
1456
2107
827
3149
4553
121
3081
3484
1206
4808
5183
1643
4678
3027
721
1259
5318
1904
451
4880
4208
1991
5321
5402
3288
599
2658
1221
4504
4862
4206
4078
2974
2084
1175
502
2110
3789
431
2053
4376
5383
3088
3922
3137
1466
4814
1302
5039
5285
2645
3134
1343
1712
2706
819
4142
2330
3141
308
3584
1745
1936
2238
3797
5395
1040
2583
4285
684
1116
1245
4619
4500
374
4399
2946
1149
402
2688
2280
243
1211
3998
3269
1646
3751
815
423
4873
162
1046
3095
224
3174
3669
1710
2369
1738
1769
1795
3830
903
1332
3128
3282
2175
2882
1489
287
688
3848
4694
4756
3600
2432
4561
4853
2102
522
2210
4630
4510
2842
2455
4372
3836
1859
1658
5030
4770
2491
1372
2431
1094
3623
1472
5177
4020
3439
2568
4605
1095
2416
3223
3707
3972
1284
509
3337
676
1229
2456
117
171
454
5067
4175
1824
5251
2001
317
3199
3917
4957
2097
3438
2801
5198
2054
2075
3545
2218
2312
1252
1755
4865
832
1222
5394
4681
4384
5168
2876
3833
4067
3328
1239
115
4205
3429
1562
3001
2674
2304
1412
2497
2588
1544
1103
3510
1344
2484
1649
3040
2166
2619
3327
1192
2527
3644
4119
4317
389
5217
510
4214
811
373
1034
5193
1578
4255
221
3746
2864
1475
360
1746
4302
4231
4275
3558
4189
3409
5344
1979
2266
476
1089
957
4975
1758
3898
3702
2071
1752
395
2345
2857
5079
3870
4032
3401
4162
457
1711
4298
1605
3564
3073
3973
528
2489
4917
3977
1062
201
1213
3009
4403
1401
4334
3133
4117
4914
2914
2983
219
5237
247
4582
261
1809
2325
3687
4672
3446
2591
3770
5016
1684
1106
4637
5045
2908
555
1110
1894
4303
191
1114
2515
1977
756
890
3031
5274
3029
1350
2305
426
802
3483
3479
2253
3431
665
3122
5204
1545
1625
4004
449
777
1523
4407
931
5268
5398
1010
161
3097
1337
613
2549
2683
4467
5132
2734
908
4219
4473
340
775
4342
1438
2278
2022
1818
965
372
3324
4002
3188
2132
4560
2663
10
297
3562
1957
3550
1074
983
4591
751
3180
4318
4652
5309
3130
1181
4811
2446
4415
4236
1849
1925
3159
3047
5138
2058
3045
667
4200
5328
3821
356
479
1909
5312
232
3774
1224
789
833
2766
4244
2695
1932
1373
388
4983
4997
3933
1421
3813
4455
1533
4223
646
1396
3290
3430
1504
4789
854
2184
1804
1177
563
4738
1496
866
781
1792
5091
2708
1676
2816
4136
1889
3101
3191
5225
160
2037
5174
4336
1264
3863
2433
2582
2572
704
5055
2886
3878
4603
4339
758
254
3370
2478
3100
2458
5182
4249
3894
5052
1036
4103
1069
511
1664
3314
3758
3417
3279
5307
3919
3205
2337
187
4734
2141
3194
5021
3375
1336
3292
3992
12
4962
52
1217
3796
3670
359
5089
656
3696
1266
3168
2594
4207
4393
63
587
3179
2938
4165
148
3794
1182
3125
1728
4329
1490
2795
3792
1105
4640
2747
5270
783
2964
2623
3480
5272
5150
3265
4222
877
5360
48
5146
2989
3013
1440
4691
2944
2288
392
4116
2008
5080
738
2270
4251
5317
4676
1558
2272
448
1606
3264
2959
1070
496
4929
3418
1359
4924
3844
2850
4062
652
1127
934
3493
4686
810
1015
2579
1941
1303
4978
3881
851
2133
593
3769
1278
2922
16
4699
5011
1378
2507
1966
307
262
1481
424
4091
5127
3582
4319
816
1006
5073
1267
5113
362
5248
3385
1399
3768
4714
5382
3050
596
3293
3801
4257
1366
3954
2511
3988
933
3718
4478
5229
2636
633
1067
2656
3912
3798
1793
757
705
2117
637
1195
2140
4328
4343
1281
2794
3228
4526
1974
923
670
1408
948
1133
1060
216
3586
3918
4954
450
979
3363
1348
729
4435
