254
2963
907
831
4235
5013
4107
421
4710
2134
2531
2640
512
1576
2466
3313
109
4104
2266
1220
83
958
126
1250
5224
4012
3156
1583
2864
3142
3190
1221
2482
1660
115
2060
2269
2958
3894
619
1098
4622
3919
505
4538
3411
69
2992
2208
4367
4188
3619
3394
3488
3153
4667
1833
5031
3117
4407
4276
4437
1336
2152
1781
1307
4677
31
2094
748
5038
4138
5190
1304
1544
5349
172
3302
4980
4246
4508
3861
4435
3931
4689
2878
3272
1423
4800
5392
1832
96
3685
765
703
1438
2511
1966
4738
3533
2594
5322
3372
2323
1060
5340
5019
5085
20
4595
2313
1948
2641
4042
5314
4425
517
964
1226
3310
3075
5191
5291
4122
5356
1685
5293
4010
1991
1406
2908
2440
1026
3003
2481
1456
5373
278
176
4959
2638
5255
5287
4930
1493
4014
4001
4694
2121
1605
4264
2176
1859
2955
5098
3235
198
3457
2221
5397
1927
564
1963
2430
231
792
4987
578
2935
1136
4708
55
597
39
1787
5319
3395
4564
968
3054
4519
2717
589
4632
1914
366
2821
1289
587
2547
4928
4575
3061
4879
1950
737
5102
1211
4277
4040
1274
3536
4251
1915
4960
3530
4707
4080
679
3880
411
3858
510
5015
5309
2708
1658
3528
4913
5010
1791
5132
4201
4180
4944
1855
393
4824
1270
1875
4546
4224
648
2656
474
1288
513
2789
1803
1628
5308
3684
3443
4924
897
2340
1164
2825
1179
3769
2250
724
3111
4529
983
1555
1483
3422
1245
1709
4428
3863
1391
2973
2207
4498
2333
504
5348
2735
1449
1256
1794
3012
3425
5011
1844
452
182
3005
4767
422
2617
4875
2226
900
929
2271
4653
4070
837
2605
3019
5243
546
65
3426
947
3427
2102
4569
2962
3774
4209
295
3966
3358
3557
2413
1735
664
753
1072
7
2905
5155
1048
2694
2861
745
4953
1574
2507
2856
1964
1302
4366
543
4213
4916
2692
4197
2655
3767
5176
1693
3185
3985
4328
1070
3067
417
4119
2763
1662
1420
3807
4811
1588
456
1037
3201
5385
2994
4838
272
4199
503
1370
3062
662
2360
4852
701
458
537
5018
3922
4507
572
3502
3946
1679
3340
5
1724
1715
2225
4447
1618
1757
2384
3318
704
3119
305
982
2820
1011
2926
804
5060
4219
508
2604
154
10
358
4191
805
3929
1014
672
1606
2220
2236
2563
1998
343
1205
1114
2770
1175
4808
2658
307
2217
2684
3815
4274
699
2551
194
153
4008
3692
2634
1402
2002
5404
4846
2536
3468
2428
4794
2934
496
4996
889
4025
2256
1823
3740
3761
1782
5096
2989
5399
5402
3928
3040
3660
3481
2743
4320
1018
1967
1069
3489
3087
4491
1689
3463
4695
3126
4910
3754
4183
383
3327
1042
5097
2259
658
4332
1821
1579
339
4390
1716
59
5081
4148
131
5139
217
583
4261
3258
2235
3843
4747
2356
1291
2031
1003
4631
4807
4153
2319
3444
645
492
2927
1783
4022
4152
3158
4822
1892
15
3343
1765
3161
1317
4585
3750
4713
1191
1475
106
821
1750
1533
4405
2346
853
1539
2903
739
2243
943
918
17
57
1008
1680
3450
1674
2774
2078
94
903
795
1997
785
2888
2211
993
2114
742
4512
4825
2980
3979
380
3981
3585
3542
4237
1778
1902
5315
3923
675
3795
585
1584
3856
2120
5202
4272
1066
2091
3637
181
5156
3555
2153
707
5033
1489
3988
3080
4855
1152
2312
2251
4858
643
1540
803
1007
1249
4690
4504
2212
996
4553
3173
2553
2760
1004
4359
653
896
3186
374
3311
670
5204
4315
4003
4057
2957
4492
3195
1756
1763
13
4268
2260
3018
1002
631
3773
86
2189
1171
879
1942
81
4701
3951
1730
1380
690
871
3809
1189
344
717
2325
2928
1904
4878
2366
4302
1479
68
1464
991
2216
2262
1497
3927
2247
1310
44
3865
460
4163
2746
2609
1039
4828
3069
1912
4753
1092
981
5045
3930
4284
4298
4477
2523
1338
3164
3657
2904
4577
685
170
3695
5280
171
3674
1138
873
5047
1353
2939
762
4629
1019
1219
3043
5265
3680
3866
2459
4837
2483
1829
1494
4971
5076
4398
514
890
518
712
2691
3484
459
3906
556
1247
4816
2842
3049
2166
497
4964
3789
2409
4467
1309
2350
3305
4444
4714
984
3296
2006
3282
4555
4674
3290
3148
544
2231
1145
4948
1602
3316
3587
4493
3331
542
1044
1106
4891
872
671
945
3677
725
1634
4005
5382
2801
5290
1654
4591
3903
1924
2013
1485
819
1264
3784
1396
2847
2345
475
551
1786
2222
1861
1134
1740
4424
1474
1889
335
3514
926
2255
273
1255
2990
1363
1342
1780
666
3855
864
1484
3236
345
2425
4619
1652
3196
2464
2671
802
1877
183
3377
4431
1446
165
2996
3573
5387
3884
2960
1242
1988
2164
4388
1244
908
830
3306
5266
4709
2234
1399
2599
2182
2596
2117
1314
622
2798
2625
429
3146
693
454
2808
794
2119
2925
1121
3562
2876
755
734
4917
90
4739
3654
3581
3458
515
37
4114
4534
3354
2871
3383
965
2724
4072
1162
4145
2246
3257
4487
1235
582
107
1596
371
4583
1994
431
1400
1826
2706
5184
2461
4034
2948
4568
1323
4354
4288
3010
1951
5167
1203
3605
3689
3350
1943
3057
5311
1472
3764
3972
4609
4404
2003
4647
2846
1418
1188
60
4376
1410
1360
2086
2614
190
1282
3378
1512
303
4582
1908
815
2707
3741
5025
2046
206
4228
4600
4665
760
4547
4965
355
1958
2509
2812
2947
1788
3076
3308
3522
3319
560
1325
4562
2688
5037
4165
4162
3281
5048
784
2362
579
586
3535
233
173
955
827
3968
3785
392
4053
4788
4903
611
3222
3552
3248
4723
5016
2016
3826
3228
76
270
777
1688
4314
2607
1565
2663
2968
719
3429
3470
1632
1101
2575
2123
4687
1168
2022
