892
2399
367
2411
1506
1278
1801
1238
686
5198
2076
5248
253
4177
3609
236
425
4203
123
502
5304
657
4452
4195
2930
570
5189
4067
2981
5252
2077
4772
2940
5219
905
4212
3073
2765
4169
3527
1878
4793
1530
1443
2163
2292
1050
1999
4599
2824
2075
2146
330
1397
4633
3832
117
2432
5368
3436
526
1663
1537
2978
4847
3783
1390
4336
1982
3360
4125
1158
3060
2240
2773
156
4570
2672
5002
3561
3828
3107
1341
3778
638
909
3590
688
3023
3083
1490
3920
306
580
1028
5394
3625
1061
4956
2720
4727
5063
5166
4200
160
4856
4796
1852
2380
533
3727
3459
4649
917
4744
79
3385
635
781
1736
3278
4539
329
3737
1294
4909
625
5235
4414
3112
4372
4465
409
1670
5160
4832
2977
4175
5361
1869
1196
4248
2457
3307
470
735
3540
1043
3543
1755
2781
3912
1159
1218
5035
1324
3642
5301
1866
4961
3534
4044
2730
832
1271
1627
4211
269
2525
1210
2328
2168
4379
2885
4171
1017
1067
3084
673
3874
3432
5230
634
1082
2443
4279
3328
786
1355
3982
5289
3384
3829
1841
5210
5268
761
2303
3524
1444
5066
1865
3635
3971
3765
2005
2348
2417
1779
2453
2351
93
4059
4045
4806
641
3747
1112
2793
1691
3576
4531
3393
14
1613
562
1638
3593
2122
185
4728
3421
4704
2703
5072
66
4922
2470
414
1407
5320
4675
2198
1520
539
5283
534
390
3782
2674
3114
2391
2513
3568
4463
121
2029
3348
4389
3600
1931
3984
2784
1720
520
2510
1427
2831
41
884
1975
4339
4278
833
2675
3314
4031
2034
3793
2341
3241
1439
5238
1132
5113
3022
986
1488
2048
275
3180
291
4078
4639
408
628
5044
4542
759
663
3044
3055
415
4999
3818
2550
1128
2294
4642
3412
244
2597
3098
2776
3453
1811
4454
4056
1916
1631
4215
4238
4088
2736
4617
2618
321
1459
1610
2986
4820
2103
2852
3402
1146
3207
652
82
1482
4004
5227
975
313
3857
2410
1666
3009
427
1065
5006
2142
4218
4746
142
1762
4134
3219
3603
5159
3851
2052
5180
5218
3798
3035
4748
410
3374
3824
1056
2306
3633
3373
4784
2310
1795
5271
3108
4656
1524
215
881
2308
3694
2196
680
3388
4419
2687
1534
3423
868
5116
2104
43
2045
3811
3163
3135
2131
936
2450
1498
5070
147
1319
49
1792
5005
2442
1347
2317
3155
5338
1659
436
5386
599
3371
3647
2646
2933
145
1956
1217
2385
4157
4839
2819
2389
118
3639
1698
3167
111
113
729
418
656
2476
661
1214
4946
3953
2452
1064
130
2676
870
4377
722
3664
3661
5395
875
4110
2178
4770
99
2316
3837
3969
2485
2435
696
1284
332
4027
4981
3116
4357
3640
1216
3504
728
5175
2148
1959
1985
2580
1906
697
4574
3599
353
2998
5323
1843
134
5316
4949
1182
842
750
3309
3152
3686
1577
3162
222
1124
2484
445
2085
1273
2330
3835
3819
426
1766
127
576
5325
1769
2185
468
2799
3690
2715
5137
3279
3711
3194
4046
1571
3659
1086
4611
3363
2063
4079
2437
2320
4501
359
3617
3889
4383
3326
1620
331
980
3047
2860
705
1305
4774
4883
4393
1896
3462
3583
1460
486
2733
1046
2552
791
988
338
4095
4189
4840
3779
2540
3531
2844
3578
238
1266
2210
2518
1343
4943
3063
1322
2813
4181
4082
2697
2126
3992
1228
75
633
3021
302
1771
175
1753
169
1737
3915
1776
2261
381
844
3993
979
2025
4488
3726
3507
1856
2502
678
778
2696
846
4108
2870
3317
581
2936
2572
4097
555
1925
196
5307
4834
3249
246
1428
616
3934
806
1858
2545
1952
3039
1100
3691
3803
2098
4645
3768
453
1968
1523
946
3986
3483
2881
4047
3991
687
1807
1404
4241
4362
5199
942
1653
4456
192
1372
1116
939
4345
961
3072
1265
4085
1701
261
4127
4308
3215
4029
2944
258
4716
4787
2445
4842
4608
2896
2009
4257
527
3879
4634
5337
4170
4818
550
4049
2766
3053
4178
2560
4285
3949
3137
2562
919
928
3569
3208
3397
2832
2660
2802
2032
389
1359
1669
2915
2404
3200
2534
1699
4244
1135
3970
3454
863
1109
5103
3261
2956
999
2816
649
12
3191
292
2629
4253
4905
4607
2771
4374
4540
2979
3088
5377
2902
2193
209
4997
3224
710
2105
163
4830
4337
2229
2590
2985
2322
3491
342
3461
1835
3467
2649
3165
2835
4469
3548
1379
3580
776
1953
1557
4325
2961
2145
1477
3973
706
2678
3679
4750
4638
711
4052
4915
2693
1496
4544
1462
2751
528
1895
3521
2901
5376
4635
4021
3284
4395
250
1139
3192
498
2764
3359
120
77
1804
48
139
3226
4378
1543
3926
2281
1731
4229
1917
5118
4641
2242
3492
4273
1531
4384
862
1933
2602
4615
2392
1102
727
4804
2017
3396
2487
4084
4844
3790
584
2206
2718
2543
1432
2000
3405
341
5312
3736
957
1828
1684
5372
2349
137
252
4434
2358
4043
3209
867
2402
4147
1612
1299
1775
660
1743
3485
2321
5185
362
1545
4938
1611
2997
4489
4262
3841
4036
3914
2909
4270
3870
1332
620
2791
5343
5229
1713
299
310
3925
4187
2535
972
916
1206
4510
2780
2527
4809
4061
828
4116
4602
644
3332
1035
859
2331
4135
1642
3859
3051
4779
129
4605
3294
1412
911
3431
4702
1376
4712
1817
4103
369
5100
3777
5201
1183
3407
444
2165
4426
595
2304
1013
2644
285
2101
1283
1351
3233
5026
4121
1656
4785
4972
860
3037
3353
4812
2179
3171
3800
3095
775
3523
5390
1137
1021
3497
1993
812
2473
2544
2508
2521
3997
1880
1603
337
3917
2479
3501
5239
5017
1556
1813
5163
1639
1517
4860
155
1805
4908
2866
3477
4331
35
4610
3231
3217
1398
4741
478
3175
2455
2929
3178
4051
5273
3034
