4986
4866
4827
1846
5357
3882
4351
226
4831
1440
1992
4287
2621
1901
2289
3151
3515
3582
1454
2162
2913
5331
4775
164
850
4620
5129
2379
4255
1286
3376
1425
4963
2943
4466
4432
1068
3169
2950
490
3710
3771
808
4841
2632
1521
813
288
3144
2568
883
1946
4387
2073
4717
1163
430
3438
3518
4851
228
3352
2037
4370
3519
3751
2140
1408
1965
2953
2423
1105
2347
2468
3304
2983
767
4344
3707
449
4151
3237
177
3268
4290
4291
2917
3045
3935
4239
304
3339
3065
3121
1077
2036
2397
2975
151
617
3104
4506
1673
848
491
639
1058
4861
4898
4438
2698
1426
187
636
447
5028
1059
1383
1675
1936
2839
4663
3474
3312
1507
1723
2408
3157
4845
733
3611
2111
3315
24
2790
2514
4497
3612
100
2270
4403
242
1550
146
2471
4557
1838
1559
4408
4923
3529
3493
4386
265
2945
3130
1668
3546
3940
4071
3854
2156
4282
4099
3957
119
4983
2241
4392
3563
1816
4092
2834
4216
2171
63
4886
4563
3498
3816
2686
3451
2818
4697
5131
1349
3298
3286
4777
2837
4069
1180
3532
4280
2137
5226
1005
626
2938
4762
3731
3517
1023
1233
3136
4496
2768
3389
3289
1202
2591
764
1177
3113
4089
1115
3683
280
4906
437
1417
615
1148
4821
3697
3787
5400
4037
128
4644
3537
4369
2173
2783
2506
1616
3351
4373
2209
4495
2747
5007
2159
2372
2099
2850
4737
1761
3646
4066
1785
1635
1681
1466
849
798
3834
2937
2467
2661
3211
5082
2894
1388
2732
530
199
954
87
1429
3250
3015
2237
1263
3033
915
5272
1405
4375
2472
4453
4887
148
2741
2387
5381
2456
4654
3766
1344
3197
1181
462
2449
5237
4112
4802
5379
1563
4423
4473
3030
3440
4381
2895
5014
4548
1500
1921
1853
931
4449
184
3678
2624
3349
4356
4443
2633
5362
2357
4621
1640
2030
5318
4048
2712
3078
1473
1678
5297
1296
3460
4734
4989
2254
1884
1935
3932
1831
2066
3189
2298
4055
5232
2900
1227
5211
1392
834
4761
1422
1433
4817
4954
4017
434
3410
2557
1745
4019
466
1872
377
3122
1749
1389
5029
2716
554
1774
3150
1126
2177
404
4182
2252
898
1467
1836
3291
2592
1367
2748
5135
1261
4429
4323
4185
2666
1331
1692
4000
3513
300
807
2318
2342
5299
2689
2224
974
3938
2520
370
4139
2787
5041
1860
3124
3166
5068
891
4499
1696
3833
2731
4863
88
2008
5295
2299
3656
3478
3276
1000
3406
2023
3042
3435
3337
1547
1739
2061
2740
2573
1700
3538
612
5263
4448
124
1292
3618
816
1754
1424
557
1176
2125
423
4442
2353
3325
5153
47
2578
230
4612
348
56
1071
2587
2738
5172
1356
2344
3093
3653
2993
2414
4952
3500
1760
1648
713
5284
5169
2132
4363
2857
5122
4759
4769
3213
4358
5164
3025
2595
455
3391
1374
829
667
3329
489
2275
3632
4297
4460
4524
3182
1989
3499
851
1313
2444
1508
2584
3475
4892
279
2723
2581
2286
3026
3791
2558
3850
4921
3447
3886
2685
1225
5161
1529
467
5110
5251
4220
2611
1463
3941
2539
1229
3554
1962
736
1777
1932
4333
2714
1197
140
3050
5057
1327
4941
2047
676
1154
4592
4296
4899
2223
193
914
4536
743
322
4968
1589
4154
4126
1572
1525
2127
3965
2439
178
5274
260
3252
5371
5217
424
4558
4937
3000
1385
2882
1364
2488
3245
2892
2092
3682
2899
1581
3792
3013
2848
67
3797
4934
4023
3277
3446
959
3722
1503
608
5378
4752
4236
3506
4062
241
161
5192
5321
913
5333
1020
4521
2579
5380
4895
3896
2805
820
4136
5105
4862
1029
2586
3733
2574
1558
2405
4729
3718
3888
4854
395
3916
3822
1704
2043
150
4174
5317
287
516
5310
2113
197
1587
2426
1601
1609
976
312
237
316
2589
4573
277
5302
694
683
2639
3225
2585
1
1947
1830
5282
4901
2974
2841
1887
4757
2967
5344
521
1457
4966
3089
2886
3490
966
180
3368
600
1937
3027
386
3638
4470
2424
4382
2517
2982
3901
874
4870
4329
4936
2729
2761
73
3667
36
2796
2851
3671
5339
1748
3658
5119
5369
325
4350
2400
2912
4015
326
4940
2343
1085
4128
3028
5126
1052
1629
1038
3264
4173
1554
1676
1451
1276
317
3476
4749
4773
356
3380
3823
5384
1972
2337
992
2188
2654
4666
405
3448
3539
1174
4724
1876
2291
3280
495
3728
4267
5061
3469
2192
3441
2873
3989
1352
818
2489
3285
1987
212
2648
465
801
1285
2277
2670
4330
1514
2129
5262
950
3375
3614
3255
3760
4554
4176
1812
105
1891
3860
4706
4991
1582
1153
213
25
1027
3115
5313
203
1970
1393
4740
4446
4476
2959
4543
4132
2631
5087
4628
1169
956
3975
2642
1333
4652
1784
621
4919
893
774
4341
3041
471
289
4396
2141
5292
3604
1119
3974
2436
144
865
4247
5157
2149
869
4561
2151
4664
4299
3983
4166
823
1133
1604
1643
637
3699
340
3066
5141
4566
3204
2701
1615
2253
1986
1081
522
3059
4588
4927
3849
2932
2830
499
4327
4933
1894
2233
3011
4102
4301
1893
4565
58
746
149
1941
1006
1330
3999
1194
1504
166
3472
744
4371
4002
1441
3641
4882
5197
5133
52
3813
399
216
1879
1254
2636
1645
2582
3370
3029
2946
2757
2181
284
3752
747
552
2797
3887
4699
1815
2863
1568
1236
2361
4028
5360
4490
191
826
1712
3266
2093
4530
4075
3482
320
858
2186
1166
3954
4074
2576
5358
91
1905
2367
1384
3046
3218
2377
4058
4266
1814
1127
1849
3721
2109
4164
3541
535
4594
3456
268
5134
1759
3064
5303
4385
5089
1898
1687
4223
0
3387
5073
334
4672
2090
4630
2872
2814
3898
2128
538
4412
2071
5046
5051
2673
1113
2987
133
3056
4394
1095
4969
102
5267
3961
