4471
558
1607
4836
2050
3749
2492
4210
1267
1840
1882
695
4086
1207
3902
112
4670
2230
4120
5347
3732
4893
3808
1195
3812
5124
1234
3110
1297
4691
4693
2095
574
4073
2374
4951
545
2601
1306
2265
4962
2018
4269
3101
2096
2232
95
507
1971
4733
4307
3852
2332
4481
2070
3183
822
2338
2097
4896
3274
108
3267
2280
64
1001
2833
1578
3321
5178
2608
5064
4167
3203
1144
4321
2263
1230
2305
2007
229
3978
4090
5146
1874
4202
2739
1570
1665
4016
4655
4113
1062
602
5101
4118
488
3840
1595
3092
3138
2135
4819
5012
3869
29
2725
4880
3652
4505
5351
4207
2431
2949
143
573
1621
3672
1320
33
4144
4581
3939
3649
2880
1033
4978
3663
5261
2759
1316
368
4911
990
3445
2191
1290
4483
3670
403
225
553
2359
5138
2772
2726
3227
650
30
1275
2941
5049
4970
2382
997
2555
912
1198
3709
2890
3959
5345
4725
4587
2549
3846
1192
1212
1711
4041
2682
3584
934
1165
2282
116
2396
1799
3801
3455
3592
4324
333
5363
2205
28
5058
2422
3755
373
910
646
4518
2966
1848
5099
2055
4873
2087
2501
1201
4100
1411
5127
3413
2307
606
2058
4159
1415
1187
932
4208
751
3416
1492
4669
2458
2859
3817
1362
4810
3471
5222
3735
1012
655
1996
3900
4035
3545
243
989
3607
730
4254
1535
1842
3232
2916
1469
1797
536
1857
3942
4289
930
2564
4259
3596
2681
2412
2
1862
1140
2150
3706
379
4006
3205
2954
4559
1178
4033
3430
3921
3132
3244
3781
1722
4681
257
4240
3556
5207
2810
5375
754
1084
5245
3666
1468
1752
933
448
2369
3875
1300
3838
2167
5125
3038
3212
3745
1209
3251
723
3398
274
3622
2710
2538
2100
4400
2433
2767
925
1334
4146
4678
2613
970
1984
1655
4360
2279
3899
1519
1110
5032
2373
224
472
1445
4601
2645
1403
1057
1741
2244
2619
1976
4881
4771
3270
1215
1983
2139
2044
5090
3109
773
401
1647
2920
501
2690
3703
2427
689
1920
3644
2778
5023
3702
1377
3174
2845
480
2877
4355
752
5389
1104
2115
2143
5258
2218
3082
5024
1944
2160
1450
941
1185
3214
3510
4143
4205
450
3673
4668
4106
5062
4233
259
1718
2267
220
4458
4755
4751
4661
1149
4340
1437
1714
3032
1382
3341
1800
771
3288
5341
2290
1170
2001
27
2626
2887
4364
824
2971
4993
3386
5043
3139
5188
4935
1032
5383
2524
4421
1361
2627
5246
973
1293
1522
3634
1009
4932
1661
4556
4780
3799
1881
4730
1827
3159
1131
200
391
3193
782
2533
5181
4859
2849
4718
1279
3168
308
5332
1151
2394
668
1515
4030
4869
1978
714
16
4603
2204
531
1624
5234
4682
1686
3586
4914
2199
5088
4648
3234
2375
2042
565
901
4352
5223
1318
1156
432
2355
2623
5050
1078
4673
3081
1129
4399
5054
336
3001
494
384
1232
3246
1926
1458
5256
3269
3263
838
2786
2364
2064
1172
5241
2147
294
568
4316
674
592
757
2158
878
3544
1591
297
691
3681
4441
716
4130
4876
4309
1980
4711
3558
2184
1822
5170
3275
2779
5065
3434
1231
2969
2438
4604
3058
1671
5084
1623
138
1161
4214
3503
814
4579
5092
1886
1733
84
4731
5253
5000
1487
5174
4032
360
3420
506
3675
4684
1248
2919
2826
3210
4754
5083
235
3133
2931
895
208
5306
1695
1295
3892
1954
482
4459
4692
4124
4338
4703
1729
2089
3392
4445
2970
1651
2314
2081
2065
3700
372
817
3379
3145
3905
1442
1526
283
5225
1329
1641
451
4283
2051
2155
721
4867
1911
4462
840
2368
5359
810
2496
1087
2297
2004
3129
5086
4865
256
413
1928
5352
2038
962
3907
5107
3570
1913
780
4535
4295
5257
5150
5288
1597
2133
2144
3400
1564
3505
2276
3297
2138
309
1633
1041
3952
3891
2804
1513
2734
4778
2635
2084
2315
3825
1143
5021
4736
1094
5173
1586
2454
1707
3758
2705
4947
5171
3
3594
577
3770
3606
3020
464
54
5187
3433
500
855
267
428
3712
1649
4868
1538
1501
2172
248
4590
3287
4586
210
2477
4486
3572
3070
3409
2056
5205
2378
1461
5034
4801
2709
1820
110
2339
1561
3404
623
2475
5022
5053
921
1562
2952
476
3848
3369
311
5075
1885
1918
2532
3143
1224
179
1435
2695
4967
2893
902
2381
234
2809
3804
2593
2744
3176
3814
1118
2106
525
4347
281
1897
4742
1301
2571
1346
3613
2838
3713
1747
2874
3547
4685
1190
960
632
2807
3495
2669
640
3616
3102
5143
4526
4783
375
4618
2529
566
1834
3648
4292
4038
567
3179
2336
598
4503
2245
4026
995
1436
977
2758
1434
922
5151
350
1608
2942
571
3336
5036
3334
3322
927
4457
3220
1961
4258
349
1636
3871
1387
9
4696
3079
3565
1839
1890
5003
3908
3086
2665
1160
5335
1125
1790
1053
532
3439
4230
1240
886
4196
3292
5165
2390
4416
3744
4129
1184
4745
296
1824
3788
590
3780
523
3669
4020
594
3571
2662
4281
5052
788
3127
1945
994
740
1990
1047
85
4549
4726
4326
1213
4514
3418
4902
1546
1186
2827
2699
1340
5398
1808
4204
1810
5353
1055
4310
1409
3595
2700
5115
5254
1024
2040
89
1626
4484
3365
4311
3512
3401
2868
290
2228
3918
1074
1934
2924
2713
2273
2972
2788
4232
1527
726
1772
80
4957
5117
1683
1573
4334
1809
400
2383
4974
604
2080
2637
559
3299
2803
3437
3414
1773
1204
3017
1368
1049
1262
601
630
4109
271
2530
3885
1888
4904
2795
1257
708
2782
3100
3610
365
951
4413
591
3853
477
40
439
3123
1957
971
1147
1617
2371
1981
4552
2019
4009
1252
2561
4637
2750
5330
3345
1414
3881
3847
563
419
2829
1471
1287
1312
1173
4472
2446
4995
3762
629
3330
3106
201
