1011
3398
1610
2426
4773
4222
2740
1661
1856
3855
3860
2476
954
4233
830
3418
4351
5224
4111
584
1631
3091
3412
2714
2612
2432
5142
4683
3347
2670
1208
3603
547
1902
175
4622
1963
468
171
3956
284
864
101
316
3413
3812
1129
3989
4735
2783
3794
4757
3172
3975
1350
2537
4178
3976
2393
1737
2738
4272
3128
4275
3288
4341
3927
3209
2103
4449
1562
5113
1000
2634
1982
1510
2435
60
4506
2723
2779
1172
4566
2732
991
487
199
535
253
3022
4876
2546
361
3363
342
3002
5339
2987
1604
4030
4838
1952
564
766
4526
2202
4968
3419
2768
4455
3977
5346
2443
4090
1978
4279
1013
2402
5112
2925
518
5190
3840
4265
728
3081
3495
5371
1087
703
1171
2195
3965
832
4600
3658
471
4514
475
4374
5153
4911
2270
1141
1919
3507
2807
610
2399
622
2545
1927
631
2419
1673
2971
1382
3199
3874
4704
1875
423
1341
263
158
5088
5321
2236
5022
925
3947
1607
5310
600
2788
1108
4467
683
4207
3904
2123
2734
3532
2638
296
4605
4502
396
322
767
5382
3710
3426
3892
2931
4225
3401
915
3960
590
5376
3434
659
1314
403
3335
724
3594
2649
3558
4298
1909
3248
3452
2112
1138
3837
1467
3556
2992
2363
1940
460
5244
2190
5033
3024
1039
4518
2055
1847
1359
2098
4420
3327
5036
55
4729
5005
2196
1582
4572
3641
4036
3438
3896
2300
3086
1413
1036
782
4965
3015
4339
241
3723
1694
2716
5215
4501
4308
1281
4955
3916
4311
1095
3880
2836
2252
2111
3961
1089
5085
1198
4165
5197
3528
4820
667
2857
4070
154
1967
5349
4559
655
2519
3984
2824
132
2438
2811
5241
2529
2897
4065
2310
5261
2960
3698
5214
1710
3557
4103
3143
5157
1936
2593
384
4628
4788
2268
5167
4130
1123
2381
720
4329
5058
232
1827
1656
751
2528
984
39
3847
2428
2335
3117
52
2247
3540
4930
1783
4196
4212
493
4447
3584
3750
1373
4557
1317
4127
3276
4509
4698
1764
5039
5386
4433
1076
1849
3531
2920
3109
4033
4897
3084
4641
165
1762
3859
4499
5100
831
4642
565
4966
761
1539
3657
1185
5315
5217
3733
791
82
2968
3692
4451
4884
1948
24
4896
2074
2218
243
3990
3488
3476
2786
576
3400
1507
3158
5223
3509
4334
3546
1641
4882
2087
3886
5053
4863
4338
2972
3181
1628
4858
128
5345
4805
922
2410
2320
3068
2571
3436
4831
3225
4288
1996
2951
1558
1152
987
2928
3772
4834
529
3974
4213
4877
3338
2962
3690
5399
3550
3243
3674
2812
1092
3309
956
1734
462
2066
480
783
5329
4246
930
4475
1387
2733
5385
3126
102
1062
5183
4906
4364
315
722
1634
4003
2152
4864
4666
2914
4438
4413
4932
515
4296
5002
789
5355
4390
4080
5364
719
1808
4535
5225
1351
2527
1618
421
4062
4947
3738
2032
3807
1758
309
2086
1614
141
3547
2052
2479
179
1861
3115
5269
4102
3369
4193
1405
2985
3981
5155
266
1987
1525
258
910
1348
3806
2534
3188
1573
3679
1278
1730
4522
1484
3229
3138
1929
2806
1680
2117
386
2065
4024
2154
867
2266
2029
3835
3622
2318
4254
445
3691
1988
2769
1954
965
2153
5233
1515
2204
2205
3354
2054
4208
758
1496
3344
2741
1007
2743
5004
3587
5160
75
4269
5253
4015
5166
5096
2708
2633
3830
2878
121
1226
1785
1860
2289
2451
123
85
5067
1424
2478
797
4132
277
1852
1307
1648
2763
3969
3742
3471
563
4037
4669
5284
5028
3125
4058
2770
2455
4170
71
9
5173
242
4309
2096
501
2688
2056
3402
1034
2063
2360
2511
2865
3715
4607
347
1960
57
22
3598
944
4257
1917
2888
4679
3056
2689
291
2757
2481
2049
966
3609
891
4426
3324
4211
3271
3680
2848
4933
1723
4160
2286
2166
3701
1217
4241
3490
2691
4201
1117
3823
2771
5354
3034
1500
2499
449
3320
323
198
1063
3163
4135
1795
2311
3499
4825
2710
5079
3958
1619
4004
2133
2791
3964
4305
3372
3060
5136
461
3237
2599
3788
3725
500
2922
3250
4477
1964
1241
2727
3638
2776
3753
2408
2105
2626
1440
4325
3251
2946
3923
5098
2817
2315
3667
5353
203
4934
2397
1053
4066
4122
3582
2312
686
225
3404
1926
1611
4219
4384
3129
379
5309
4216
4741
3215
5361
3517
32
1345
4267
1660
3552
3127
4749
1503
2840
4181
1260
2736
4340
5322
1555
5266
111
1437
2725
4330
4846
2932
2175
5393
1815
5076
4409
1709
5262
3301
3914
308
5259
3392
4750
3122
2628
3077
331
4063
834
979
3498
1534
4828
1751
281
548
2014
3182
3355
190
2282
2803
4232
540
2555
1016
743
555
577
644
4629
1429
2547
2194
2669
3423
2694
2558
2515
1433
5229
2069
3994
5208
4039
839
5328
2378
4496
3076
2567
1644
4310
1538
2487
2246
452
3553
2531
591
2707
247
2673
1526
2610
3834
2271
5350
392
2395
2749
2784
3559
4121
3224
5070
4866
3254
784
283
1349
3473
271
3275
2507
3415
3004
4519
4177
2414
3757
1757
3696
499
1154
1665
616
4138
694
749
3588
2630
2327
1707
5320
3050
4624
1840
3082
523
3909
2700
2698
4231
1114
153
201
4814
5372
3811
3931
2592
1497
1322
4618
1778
2935
1210
2939
4962
4830
4775
3397
3992
1246
334
3437
3231
517
506
5040
1621
3099
136
4406
2818
5163
652
3374
2617
4653
1121
3611
133
2907
5336
2813
3001
3503
3700
1481
3848
2565
2150
72
4377
4944
3722
2600
4612
4721
1231
3071
2024
4052
3136
2167
1806
4493
1147
4709
245
2562
86
2155
4372
3480
4302
2961
3299
1508
3179
4614
3323
4118
4459
5391
1425
1495
3279
1713
900
3621
3353
1414
2881
1339
838
3061
3781
3686
2235
5057
469
3814
1298
312
4687
4051
1352
754
38
