555
296
330
343
618
220
916
240
471
830
109
244
402
963
517
271
519
233
759
10
447
120
550
836
975
22
604
824
515
156
214
390
255
297
736
154
957
928
455
686
956
835
368
804
821
286
854
215
898
75
128
202
775
917
800
136
130
250
27
809
663
185
57
1011
851
933
970
312
645
211
886
863
577
256
338
822
200
117
844
638
299
643
598
810
33
646
950
534
703
166
712
371
841
1019
19
865
322
170
595
623
252
995
620
47
1018
936
699
320
415
374
198
449
1001
219
80
876
60
248
425
589
96
935
797
969
183
2
878
135
999
781
140
160
677
1013
349
408
459
171
845
627
481
779
258
193
365
7
484
817
61
107
366
944
294
848
922
336
608
980
127
709
116
152
1016
137
507
29
15
932
914
981
584
217
93
892
1024
443
331
227
340
770
1025
545
100
858
879
99
464
448
520
20
293
386
102
53
169
269
132
505
466
180
467
725
437
578
977
37
490
72
351
727
938
525
153
871
1014
983
746
42
718
295
566
313
870
959
260
251
762
573
56
653
410
691
354
62
238
572
139
503
820
341
815
899
178
387
26
631
332
720
277
875
679
587
226
717
74
674
547
537
326
915
344
146
138
143
860
86
523
536
729
934
806
530
951
726
906
81
278
377
741
771
145
546
446
562
958
378
43
832
855
230
407
990
270
440
493
389
492
644
799
133
947
602
379
231
808
1
310
235
837
83
279
591
635
108
676
687
514
324
67
695
272
665
527
750
648
504
543
976
356
511
629
222
551
82
637
246
113
253
707
84
473
693
289
924
498
71
600
700
884
487
904
1021
960
540
119
254
462
1027
888
849
416
208
538
470
90
321
513
988
639
512
803
688
672
927
974
987
529
383
583
738
611
765
510
616
636
516
58
889
599
890
777
148
630
46
628
606
121
360
28
223
856
329
303
172
868
265
694
188
996
902
767
680
182
692
666
735
30
34
704
106
862
786
671
883
12
624
163
575
796
451
954
615
110
363
982
560
112
668
147
118
306
242
124
52
177
747
900
690
978
1007
486
716
6
372
13
838
21
881
475
921
522
563
649
419
590
763
908
461
205
32
283
63
941
506
1003
772
667
818
454
17
539
792
159
526
633
44
87
949
923
199
176
793
874
358
315
660
683
880
642
711
549
474
273
614
801
739
756
280
1026
743
872
382
585
131
791
375
625
477
894
78
23
518
715
460
521
558
191
413
76
247
335
438
731
1015
325
567
73
35
1008
478
814
318
531
427
632
431
404
843
986
452
658
823
673
213
588
369
95
971
439
282
359
212
482
846
697
196
393
548
866
364
647
468
450
173
162
323
458
659
14
274
263
582
662
656
985
965
1000
650
411
893
829
391
339
819
661
826
724
142
571
787
734
993
721
785
910
816
966
669
262
998
607
901
204
353
497
861
91
579
8
789
495
603
626
418
752
304
352
911
175
544
813
316
853
930
782
946
596
710
122
229
480
435
48
85
559
701
261
654
218
103
126
309
209
1004
287
740
155
401
430
864
465
748
574
129
728
984
1022
24
417
307
964
499
689
225
97
795
157
207
780
913
937
385
54
50
621
869
592
580
179
429
134
123
594
457
1012
161
9
553
399
657
992
831
414
39
144
655
760
234
664
719
939
483
397
708
337
488
288
742
859
115
342
807
308
221
501
1028
257
684
798
186
89
610
4
384
149
751
98
423
496
828
997
926
967
236
445
249
953
989
66
187
812
292
619
334
1009
210
535
794
533
92
825
424
392
317
396
774
409
541
237
94
434
768
840
441
55
442
972
652
502
184
885
920
275
489
766
698
778
769
264
737
426
403
811
912
622
311
979
433
940
428
882
565
420
597
194
877
542
203
705
357
463
764
897
406
40
612
903
753
776
918
732
576
36
291
601
805
284
125
745
243
88
723
298
373
241
887
167
685
197
300
714
557
754
192
952
141
552
268
617
509
348
755
206
968
201
1010
285
524
394
706
1023
613
361
651
314
64
783
239
790
713
500
405
1020
744
494
327
895
111
266
1017
682
224
593
347
104
827
101
873
973
508
905
77
105
675
164
301
412
370
469
722
290
670
945
11
302
609
388
554
362
181
758
681
305
174
634
367
961
678
355
168
696
749
345
444
41
733
532
70
232
929
564
556
45
456
833
350
909
165
896
641
891
68
380
640
570
281
267
400
158
1002
788
907
436
3
839
847
852
346
319
925
942
472
453
151
38
432
730
569
931
69
216
114
259
919
850
79
784
955
195
228
702
376
5
25
568
51
381
528
31
491
561
276
16
1006
834
422
395
476
605
