730
4101
435
1880
4505
4142
472
1797
1158
5008
822
29
5053
1691
3831
1596
5367
2392
5091
5101
1067
4119
4078
3367
4681
2383
5269
3329
4495
4634
2445
2860
2087
327
856
5052
3317
3341
2111
38
1912
1505
2785
1192
2770
136
2908
2534
1010
3382
502
4682
2654
3619
729
85
3820
4072
1185
4406
2846
1809
2944
4242
1321
2514
2243
2362
2523
895
1105
1947
3434
4730
1991
1449
281
2553
1616
3298
2913
4138
1791
2834
1390
3227
3925
516
3681
4984
2750
4045
106
328
5400
3642
4076
3982
1972
3013
359
4400
4868
915
4671
3437
229
3524
918
1345
3067
4028
2795
3370
4823
5200
5092
317
1510
150
2409
751
1757
4047
335
4048
1114
1823
2419
817
1189
2023
1325
3880
4104
1774
1140
3181
2974
3248
2971
2815
2418
4571
5366
3800
970
894
4976
1337
681
3670
2065
1266
467
4929
757
4273
4547
1834
4249
4791
1116
1940
1215
1039
712
4222
1668
4564
123
3003
1936
1955
2093
3828
4855
4449
2522
4468
1493
1570
3900
5124
3970
3002
5164
1642
155
1326
4573
3215
2513
2025
909
3112
4114
3686
2916
1932
2528
2181
4878
4092
1995
3230
955
1590
900
2898
279
4798
3069
2125
1078
298
4377
101
1861
4704
5291
2964
2962
344
2934
2525
5341
1360
3397
1655
2849
952
2100
4425
3170
630
3378
2945
1724
2084
3971
5014
3436
4688
1680
2768
316
4540
4822
5288
833
1287
4636
4443
3884
3319
1897
2455
478
2213
3964
4587
3521
5192
4401
2714
2699
4155
5073
3948
4644
929
71
469
1381
2826
905
1218
1810
2999
3045
3526
4183
2080
5266
3355
1506
3311
558
1714
936
891
1198
1482
1514
1906
2637
1046
1394
3959
460
1602
604
1309
4308
1483
5152
802
4865
5246
1086
2277
1937
4543
3268
5220
1840
958
3758
1052
2666
2675
874
1422
1284
3794
5134
4294
3075
2858
4502
4465
2450
25
4042
4169
364
5228
2981
2877
4421
5401
1735
4229
637
5143
4971
1057
4736
3684
3589
3918
1003
2376
1091
1687
1073
4024
4466
3822
4145
2057
3989
787
888
3912
1846
2848
634
3154
3661
3353
5180
17
2287
4033
1243
3096
1240
4513
1747
3664
2153
2043
3269
1077
831
5316
4312
1269
2494
4847
2
1171
5130
4690
4778
3425
319
3479
1866
4464
1587
4512
2109
2483
2103
