1138
4115
4286
4478
4067
592
825
4614
3447
3387
1219
4274
3149
5260
2302
2306
2591
2404
1632
849
2911
965
1206
2162
3715
4445
3160
3634
1055
1527
1959
397
2119
1694
292
583
4493
1851
3203
1601
3274
5250
64
1139
2718
4538
3078
1423
3429
3097
4863
447
3960
4988
4579
5041
3012
5306
16
3683
4763
2704
1060
4378
2496
686
2676
4807
120
4382
3875
3859
32
2882
956
4209
3786
744
4160
2225
907
3556
3574
2183
3590
2355
3399
2432
488
2516
4741
2184
5190
2230
5025
1686
2794
4716
5120
3066
2700
5186
4544
2790
2629
3611
2429
1741
2659
5062
980
1779
1368
1272
1862
4581
3835
3532
1428
1234
639
3109
3373
2926
2775
241
693
3019
4582
1346
1256
605
3197
1690
1220
2471
1593
1306
3864
3290
3165
4957
1146
4156
1305
3905
3083
1584
1578
4953
3485
979
2310
5319
1623
2853
5064
1371
581
1231
1621
2185
4859
4477
880
1752
4140
1666
2674
3471
4431
1676
2701
1605
3472
2386
2884
3851
2121
4729
1207
4380
1558
1557
2210
5338
2264
2262
3561
2942
2960
3973
532
239
5309
2736
572
4231
4459
2863
3810
4433
1012
2909
3058
808
1515
5313
2661
1804
2954
1629
3008
3908
1186
3789
4968
1241
2631
1120
1421
5042
1162
4577
1453
1986
2261
2720
5083
4432
1771
4749
3735
2575
148
305
2743
4912
5264
4188
726
4034
128
341
3962
4321
2459
4132
1612
5179
3386
1178
1664
4777
4134
416
4056
5087
4920
2810
2816
4192
3801
624
4397
3771
3957
1949
4840
1626
4619
5392
330
2351
1410
1837
1582
2730
3482
4032
2640
3308
180
3247
5296
12
2434
18
2255
2904
4726
5163
4177
209
5333
5337
847
211
2793
2004
506
1318
4446
2268
4318
4323
4084
1961
4533
4486
4664
5317
722
5166
2289
5063
1426
2988
3099
2641
4185
3135
195
4549
1
4814
1431
3947
496
5128
2552
5044
401
2626
610
77
4994
4575
4284
3510
1920
3765
1227
1181
2642
1173
1981
3940
992
4979
3182
663
4367
500
4756
1992
1159
5236
15
1796
3641
1606
4721
3238
4710
2397
596
3344
5201
4621
4680
3143
4053
3694
244
3140
449
2129
1604
3714
5004
4717
4537
3773
4181
524
2260
4234
2286
4819
3965
1962
1580
2776
217
1528
759
2470
2016
720
2085
3736
4536
4893
4916
3327
352
2156
2759
1874
3635
1099
4989
2227
5114
959
1250
1841
920
2137
4700
3732
4527
3839
1354
2083
3576
1121
1328
3797
752
522
4973
4753
258
3469
138
3593
314
1023
3585
283
1827
863
3448
3346
124
3733
1409
4869
5104
1503
1905
2472
3863
2045
83
3954
976
1762
1257
175
4147
3909
380
3028
2600
1454
4656
2449
4338
1201
2589
1042
480
2572
4966
413
3427
4545
3538
2672
3087
3743
4945
374
3874
4839
4383
2561
2246
45
3699
5024
2864
240
784
747
3196
1855
1007
2559
3540
4247
4720
2204
4972
3475
4613
3899
1524
2036
4889
765
3336
3534
152
3552
1014
37
4885
4416
4239
3889
3134
2177
3396
1635
2167
715
1044
1006
3026
63
1663
2573
2486
5370
3039
290
2529
3489
4079
4170
4832
383
4293
242
5330
4444
161
2859
80
4550
652
3063
1780
2412
2377
577
3991
4590
922
4804
3752
1373
4302
3044
2159
5362
2710
2630
2382
5198
660
206
3212
1429
171
2914
3092
2002
5344
326
147
4963
5294
4831
2131
5127
5380
4891
4661
2476
5099
1696
4182
957
2039
1106
933
4810
2340
1430
2524
4848
2219
3650
235
4701
3064
3798
3348
3172
1751
4941
1927
1349
5208
3452
3776
1978
5368
1314
3567
3968
4191
2122
3986
1684
219
3849
4201
3775
1385
3706
872
285
1054
2662
4172
3946
4052
4450
4124
3920
1672
3819
342
4942
2011
2479
2267
1703
2757
4359
2761
4430
3762
5379
1738
2053
4123
3076
5098
4927
5352
429
1903
748
3004
3967
3333
4055
3224
387
4314
2415
5358
4174
1579
2060
2334
2749
1761
444
1844
1685
672
430
1876
755
379
4195
2502
3465
5028
2322
1548
3996
3023
127
633
1384
967
1246
4956
293
3605
5065
2209
4120
253
3148
2669
1816
5342
3383
2535
4030
3156
372
194
2852
2410
87
4921
5295
322
518
164
5170
2393
5303
336
711
3492
4584
4324
355
3318
3806
4306
768
625
33
354
1918
5257
4917
4633
2809
2611
3999
1142
517
1372
4515
92
1745
3587
4394
3643
814
2769
657
3740
4683
830
2506
2104
4292
1235
5013
5189
5081
561
4016
3712
5137
4902
3136
2133
5125
2282
2493
1789
507
2196
1293
1636
486
266
4908
2663
3580
4398
3877
2438
448
2788
263
2191
4850
1224
415
1877
5399
4481
3455
28
4719
4880
3338
798
2212
1332
3980
1047
3490
3759
4591
4501
3845
2044
4926
1092
2061
4388
5207
2508
4514
1187
1824
2606
771
5079
3910
3836
371
696
1109
2930
3006
5290
1517
3821
3293
2007
2837
3497
664
5212
110
570
2838
4975
1888
3198
550
1946
5256
1795
3687
1033
4842
5165
1108
1153
358
2537
5076
763
3398
3764
2578
4438
1512
682
2692
200
1064
4381
2851
5069
3297
2841
622
2870
2029
4790
2951
4233
5185
4206
776
3305
3010
1916
2054
105
4062
2897
3622
4339
3029
3057
4572
1730
2347
2590
2515
4781
678
4494
5043
1169
4901
3014
3406
2373
5304
1520
3799
321
3059
3544
1555
3194
288
903
5277
2433
3325
4319
671
3888
4507
411
556
4541
1148
2214
458
2886
1004
5224
482
2354
2048
308
2707
809
2116
3169
988
3306
3938
1507
3757
3345
2107
5223
3852
733
1938
347
5397
4002
2055
2653
4040
3558
2697
2436
676
5038
667
521
4369
1843
4959
1399
4088
311
2687
2801
4629
2581
2157
3474
4295
1268
2746
4265
4705
2565
1677
4713
3745
730
4101
435
1880
4505
4142
472
1797
1158
5008
822
29
5053
1691
3831
1596
5367
2392
5091
5101
1067
4119
4078
3367
4681
2383
5269
3329
4495
4634
2445
2860
2087
327
856
5052
3317
3341
2111
38
1912
1505
2785
1192
2770
136
2908
2534
1010
3382
502
4682
2654
3619
729
85
3820
4072
1185
4406
2846
1809
2944
4242
1321
2514
2243
2362
2523
895
1105
1947
3434
4730
1991
1449
281
2553
1616
3298
2913
4138
1791
2834
1390
3227
3925
516
3681
4984
2750
4045
106
328
5400
3642
4076
3982
1972
3013
359
4400
4868
915
4671
3437
229
3524
918
1345
3067
4028
2795
3370
4823
5200
5092
317
1510
150
2409
751
1757
4047
335
4048
1114
1823
2419
817
1189
2023
1325
3880
4104
1774
1140
3181
2974
3248
2971
2815
2418
4571
5366
3800
970
894
4976
1337
681
3670
2065
1266
467
4929
757
4273
4547
1834
4249
4791
1116
1940
1215
1039
712
4222
1668
4564
123
3003
1936
1955
2093
3828
4855
4449
2522
4468
1493
1570
3900
5124
3970
3002
5164
1642
155
1326
4573
3215
2513
2025
909
3112
4114
3686
2916
1932
2528
2181
4878
4092
1995
3230
955
1590
900
2898
279
4798
3069
2125
1078
298
4377
101
1861
4704
5291
2964
2962
344
2934
2525
5341
1360
3397
1655
2849
952
2100
4425
3170
630
3378
2945
1724
2084
3971
5014
3436
4688
1680
2768
316
4540
4822
5288
833
1287
4636
4443
3884
3319
1897
2455
478
2213
3964
4587
3521
5192
4401
2714
2699
4155
5073
3948
4644
929
71
469
1381
2826
905
1218
1810
2999
3045
3526
4183
2080
5266
3355
1506
3311
558
1714
936
891
1198
1482
1514
1906
2637
1046
1394
3959
460
1602
604
1309
4308
1483
5152
802
4865
5246
1086
2277
1937
4543
3268
5220
1840
958
3758
1052
2666
2675
874
1422
1284
3794
5134
4294
3075
2858
4502
4465
2450
25
4042
4169
364
5228
2981
2877
4421
5401
1735
4229
637
5143
4971
1057
4736
3684
3589
3918
1003
2376
1091
1687
1073
4024
4466
3822
4145
2057
3989
787
888
3912
1846
2848
634
3154
3661
3353
5180
17
2287
4033
1243
3096
1240
4513
1747
3664
2153
2043
3269
1077
831
5316
4312
1269
2494
4847
2
1171
5130
4690
4778
3425
319
3479
1866
4464
1587
4512
2109
2483
2103
