324
226
743
270
337
625
911
443
931
80
62
40
277
436
184
175
551
108
185
656
168
818
510
303
866
699
44
304
87
922
855
195
410
7
372
971
64
274
370
939
624
327
60
140
192
883
948
507
471
840
178
288
285
487
729
201
265
143
695
48
135
869
938
495
378
504
995
890
18
576
388
919
698
602
174
987
721
47
213
1009
822
197
246
915
30
566
795
584
745
105
22
829
751
815
260
258
13
515
688
854
598
432
28
4
377
732
120
46
235
675
694
501
824
984
216
892
843
1016
884
782
740
454
458
209
412
362
363
212
844
875
961
763
138
770
505
205
918
741
1
365
318
268
236
621
985
809
762
569
630
386
661
282
349
716
965
438
491
700
679
88
408
828
59
859
780
759
597
336
575
392
240
176
606
813
539
956
562
440
709
975
725
442
276
179
982
913
737
960
1017
455
114
122
860
882
295
1026
326
873
243
997
1018
520
640
333
207
981
571
237
21
638
858
183
972
642
952
417
139
50
182
582
871
376
479
950
42
646
648
508
587
255
163
55
998
947
565
95
85
429
72
622
748
245
66
49
542
39
760
242
764
427
827
613
161
227
513
116
395
549
457
808
424
449
849
564
68
404
781
63
714
546
738
294
296
757
420
574
547
577
312
991
275
876
848
623
588
467
181
755
367
731
616
902
697
636
874
561
519
1027
957
819
348
247
804
132
619
528
361
261
647
297
464
650
810
962
929
468
17
989
293
807
92
904
279
486
75
157
15
600
298
594
106
160
658
578
768
969
158
583
769
649
239
148
129
687
1000
266
774
428
581
119
653
117
300
703
70
885
825
190
609
6
611
786
83
301
162
707
845
280
980
696
880
837
125
617
314
203
926
433
490
5
657
211
785
399
1010
32
475
57
407
1002
74
112
724
589
798
230
612
518
553
831
728
385
949
526
704
560
730
683
601
841
269
409
705
485
821
124
9
833
733
465
895
12
773
78
676
81
257
173
592
766
976
441
541
626
608
453
34
196
886
893
671
503
461
169
228
783
219
686
405
509
891
484
857
401
629
680
771
573
373
988
149
311
451
271
887
534
498
907
214
493
1011
322
445
383
26
655
924
666
14
423
767
664
371
414
550
2
477
901
172
788
529
863
167
128
689
945
472
287
966
839
853
121
499
291
249
802
994
838
986
1021
615
651
79
27
1003
554
223
677
463
144
77
329
494
315
450
826
107
627
254
532
900
11
71
244
253
983
1012
681
3
480
466
662
669
393
708
850
934
145
233
131
834
673
999
317
104
82
170
1008
302
637
413
90
67
221
177
76
756
595
156
29
215
259
344
350
459
779
747
250
970
335
488
61
470
481
342
251
369
225
746
735
877
806
894
879
234
492
596
84
719
54
8
307
544
558
832
641
45
967
283
474
872
909
31
954
712
935
856
567
978
993
358
355
543
411
896
951
758
41
644
881
599
958
391
101
202
310
685
10
579
633
801
396
353
118
906
354
917
1014
715
171
538
347
351
332
69
380
927
137
796
794
663
527
482
256
847
749
1028
496
701
614
805
820
861
1023
97
252
605
1006
133
415
91
43
102
33
331
180
585
452
790
218
430
20
545
434
974
99
374
1022
516
990
37
359
878
736
366
379
888
674
903
777
103
478
506
793
309
159
382
320
670
665
313
517
231
292
469
19
593
497
189
284
35
910
512
238
522
334
1007
920
360
187
142
340
109
659
964
943
111
742
590
722
136
222
846
224
996
720
188
968
639
940
421
435
305
262
772
531
591
194
93
16
343
836
923
921
955
204
123
739
446
946
727
713
272
316
165
744
147
787
634
537
899
555
89
286
933
889
979
652
691
914
776
660
73
928
1004
308
403
402
823
897
98
682
200
524
610
925
603
797
668
620
273
1025
533
368
113
166
977
325
784
557
281
803
678
706
130
94
761
778
559
690
604
426
96
198
52
586
535
959
851
1005
473
206
53
232
1013
693
912
1015
500
684
632
568
572
530
447
460
723
346
345
151
811
134
328
400
456
654
299
126
155
422
792
476
389
908
563
339
164
521
791
289
540
953
398
431
835
150
356
963
643
397
306
110
580
193
672
364
937
100
352
930
208
341
905
278
127
765
319
799
635
1001
263
607
556
86
248
36
141
552
290
753
711
789
25
867
726
502
710
267
750
570
548
419
718
1019
898
932
425
153
338
936
444
357
1020
394
152
51
800
321
842
992
217
523
942
23
702
489
862
210
628
448
852
154
65
38
816
667
58
525
483
870
692
384
439
115
865
186
830
868
406
645
381
734
814
775
462
812
387
618
146
