2946
337
3156
3078
5405
4681
5366
1101
2392
3571
2158
1757
1643
23
3588
688
3332
1274
3599
560
563
474
4867
2879
1266
3589
5080
3791
4658
113
796
437
3349
1208
4572
2853
1594
917
2084
1316
1494
4788
4057
126
4272
2719
3103
1301
3972
4583
2526
2721
4423
2672
1099
1584
3707
2714
4591
3973
1002
2970
58
4070
231
4066
2604
4086
5079
1956
31
3360
1427
1269
1119
665
1174
1616
569
3231
2668
75
743
987
5305
2416
789
2781
5394
5211
2487
2993
761
3829
2113
696
1498
3409
4196
8
663
2479
1887
4859
4818
1585
3009
3189
1684
727
572
636
2785
1650
2852
548
1754
3673
206
3960
3343
3543
3662
3785
1243
920
4230
2120
3443
3849
3989
1138
1275
1624
4148
3817
3438
2649
2104
2797
1294
3696
864
5297
3250
3160
2694
4173
22
709
283
812
146
1127
3464
401
3126
1198
1161
2026
4390
671
1598
4067
4045
3193
3834
4671
956
501
620
4122
4829
1658
2882
695
2575
3609
1436
5262
1963
686
4758
3183
1040
1473
3725
5176
1349
2516
1893
2812
4503
931
141
2888
188
1685
1465
2088
2063
3809
522
675
1345
3921
3014
1859
1794
1303
817
2712
4804
5106
19
3778
2659
6
2572
2495
935
3660
4913
1541
5141
64
2070
384
839
1536
357
1851
5162
432
2474
2544
4344
5279
71
672
2786
586
2155
834
3344
3374
1322
1106
3130
3837
619
5272
2817
829
2632
3407
65
4727
2316
1420
546
159
4834
5122
1751
3293
1602
4925
3627
2200
1543
192
1401
245
725
713
670
3076
3651
4757
4264
2805
4442
5247
1021
5261
3845
3213
3211
5125
2927
1334
1813
2611
3123
2762
1680
1880
2760
1553
4009
915
2521
134
3417
652
4231
4669
1939
1625
2971
632
542
621
979
3941
2248
2127
5085
1595
2804
1433
4750
4702
788
3316
5090
3055
4841
433
5149
2061
605
1929
734
3591
42
3496
1419
721
1728
5286
277
4664
4462
2187
250
1836
3331
3430
3074
1897
3934
3535
5104
1258
1136
4275
1844
1477
1029
5311
488
4139
1747
1921
3434
4501
4532
3142
175
3847
4310
2148
2875
322
629
482
2488
3341
5259
2066
2782
1448
1152
3999
1318
612
4741
895
1400
3403
2045
4505
5201
2656
896
807
886
453
803
1376
3018
441
5169
3655
456
274
4060
223
3911
1655
1725
1868
5300
4359
684
836
1721
1068
2333
3832
4407
2609
2235
3597
4493
2669
666
4860
4815
1615
643
2367
502
2296
1177
875
1495
3381
2417
4448
4284
3491
2678
356
3150
4281
744
3484
1675
2016
833
634
4396
2949
3807
3657
3996
226
388
926
40
3796
4055
4375
2309
3492
59
4974
729
1879
2201
4381
2792
2359
2834
108
1948
2139
944
1820
1862
952
1415
1731
2686
182
4687
4729
1501
3391
3165
1637
149
3458
1064
4016
3330
518
1989
3493
3163
1874
4323
2809
2769
1569
1435
2778
1826
2880
1667
2022
2744
346
4894
2706
3182
783
3654
1606
4087
870
640
5168
4875
526
2053
1203
3831
622
3423
5364
2621
531
5284
236
302
2234
4160
191
2647
1262
3385
2761
2480
539
3966
4036
1739
2389
3036
2219
1396
5155
626
3811
4128
3276
901
5369
739
770
4422
3368
1716
771
2096
4120
4143
3200
3497
2963
2857
3572
2954
1084
5134
4753
5166
3069
2818
4746
2745
4712
564
2446
2190
648
925
3090
4170
5001
4800
5238
5335
996
1855
2568
3083
5202
4530
1469
2662
470
4828
473
1854
793
1148
4224
2733
262
754
2839
5274
3819
3294
712
1032
4651
2904
1001
2318
2247
5109
4864
883
1042
4412
3229
4427
3387
5307
316
661
3700
1601
2703
3669
5157
1648
2450
4824
3132
3775
4527
3980
2440
4121
5343
4776
607
1351
483
247
4392
504
3777
1822
1638
1337
2513
1535
2340
5005
469
2796
2099
3540
1142
3450
5191
1493
3394
1894
1892
2215
5021
2477
3512
3333
1497
4573
4334
3515
1544
5175
2917
5131
5387
1928
1036
5283
2408
97
4213
369
362
435
3638
2860
5356
3460
3920
4421
1343
2838
2233
3480
1579
1441
4103
1183
1081
4265
4787
1313
4234
3075
1890
2329
4993
4596
4507
83
989
1500
4562
3605
5293
2079
345
4506
4380
4229
1182
4683
2335
4261
1665
5206
1965
3206
4891
4034
2286
5278
3089
184
4839
1026
2423
4446
3857
408
1259
4340
1683
2502
2542
1418
2648
1249
3748
207
5119
967
757
2771
1468
3977
3044
2523
4696
1222
3386
2864
2576
4622
3636
4643
2443
4915
3873
4157
3613
1147
1829
303
894
1489
2326
906
5046
1604
319
3872
5182
1107
2418
1878
4083
3856
1576
5395
4185
81
3314
3118
3442
741
2999
3415
5203
5402
2606
3413
3944
3787
682
3398
4778
1660
5105
5235
4378
5207
623
4508
798
2728
3436
3494
1166
3395
1228
3266
651
3693
4756
500
787
1907
2831
2204
1095
1700
4037
3825
1971
964
1160
1534
4845
4968
2905
2527
2894
2297
335
4127
186
5146
5133
2075
5055
658
4398
1748
3559
2948
5237
4020
4816
128
4194
2105
278
4842
5058
4142
2290
3447
3903
1953
1328
4785
633
2821
2385
4574
4465
1698
1876
1292
3936
3317
4862
1074
5253
3269
1236
4628
940
2225
5208
1388
3745
2564
3585
49
2892
5245
5002
2221
1565
379
5314
4222
3814
3077
5302
4335
4354
3145
2101
17
5082
3390
4059
5390
4615
2974
1629
3884
776
2914
1870
4425
1591
5371
5389
2270
3813
1289
3131
4792
1456
1734
1861
2344
1171
1962
4424
405
286
4695
4480
4837
3578
2680
1449
310
1666
2132
276
4866
4858
3319
3241
5360
1966
2122
3505
2578
297
1945
4360
3486
3923
2654
4564
5016
5271
4697
2519
3738
2580
590
440
4348
1896
436
490
1355
3929
5342
