5229
1634
4014
2908
4235
1699
1950
1652
27
1054
4019
1092
3723
597
2945
1790
4337
1220
4279
1673
4950
2213
2337
2755
591
1850
780
4431
4277
4793
750
4084
4488
555
3717
5144
4437
1607
475
4004
2819
122
4188
578
3760
390
2893
4912
1791
366
3291
4874
5313
4694
2710
4528
2119
2636
3688
4819
2041
3281
781
2266
4576
3279
489
2938
3397
2743
1518
2896
3107
508
2725
664
618
4411
2607
3418
109
566
1895
3675
799
2870
5147
290
4928
693
4886
5399
611
4370
2071
1149
2930
4094
3634
443
2462
3168
3678
821
5386
1532
1998
5072
3744
678
2683
2156
3454
667
4633
216
1566
2765
1170
4183
3963
763
5013
3810
4752
1653
190
4609
1267
3685
5388
786
889
2465
4906
2727
3072
1139
3284
1062
1647
2467
4046
939
266
4604
2404
2174
1052
878
957
3854
1439
4195
885
3774
2510
1530
5192
2453
271
5248
5040
4706
3955
2388
1687
1164
4391
3396
568
77
859
1082
4485
32
4049
970
434
3682
1199
1058
4209
2900
1590
2944
151
1503
1176
2952
2256
1533
1496
1645
2957
5340
902
3871
1122
2125
2577
2937
2414
856
1628
1979
3372
2031
324
5025
4106
4825
603
3221
1291
5306
505
4782
4833
4184
610
5041
2121
1233
1981
4430
2642
995
3750
2302
3719
2428
4863
127
3232
1717
1442
3614
3964
2772
2847
4481
3348
3619
2331
2170
3129
4328
2068
416
4456
3602
2000
1528
4981
352
3788
1381
1007
506
165
110
3180
1450
1573
1403
3702
279
5338
3234
2251
1506
3680
516
4717
3606
868
3000
3177
694
2764
248
1777
3637
3531
4715
281
4042
233
3677
3557
4566
4338
1696
4854
3844
387
3475
3913
3504
4883
2552
5236
5115
4467
910
2623
82
4408
1504
3205
2972
1296
5205
2005
28
2310
117
73
45
4303
2814
4258
2798
2102
4688
3927
3070
3565
2142
1513
1432
3502
533
5381
3174
5150
945
579
152
3979
534
2369
3826
4414
1336
4248
1750
1974
2259
574
3020
241
3868
794
2348
1810
1056
3918
2332
4711
2485
5212
558
4571
3445
2830
1350
3400
4666
3283
5194
3135
4659
3143
4762
1769
4549
3518
733
2843
4352
2599
1603
4166
2682
449
808
1242
3214
3242
396
4321
2223
1982
1129
2305
3268
1391
1430
4907
2324
913
1999
1639
653
3240
