4644
2365
5365
3218
4957
3712
2173
2385
2936
595
5373
4205
3028
1569
3150
3634
3510
2453
4667
3178
3232
2132
3566
2091
354
3879
1225
2991
1993
2706
755
112
4126
4283
4651
825
5324
474
1961
3097
2346
4268
3746
3724
4427
3186
1109
3591
566
3422
2975
978
5383
4152
1337
2341
4073
2422
1419
2873
2702
911
4234
4367
2957
4889
3135
3058
2862
3963
1400
1654
4542
1733
411
16
366
2347
3036
3100
5132
1997
3308
4951
4903
2077
2264
5034
3373
2109
1161
442
3193
4442
1781
1807
2828
250
1683
4527
3425
4202
5298
400
2594
3646
4610
418
3039
3752
2820
903
673
126
1823
1736
4290
5220
3455
4781
1535
5237
3889
1324
3388
3534
2777
1589
678
1712
3563
4832
2222
5317
2305
2861
275
5003
858
1857
597
1355
4454
3735
3110
3261
3651
1776
2719
874
2292
2095
13
1724
4115
5154
3166
4307
3820
2760
2858
3544
3828
842
606
1430
2607
5060
4508
736
809
427
752
2168
4874
3918
3747
4487
407
2675
2425
446
4803
1938
3804
2240
2037
3482
3367
3639
1003
1933
4718
3755
5251
4892
1014
1143
3771
3797
611
3617
4050
178
4112
1687
3676
4598
4240
5398
4958
1782
3336
4854
573
3501
2808
3420
139
233
4973
2354
1655
4287
364
4054
5295
613
1939
1871
4056
11
5046
4243
571
2136
3370
4603
1598
4942
399
2539
1608
962
1170
3479
209
4587
1390
180
2495
757
2416
4336
5035
4472
4271
3932
2989
4996
3986
2093
3727
4116
5044
5212
1031
3741
2377
5001
1159
4990
1033
5119
760
4373
2955
4414
1750
4352
1635
4693
4011
1874
3131
124
3980
3620
5120
711
3302
215
5265
1257
2967
15
2043
1291
3822
321
780
5116
5009
210
4886
4000
687
1625
5283
3672
4723
3849
1386
2034
1480
1825
3597
3475
1264
2766
470
2387
3899
1617
1209
3548
4411
4363
4631
4926
2339
5358
4396
951
4589
666
2415
4299
2324
76
97
3368
2930
1559
4672
174
959
1564
5071
5143
4652
1064
3116
1813
118
3564
3014
1026
3627
2891
3312
381
2262
1536
3280
1645
5277
2333
1839
5249
4105
3318
1651
3265
4842
4708
3274
4176
4617
3208
2533
4602
1163
1432
5150
4486
1985
943
5270
5201
3882
4954
3887
2720
3381
4503
4261
2457
2285
2485
4141
772
2656
1516
1603
2646
1358
