3555
362
907
4875
359
5273
3872
2953
1883
675
5134
2374
473
3017
1230
5334
1591
1155
4812
4632
1829
1729
4937
2238
4744
4579
1489
2429
3979
1229
4627
2778
1527
3382
2854
4156
2639
3601
837
3361
2997
1767
1135
3942
4606
4724
5296
2084
3124
3342
4758
1125
4810
3042
3325
108
1008
4221
2050
5118
289
3154
1837
5236
5068
1269
931
4431
5255
2877
3770
1689
4042
2642
3072
1250
2938
764
1803
5037
5122
3841
3219
1999
2424
2434
3511
2619
1410
947
2852
4500
4804
1826
2933
2553
2371
4133
172
2604
5006
2491
4185
2976
2046
4209
2959
5185
1670
3805
4005
4959
1252
3461
3080
1646
5138
4295
2795
3492
2606
2317
859
1633
1657
3378
2146
2036
3793
5056
148
4483
4224
5164
4615
3589
1219
1995
2800
5133
1074
1523
5087
3148
104
1477
2697
4119
3196
4252
4902
1848
1597
1935
4540
2726
255
3386
2849
2026
3119
3444
1675
2122
2576
2921
4537
4410
5292
1786
1251
4510
1885
1872
2267
3223
4920
5258
2645
5252
3428
4314
916
3321
3681
1266
5332
1658
3429
654
680
3687
3089
1056
2458
5228
1243
3921
4583
1234
870
4018
5202
3751
4777
2705
1376
1288
814
4422
810
3568
536
4547
4640
5342
4764
4012
1747
1600
2460
4129
3394
4706
1711
1753
3795
239
4802
278
3652
2161
4740
1435
4801
3133
1081
5014
2693
1470
861
3055
311
587
3246
3284
4256
4815
4782
5182
841
1418
2945
2834
2903
2665
800
2696
1892
4756
4772
3146
4928
4633
4807
2952
2667
349
2641
2927
629
394
3575
465
3278
2295
1703
1956
578
2536
700
314
970
1037
4385
90
1334
4378
771
1046
2804
2764
4143
4998
1084
3356
2664
1612
350
3375
1179
1176
696
5059
2937
1850
183
1957
2177
2810
1302
2260
54
693
1667
5243
290
3387
40
2643
5069
847
1980
1283
299
265
2833
4380
3410
3607
2882
3070
1445
1506
3046
5148
3599
5271
3252
3912
5285
649
332
1818
3314
1199
1393
410
191
491
4813
1792
2587
2793
4560
4974
4753
1060
2941
3709
3801
2027
583
4337
1177
3123
2622
1514
5352
2954
2213
1639
1211
1943
3057
4895
1357
4371
4646
876
437
2870
4304
228
4586
1494
4608
1313
822
2121
3029
819
2193
1867
2287
742
4069
23
1105
1240
5101
5063
1866
1855
732
3659
248
1599
234
5248
3038
2349
5082
2591
1693
4320
3606
4100
2765
2821
1284
1700
3945
348
3891
1009
5203
1476
5216
1560
1790
2400
5051
3211
29
1759
1120
4450
2398
2373
716
5390
2580
2582
1188
598
4088
169
3816
325
3736
4346
2412
1533
1374
1273
2187
3
5278
3466
2302
1099
890
45
5145
3421
3694
1107
3371
4953
1951
1574
1916
4345
2212
3210
4045
5168
2298
2304
1472
1920
589
5172
5395
1864
3345
1732
1859
3946
3810
909
414
2544
902
5117
567
5111
205
875
4140
4464
3926
3152
2883
630
92
4862
1537
2564
166
2509
120
3478
1896
1684
4878
3871
3063
1911
3754
5139
2843
612
5108
3608
3605
2729
2682
862
4258
5194
4461
1328
3023
3970
2380
2147
10
929
2163
3720
1069
4988
4074
3296
3481
3943
1925
3656
5370
4675
3079
1898
2459
2120
1458
4355
4665
2331
3857
2010
1601
844
4086
4808
843
1685
4711
538
1594
4707
2508
4935
4694
5010
4931
2249
5341
4361
1679
2747
1873
3417
645
4919
1490
2245
625
4084
934
2942
3407
1473
1279
2615
1572
1285
2802
3894
1568
5127
3018
327
3238
982
5205
4237
4909
1017
2631
2775
216
3153
5291
4041
4282
4720
5335
881
4490
3396
786
2277
3164
1649
2841
4555
4917
4096
734
3537
1102
2075
3236
3953
4286
3866
4844
3852
2745
2984
1052
1571
798
5021
1139
5171
208
2746
4235
776
804
1448
1696
4462
3707
3529
1505
3066
3019
1038
4699
3474
2226
397
4441
2965
4114
1245
218
2336
2265
269
2369
2869
4180
1236
1391
1460
3516
1363
3744
3890
2474
152
2058
2083
2754
5121
157
3005
4850
481
2713
3549
2234
5207
2597
3409
4637
2159
803
1765
420
919
4109
4197
5272
1478
901
4573
4715
2900
3263
1475
2344
5367
343
2505
721
4204
5180
3298
3067
3493
1439
3838
1118
2530
4716
2140
4273
2884
2009
254
3105
1793
3083
3950
2436
5257
4549
2035
1544
5020
1725
4425
4556
505
4970
1021
4745
549
4754
3379
635
382
2542
5221
4259
495
5089
2896
164
4570
1632
4647
2367
3919
2880
596
1797
3044
3571
3108
624
3411
1122
5230
1106
3155
2288
3670
4657
1761
883
3088
807
3451
2940
4880
4961
341
1714
5369
28
1192
280
882
524
574
1623
2001
2579
187
998
846
151
3673
3514
4247
4982
4910
2484
5218
1945
3073
3103
2340
466
3944
371
4020
73
18
1584
5392
2785
4648
4924
5204
4436
1838
3827
3180
2680
759
1128
1235
708
3924
3502
3998
2636
36
4849
4456
632
5124
3526
3846
828
3249
1771
3445
1991
435
4093
235
3767
2905
688
4558
3809
4498
2978
1930
5029
2283
4975
2872
1364
3330
1835
3430
2832
1483
3149
4904
753
4206
1890
5065
5209
818
3468
2005
4986
2391
4161
3905
3491
3348
17
279
5105
817
2463
2584
4780
2106
1822
303
3047
4623
1368
1907
1692
1080
376
2376
116
2382
20
202
857
946
4255
514
4845
5308
886
4468
2297
1431
2676
670
2666
1581
5397
3778
4981
4405
1068
704
4817
3399
2624
2520
3203
4183
3602
5300
2686
2504
4142
4089
5206
1869
3774
2654
2596
3380
3908
2685
4277
558
4094
1830
2418
338
2104
4703
545
1994
4691
4370
1609
4484
3819
4430
231
317
27
430
1817
1784
3506
2704
3352
1804
14
4806
2114
2787
2711
1828
3522
2219
1442
893
601
3972
2911
5313
2406
4068
47
1488
