2153
3080
1730
3450
3066
1259
2508
3017
4391
961
5157
3416
3820
1912
3505
2176
604
2311
2315
3313
161
1868
5132
5201
1673
3972
4530
2798
2617
4521
2367
2112
2529
4958
5359
3969
445
1720
2108
1256
853
4910
5214
3248
1205
3806
4707
775
2599
1103
5375
4531
4810
5253
4082
417
895
4866
1408
492
5077
3125
2125
4554
1089
5218
4800
1381
825
4229
3878
3100
88
786
2451
1547
4267
2413
3962
3848
49
5267
2038
2620
4032
4834
4280
1652
4124
390
4605
3013
2083
4558
4454
4977
1448
740
2053
2519
3644
3703
1555
44
1903
3213
3207
5134
651
1358
1684
2965
3849
1738
3504
5256
380
428
1893
821
4149
3867
1764
249
1767
2858
3390
2035
2149
4155
4938
243
2247
4335
555
762
4656
4659
3902
2051
1032
3604
3715
203
3293
2206
2447
201
957
2381
5402
3187
4995
3653
3879
2986
2202
4048
3139
1094
5321
1047
1916
494
4850
575
2106
4889
4096
1292
833
142
2122
3250
282
4858
5166
3560
2928
348
913
2224
3898
3944
2294
798
5185
3627
2908
729
4623
619
5298
3437
80
3995
1821
147
1160
1712
3130
1178
5274
4291
525
3960
3478
107
1533
2532
2428
1470
3401
1718
1698
2936
2452
2175
4330
4151
4499
1044
1677
618
5269
1212
262
3567
1002
3836
5104
2958
689
4691
495
3564
2335
3515
3475
3678
1750
3571
1515
319
2075
2623
69
2940
2282
2914
3966
3516
3656
3175
4519
2890
411
2231
1099
1696
954
4914
1557
1593
4188
3430
832
1537
5268
462
3078
4646
1183
1883
32
864
3370
1211
4972
716
1081
1785
4853
2497
620
5388
92
4322
4607
2518
3194
3186
3913
5188
416
1428
3271
1952
3541
2174
2472
4097
1200
2708
9
3766
1188
3045
2987
3958
3732
5025
4856
1805
1884
4627
2887
2006
1144
1844
2221
1140
758
2281
2100
4043
638
635
43
5215
4268
1473
2342
2611
2267
3786
3398
1819
1708
2001
119
6
4349
2291
4310
1098
2495
4088
1660
45
3556
3001
677
3315
587
4925
931
373
3769
5161
3691
4651
4594
1787
1978
3049
5113
5120
227
1534
1157
2193
1742
1535
322
3230
916
860
2266
1039
3138
705
4054
1475
1560
3570
3496
2246
2892
3625
1958
330
586
5217
2588
1158
2810
1792
1681
5090
3976
2675
578
746
1393
1345
4726
1840
2749
3929
2446
4721
415
4453
2980
2462
1849
1398
3137
1671
3979
787
982
4745
3657
5165
2992
1312
3739
742
1663
1775
3032
4225
1410
2651
2457
4472
4825
5391
2701
2715
3142
128
773
3978
2352
1624
5128
5013
4457
2718
838
1218
2566
3585
4638
4328
3528
2431
2563
4220
2775
652
2299
4776
239
4311
1235
5082
2764
1442
5382
4329
1801
3408
1700
5011
4430
2727
2218
1254
4992
2441
3554
3519
2026
77
293
2539
4963
1706
784
1506
3233
5357
3937
3863
2203
1260
2042
3716
37
715
3507
5175
711
140
2811
191
3963
2884
3868
1372
2265
5160
1189
5340
5335
3402
4582
4547
2903
4493
3314
2556
4437
5216
4463
2177
5068
2666
3460
361
2279
1322
3099
907
1994
2458
3275
156
2418
4673
544
1668
842
3249
3140
3874
642
5403
4038
3789
3865
3998
5225
813
4710
840
2647
208
2313
4053
5177
908
3938
1622
3561
3555
1789
4957
4565
13
3911
1865
892
1119
1469
2797
2012
3433
4218
3933
2478
4982
2644
3224
5314
3749
1024
790
894
5252
2322
4764
1636
2081
1209
2385
3803
4771
287
991
460
1481
3205
2480
549
5071
5333
1068
780
3617
85
3886
792
513
126
656
1389
1634
1885
883
130
3341
1747
1923
2293
4874
4708
3630
4509
4864
1549
1777
4693
488
1253
1507
1611
3946
4861
782
2880
2079
2217
4010
3548
827
4751
138
2077
5399
965
870
1079
976
2716
3826
1387
5170
4486
1685
2238
3435
1455
4698
2723
3512
369
2774
2408
3279
3832
4599
5390
5142
1091
3545
2488
4505
826
378
791
537
3268
3697
3395
2687
949
2439
240
41
3059
2888
1658
1501
2528
2427
2437
1337
5130
209
4423
679
1973
2678
1694
4066
3191
2896
244
3501
5372
3709
3753
4970
2652
314
1977
4903
2468
2243
228
2855
1117
5327
3114
4942
3738
5360
4844
4031
2747
5308
665
3603
3681
5393
3664
5038
4264
4259
1510
2601
794
4020
2573
919
1871
5265
5075
2921
3588
3885
1518
3043
1115
630
4595
2872
4808
3889
1887
5108
4948
401
3481
650
2278
4539
2140
3444
1784
902
309
1629
2164
2719
2422
372
4581
4522
2827
872
2822
1011
5221
315
3438
3245
4725
3587
4624
2834
5040
4749
1869
426
1579
2514
4025
3912
4511
2110
4536
1414
2354
552
629
2044
2166
1899
1101
3188
53
3215
168
81
4164
5124
4667
890
5193
666
809
4586
5279
3717
903
2923
2525
556
1924
2254
2649
1267
836
2967
4431
2570
5229
730
1817
3819
2029
429
2165
4936
4368
4514
1384
1219
966
1226
939
2944
3581
5172
4934
2915
234
3775
876
2932
5001
2148
3218
753
2052
2088
4886
5233
5379
194
5394
1258
576
3762
4633
668
4455
310
2844
5210
4723
3534
4269
1396
2636
1162
1100
486
3640
2163
3423
3058
214
5133
2877
4468
859
4327
561
4185
4729
1165
3760
2971
1171
1939
1716
3770
2662
2693
1509
120
2479
4921
4433
1488
4037
5311
1576
398
2996
4553
4597
5395
608
2072
2857
1020
4538
284
4701
218
1148
2098
1085
2638
4273
1627
4854
4415
2195
5350
4340
2276
5042
3024
3718
182
1072
2285
5207
5102
1772
676
519
2297
4674
2836
1438
989
935
2023
1303
4777
3485
2746
281
1003
5220
490
4383
3297
1863
3406
2105
2273
1394
1735
1773
3824
2086
442
4897
3107
1321
3487
4312
1071
4314
1198
3914
3576
4277
5196
