722
475
1538
1733
3890
5159
3582
5307
4052
1635
1588
1084
4951
2261
2999
5199
1224
4350
1646
2419
934
1500
2763
449
1722
3961
1296
690
5213
4606
4385
1386
3722
3378
5184
5236
1672
4331
222
2119
928
3694
2630
4869
3296
4256
3547
1136
393
3602
327
4785
5356
3788
1156
3004
3893
4504
3551
2866
4898
1776
3706
4608
4434
4234
1606
420
1351
2376
3063
4011
5280
1771
4033
1728
3823
4750
806
2509
4205
1287
3073
456
4212
3794
335
2048
65
3072
940
4766
5140
3665
727
4102
579
3391
1151
225
2091
4362
3042
1145
2737
709
855
541
3777
1496
3348
1104
109
4683
91
4105
3304
4211
3559
4545
1727
3077
591
29
4412
358
1779
3845
2549
1551
971
697
3202
1014
5064
2123
5002
4593
4549
76
4796
1813
1109
3574
574
5222
520
897
4068
4748
2661
2951
52
1102
3164
739
2338
274
2426
4123
2645
1307
5070
3801
1375
4568
1524
1051
1968
4927
1614
1406
3361
174
1392
2559
5206
606
547
5224
1783
2939
3255
4446
2802
4416
1545
2800
2865
3887
4706
4752
2805
800
5320
1795
2768
1569
1513
4460
3464
4107
1313
1251
402
1127
136
2846
2919
1298
5096
5293
391
3935
2646
5397
3524
3563
5115
2572
4210
3282
3160
2288
1232
1874
1798
2134
3056
4377
3183
3174
4618
446
4697
700
3434
4346
1962
2082
2047
2343
461
4575
3521
4450
3094
2236
3821
1378
3098
4334
4142
3719
3624
4941
3896
2496
4012
2205
2995
1521
19
4308
2657
2694
2906
1976
3680
2828
4396
4006
645
3286
4741
2889
1626
5318
1754
4101
1177
1009
4728
3549
4440
2792
155
1862
4894
1241
4999
3192
5143
316
4044
2444
459
2198
511
2356
3841
1483
343
1702
3790
5065
1992
3699
3447
2466
3536
1129
4318
747
4215
1527
224
2788
1342
5270
4407
577
3784
2362
3510
473
425
2331
5257
3074
4195
3480
2475
5073
4201
4408
2979
2312
1625
4534
2234
4317
2959
103
5192
1238
4071
2473
990
4895
2259
1242
3436
3253
180
695
395
4824
5129
1717
2856
3126
3332
1458
4976
4647
2580
0
4829
3198
2364
4809
3669
1391
2160
3199
2063
2180
3623
1970
4503
875
1781
531
1273
2970
1707
712
2909
4130
2043
1927
2776
1454
1581
1240
4186
912
1949
3010
1974
4078
4754
4652
212
2275
1154
1604
1860
686
3761
4546
93
163
751
5105
3814
5323
871
3424
771
2898
829
4076
382
2250
1195
3871
5235
1453
3731
2522
480
2191
301
4119
4490
2521
4104
4855
4479
4297
3091
2978
1836
1955
3300
5010
5012
112
451
106
113
3403
4059
2686
3168
3693
2937
2179
2628
4753
2228
4465
87
5145
1996
1060
5398
2608
1402
3800
799
1925
2902
4172
2161
2830
4955
66
2642
585
2962
1146
4336
4679
4087
5032
2938
4299
2090
1587
5182
2384
1031
5074
3081
2755
3088
3926
2878
379
1141
1644
507
4508
1726
5284
2968
830
2778
5202
2210
1583
1563
3802
4294
4737
1550
542
1811
3805
522
4570
3211
4700
4258
5020
2430
5227
4738
1943
2653
3214
1049
573
3682
1752
4968
157
272
2840
3596
2257
2132
3204
3256
721
1709
3850
3011
3336
1347
2262
357
60
3677
2560
1116
5288
889
1571
2698
4153
4590
1074
1599
1850
5069
3499
2034
4744
254
146
3575
2781
1122
4588
1264
324
2596
1758
4388
4418
2945
2274
4733
4005
1349
2663
980
498
2406
4094
4394
1575
5119
1082
675
4576
4515
4666
1266
1854
2187
4790
5194
190
4502
1940
4146
4320
1659
905
1430
4768
2097
2268
1443
4178
3085
2467
3400
3830
633
1058
1749
2465
1851
2635
1333
4833
1519
884
1382
4529
3067
4042
3124
2766
3980
3954
2
472
2144
5306
3882
1561
3109
3864
2382
3456
1748
5155
1928
4413
602
2825
2835
2993
3834
5354
1852
3076
1476
2500
4931
4436
3082
4644
1800
430
5401
3069
2640
1231
1661
866
3869
2534
3734
945
2050
3983
5246
189
407
1689
71
4141
3807
1724
477
3104
5008
1645
2056
152
4098
979
1004
639
47
4736
1077
3772
4649
844
1492
4014
818
3833
2146
693
4908
4906
4885
2361
1247
2332
2400
3659
868
1202
634
2540
1594
5114
1915
654
3993
2925
1147
444
1600
3701
4270
526
3426
5386
5058
3632
2520
1325
2070
2286
4533
4159
4596
219
1751
3371
1340
5111
3492
3289
4271
2003
3047
1824
3939
4888
252
1948
2512
4379
1740
2402
4643
4961
118
1070
3483
944
1399
657
1354
4704
683
1179
4347
4081
757
437
3144
2393
4365
3014
1831
5034
403
5371
1589
386
937
1175
1249
2344
3941
4230
4730
4501
2961
1355
481
2912
3222
672
4905
530
2103
2397
306
2219
3337
2777
5334
5264
2377
3026
3201
2061
5171
46
4344
952
4566
5101
778
4208
4743
2784
1055
673
1397
2235
247
4794
67
376
2894
2107
3601
2390
4367
4718
4049
1613
4525
3829
3514
359
17
4366
589
3851
286
2852
4837
2094
5081
5183
1944
1810
1790
1570
5331
4073
3152
1770
4421
2619
4008
4945
2054
3359
2598
2337
1667
3994
95
1284
2789
4848
2307
4672
1834
4719
959
3015
5167
4823
3071
94
828
2269
3597
114
2711
3090
4956
1472
1197
3690
5151
3422
1332
4724
5400
532
603
5341
1311
1637
2832
527
3573
331
3918
90
4302
841
5055
646
3854
2007
3822
4274
5050
3648
512
4364
2740
4140
4333
2405
5381
4954
2379
1548
4325
539
5404
192
534
4791
172
4036
1729
3692
3392
1324
3193
4241
5137
4144
3971
4786
1221
4056
2059
3028
5144
1623
2336
3520
2414
4662
251
1540
4077
724
1746
377
485
1050
3280
4373
1647
4645
3921
3443
4417
4760
3292
4357
4015
3831
1419
704
1898
2015
2854
3048
815
1514
491
4967
1090
409
