5190
974
4916
4619
719
3190
453
4757
2188
3285
2375
4781
4964
847
4928
3711
4517
1942
5061
5168
2850
4640
300
1662
3446
4734
269
3040
2783
649
3244
1861
3415
2502
5351
3975
1820
4935
5364
2618
3612
1580
1029
5273
2972
2823
1457
2989
3590
3737
4765
135
4663
3884
339
3550
4602
2298
3741
4769
3351
4323
2946
3269
385
737
2333
2725
4040
4940
1875
2069
1028
582
4150
1317
26
1680
4998
692
1468
3635
1739
2881
4245
5316
4405
3364
4580
266
4816
4108
1960
3355
3016
2113
644
2739
1541
3240
321
2435
4587
5370
849
4839
2761
4134
2796
4795
3119
4131
2513
210
2721
2341
412
1412
777
4275
508
1607
1937
3171
3891
1934
688
4678
2046
2507
812
2365
5035
5240
3688
4969
4062
2682
2049
2304
4243
129
199
2782
2391
922
817
3702
1878
4909
299
4835
658
5405
2420
1150
4614
1965
3710
1095
1245
1066
5053
2524
3086
904
2087
4846
3907
4083
4035
188
1768
1423
4814
3908
1847
264
3376
3932
4374
265
2759
5186
3543
2574
1688
1466
1653
1174
1126
5352
3774
2477
948
660
2545
538
2227
97
1674
759
1203
3027
2347
1990
3012
1556
2974
4900
2318
2780
3462
1234
4442
3940
4959
3440
4000
1204
5197
149
3491
896
2864
1356
1495
4254
1193
1678
305
1369
1464
2743
975
171
4677
4648
1991
3965
2300
1714
4838
131
4705
2151
1461
3051
4926
397
3235
5312
1310
3721
4380
3726
640
873
1530
3967
1463
1425
1123
1015
3342
678
2417
3305
4467
58
2141
1574
852
4520
4456
1339
4703
133
5131
5211
4304
1769
2374
1277
3494
2735
3482
3646
4190
4658
4780
5153
4441
4498
2707
4971
3752
10
3569
110
4170
4263
2076
5204
2654
2222
1237
5343
2287
1693
4080
1573
3257
2535
1336
5109
1983
3920
2713
303
3322
2917
4527
5383
1617
4429
5106
414
3136
3445
4469
5067
1841
5062
499
3219
27
1257
3809
1732
2170
2658
2226
2911
231
5039
406
220
5319
795
1618
5278
2605
3609
1075
500
3490
4288
4868
4564
2223
5355
468
995
1057
3888
4876
4061
714
2829
5344
4228
2683
2670
1433
2587
5260
4091
5089
600
24
70
4717
2669
505
1791
4629
3876
2704
3396
4907
2296
1338
3511
1190
3880
744
2807
1995
4114
2429
3134
901
2515
2212
3172
278
1409
169
257
2008
4787
1778
3861
2078
2731
5259
1825
4393
4655
3259
2399
988
2643
5026
179
5027
1723
1228
5117
3637
1282
1956
3797
684
3005
4250
2194
4095
1
3217
3936
439
4152
595
2482
127
3386
1920
3356
2957
2124
2885
2624
1904
3106
337
4474
588
987
2456
4797
2625
3633
1223
4103
622
4937
4196
2899
1713
1087
4696
3875
2137
4973
4488
5255
5367
5103
1953
4506
2550
743
3650
1431
2950
1880
2264
3441
5262
2272
1542
2565
493
2248
3647
35
4438
3856
1005
2169
752
4585
5057
4817
4447
1947
3489
3373
134
381
1703
599
1432
4852
3859
3531
1348
3922
2681
121
567
198
2717
304
3238
1192
143
4690
2949
3974
4420
2762
5118
3145
3162
124
2760
3654
3116
2604
3720
1866
1227
803
3685
2785
1592
661
1643
1092
2833
3812
1842
717
1437
454
3566
2920
1404
2471
856
3586
2893
5041
75
5366
1270
2469
4428
2363
3473
1413
3087
1648
4045
1896
1006
3454
2242
2868
2756
4262
1493
1711
2859
3661
3779
3128
3155
3178
3270
2171
3714
5088
518
3950
710
4560
2403
4462
3018
641
2016
3606
4041
3254
5007
1638
4129
4832
2955
1289
1330
2314
3498
5369
4870
4901
4770
4315
2290
1093
1905
4086
2454
3461
4445
1365
5299
258
200
696
5000
5384
3340
3413
4477
3676
4481
2817
564
1233
2303
2490
1601
4556
4168
1125
2841
978
4358
851
2345
936
3771
2020
3594
4001
4983
280
1528
3262
2603
4136
3470
4324
4773
839
569
483
1364
1018
1208
4944
1895
3387
3335
5219
4030
2329
3707
5018
3054
3544
2309
5148
1159
5094
2567
3474
814
4792
891
580
1291
4247
921
3925
4019
958
5033
3263
3853
4236
5392
1761
2256
4496
1308
3813
4400
4018
4947
5029
2960
2849
4113
5091
195
3595
455
1149
3200
5163
736
1853
3899
3366
413
2818
5122
4500
4390
3060
2366
2292
4756
3120
1132
2470
311
932
3044
596
3522
2305
770
2372
137
3466
7
2349
2853
4046
3425
3503
4279
5353
4996
4997
3284
4820
392
1130
4387
3421
553
3404
4841
2531
4573
2758
4709
2317
1543
3231
25
2555
5125
4306
5291
2263
2695
2095
584
3951
4620
3730
285
2018
804
3649
3589
4980
1274
2394
900
2953
2826
245
707
2371
4397
4611
946
4395
3924
166
685
1164
636
197
3357
115
5022
2089
3796
4516
4198
3825
4807
992
1961
4739
175
4326
221
1981
5021
3641
464
5301
2062
3035
410
1422
4183
942
2360
3334
3367
1367
259
4255
1816
2863
1945
1894
3079
1215
781
4911
3839
292
364
1837
1520
779
2679
4863
3572
3629
3553
1334
4879
1217
670
3523
5245
2607
4526
1415
3360
2568
2692
3577
3773
2985
1401
4290
3414
3037
4027
54
4085
5019
5076
2622
1909
4189
3312
1210
1407
3934
5149
232
3642
2710
4615
3075
241
3580
4007
3877
1000
4692
1285
761
1341
999
2407
5304
5250
250
1128
108
2722
1427
723
4065
3276
2302
2389
728
4191
5212
2571
5266
5230
2931
3417
1498
1395
3857
909
405
3901
5078
2251
3113
2032
2196
4024
3666
1910
1166
256
4680
3452
4598
5247
655
5173
100
1565
3272
2498
4301
862
726
2685
2934
229
1615
226
2450
2633
3996
4622
2674
1440
3986
4353
1096
970
3655
1403
204
2505
5079
4401
1516
1687
4946
4902
4572
2453
360
1710
3019
3764
2037
2244
4231
3668
950
4050
4090
