3792
2958
2962
984
2794
2924
4175
4837
1779
4141
2649
4734
4223
3203
3277
2797
4205
2198
4438
2743
1023
3404
2626
5324
3033
4244
4641
1495
3463
1368
2324
3338
1490
1809
4019
414
3095
4909
849
785
747
2666
2093
2210
530
1281
2471
3537
1780
3977
3658
4596
2202
2297
4309
2714
2791
400
2434
795
4630
1887
99
4862
1652
4121
4340
3735
1356
861
1108
1663
5027
3727
3568
1941
621
2464
1025
3544
3113
2248
4787
1959
3084
5360
3902
1680
2230
1605
2017
288
5287
3745
4115
2822
2039
2807
5198
266
347
908
3137
980
2370
4258
1028
5149
4795
4055
4568
240
4635
2921
3684
3580
5155
4955
3255
4908
3682
2841
1832
1906
4094
4320
492
4329
3317
1085
867
2269
3490
2864
4343
2874
3005
3091
3879
1469
3765
1988
2566
5160
5144
1829
970
232
4911
5037
4712
2428
2043
4468
4405
2675
4240
4092
2200
1816
1541
1208
5205
5248
4771
559
3134
241
5353
4142
5161
2803
791
1788
783
1405
736
4573
1429
4327
3655
1698
890
2396
2843
639
5392
1260
2833
2919
3109
1935
1904
268
2938
1712
3585
5379
2710
4169
5009
4746
3827
5138
1011
4576
3309
4963
840
3494
1947
4671
1730
5070
1660
4685
2235
3108
822
59
3154
3356
3851
4767
73
3497
2369
1919
2655
4661
4237
2750
871
4201
1982
2496
3925
933
3425
384
3731
3234
175
1587
3720
4775
3630
128
3524
4459
3913
948
1494
1326
4860
837
5047
5239
973
53
2340
3018
5143
4612
3533
2121
1457
2476
842
4386
1566
3517
3884
231
5229
5091
4693
5086
3204
4747
3691
92
894
312
4570
5206
2266
2140
446
2885
4565
2156
2281
3960
3013
1418
3384
489
4050
2437
2355
2063
2845
4443
2226
2713
4594
2251
366
3427
4978
473
1949
2320
1280
2561
1842
2790
661
4118
2021
4701
4070
4894
1304
2763
2173
544
1443
5237
4445
4117
3587
4341
2234
3870
881
4229
3617
1083
5046
2453
2926
5247
1027
3554
4452
4197
4538
4928
3253
5320
25
1371
1489
2194
2101
3928
1736
4388
907
5318
3791
2818
4659
3090
856
3922
5097
996
4013
3262
3752
739
3160
897
4566
3491
4696
3092
2838
16
944
868
2323
972
1666
4740
390
2809
3481
3989
142
1764
1539
2270
2070
5295
3400
3889
58
4919
1275
4990
4863
1931
1953
1140
3448
502
3687
4473
5380
2772
809
3698
2308
1524
2389
3319
4791
1973
2273
475
803
2956
4313
4664
4041
1268
4104
1762
3062
1121
3035
698
4694
2024
1569
4488
1874
1894
3286
4799
3646
421
5304
3920
4346
3567
87
3351
4854
2376
418
1644
314
369
4886
4379
1377
35
1209
551
4550
5383
3728
3538
713
3177
2009
645
298
1315
119
3058
4245
3454
2691
537
65
4080
2454
1933
1222
2107
1395
4033
4381
1379
3377
553
1077
1964
2887
1670
5290
267
3457
4770
2117
1523
3496
5312
228
4334
4017
2892
571
4958
5405
3649
4038
1417
554
24
4120
179
4642
2955
962
1016
1661
4769
1905
5240
4564
1725
1419
2721
1628
1540
477
4723
3936
169
4204
2677
3796
2553
575
3350
5006
2490
3257
479
3688
326
2720
223
2594
4665
4832
914
5111
4484
2010
196
766
3513
4931
4218
1365
1029
3946
2058
4527
250
1911
1659
5019
3665
997
5169
4318
2674
1078
1517
2745
1606
4682
4546
185
5146
1555
2344
2697
428
386
4353
3784
3853
5129
2944
1740
5010
3036
3047
954
3132
2451
4183
3578
269
3522
927
1123
3260
397
3291
977
816
2436
4126
2552
2067
4865
427
3709
4466
1923
648
416
5066
3220
1839
3626
3866
748
2501
465
3840
3175
4801
2264
3668
2765
1768
4689
1272
324
2167
4097
4300
3126
1554
4195
2751
940
5393
2530
4182
4571
4516
810
5329
4626
4836
1665
343
5030
3334
1278
4153
769
1955
935
4248
4722
222
4850
2178
2827
354
5338
2085
3785
1563
3493
2432
4207
1050
2018
3875
572
2993
1845
4833
4264
1896
2457
3104
5127
2168
2706
4983
5327
2333
426
3370
5168
4993
3767
2732
2232
4541
5395
1814
2693
1877
4774
3149
1194
2
529
4704
103
880
2695
2035
3151
5107
2106
2735
500
4807
2119
3751
276
3097
2847
1064
3275
236
1040
1382
1183
4773
718
2036
870
1393
4857
5141
1296
1962
3815
1308
4075
5231
4622
2609
992
3437
499
252
3440
4084
2524
299
2412
2184
3303
491
2784
1289
4355
5081
5222
2375
4220
3940
4009
1197
403
3477
3313
3376
2274
4483
2382
4889
964
5090
338
4393
1100
4331
1977
2500
4881
1550
814
140
1190
1132
1475
525
3412
2579
4491
577
4112
2991
3938
5045
915
1375
1446
3950
4458
130
2805
2048
732
1570
3817
1463
1823
3763
2973
2004
1883
2911
655
2280
4031
4072
478
658
4841
2463
1175
1251
2604
2387
34
2748
5279
1499
1351
5184
4427
4406
4788
259
715
1485
2213
290
408
5136
3600
4478
4695
3107
4561
3441
3315
2571
3140
4074
1409
817
2535
1870
4953
3266
3541
4562
3647
876
539
2015
4533
2000
740
1191
1386
4528
3202
4066
5255
5108
2536
5361
498
1444
5345
1522
3320
245
534
2512
412
2891
3852
4732
4891
1286
495
1711
603
337
1230
596
1234
5196
2968
2047
874
1854
3584
3949
4756
1026
2326
5367
1231
3711
4917
4148
1477
3486
979
1975
3897
3809
4558
1437
215
4485
2349
4042
1707
2342
4316
4378
2180
1720
4688
2953
1402
2603
3395
1501
2407
4361
5121
2556
3811
2204
4649
1012
3102
415
710
319
1164
4301
3447
3613
94
72
4579
189
919
4090
1391
4639
2127
2245
556
3956
4128
1327
334
63
1951
2029
1518
513
3410
3184
4765
3968
4384
1792
5186
1596
42
663
2611
2051
509
246
4003
2300
4407
3512
2410
4804
2181
2731
2314
3492
5377
706
4460
2442
2443
2249
4637
4202
1622
2061
3867
1890
792
4525
3479
2984
629
4232
1750
4364
1394
3105
2468
4437
4543
1052
2856
4470
1094
2474
4333
5190
4500
4828
787
1558
4193
66
4351
1920
4034
4265
738
4373
2737
1034
5281
1641
4855
1513
3988
4453
4448
5245
3632
4572
12
2214
3413
2509
2928
1942
1846
265
819
4476
691
2945
3070
4858
2593
2739
2186
2261
4065
1690
1063
2209
2606
161
2223
3347
1111
1588
3411
768
863
17
2120
1976
913
2757
2123
5179
1010
4291
3295
2397
1214
3622
1181
1196
143
2319
3995
1796
1300
611
1465
4530
1574
2192
1969
460
305
5125
1811
1815
1155
3110
2600
2625
487
547
318
1171
4913
1560
3188
3774
1598
912
1508
1775
3017
1385
5038
56
2689
4322
4363
1944
331
2836
18
983
2386
755
1431
3043
2384
287
1270
1493
3209
1586
5257
4000
1838
2102
1855
1885
4984
4022
3805
5305
3011
729
1721
583
681
2125
5122
2138
4439
2709
60
1813
4967
2483
4731
4628
217
3363
229
3008
181
2239
839
3083
1227
4600
237
5396
2935
2403
4213
1568
967
3790
3721
2998
1073
3167
2789
1801
2630
2019
4420
4929
3164
295
2080
1684
2547
4810
2925
2608
3213
4586
3737
3530
1646
1739
3345
906
3254
3261
1591
271
4016
3718
3367
3616
2357
4547
4903
2151
3484
709
1348
3386
4274
1502
3332
650
3305
2026
5301
2331
5053
332
917
4666
5268
4268
3732
2961
3029
3060
1218
872
3589
1881
3868
3803
1509
3799
4548
3887
3939
574
2586
3314
981
15
4435
3862
3423
2089
3022
4133
5026
1086
3455
4575
1450
1705
4116
1701
2939
71
4617
4760
1019
2927
4088
654
1089
2895
4625
3871
1580
4813
4729
3906
2095
938
5154
2831
3804
1879
1172
756
1484
5014
1401
5023
712
1991
3596
2392
2284
328
2800
1112
4
1614
234
4856
3476
1238
4654
580
1047
4349
1514
2638
3680
3416
1688
1048
3046
351
8
3808
1630
456
2861
3142
1936
164
5119
101
3606
851
1602
345
4808
3786
3915
3456
2197
3706
47
2590
1248
2823
5224
4599
2422
5167
5098
3941
5048
2122
258
3482
5054
1167
371
4874
4418
1102
600
3232
3715
2546
5391
3749
3975
1629
4524
4506
1054
1381
2585
2969
230
2929
3702
592
2648
5311
3564
1014
2873
1557
447
494
4136
1799
4135
3561
780
612
506
2460
744
4745
1347
665
199
1822
176
2804
4161
3755
4940
1553
672
2607
508
2306
3284
445
4385
3924
3293
4971
5399
3025
1908
3985
1133
5381
2505
4082
2786
227
1984
671
5401
3281
1353
5220
1339
4829
4697
3857
4710
1765
3744
4008
2416
692
4173
1150
1915
798
882
1185
3172
160
801
2882
5385
2869
594
1559
618
4467
2742
2011
302
2368
512
4047
4887
708
3328
5126
4174
2519
5316
4145
2995
2769
1210
3528
4044
1298
39
2975
517
1383
536
484
2773
5176
1441
936
752
4262
3290
2372
4738
4523
5254
4124
113
1045
2947
2153
2523
2195
2543
1926
1321
2276
4450
4214
5336
1464
3002
3592
4108
2627
4209
1717
2495
1344
3324
690
2870
4996
619
4946
1119
1146
4898
2755
3052
413
3708
2884
4727
2081
1243
811
573
4645
4303
2191
4846
1177
4286
22
4759
5325
1617
5228
1506
941
5031
1795
2610
1593
1113
3374
585
1939
4150
4798
3133
1744
5366
3797
3743
2152
3231
1324
631
1388
1752
36
4815
911
730
3861
2701
2868
2834
1345
308
4186
3129
4673
211
2513
2113
4768
3431
2631
2160
2059
434
1126
3465
5180
3045
2285
4647
3997
2318
2664
2669
361
3391
1453
1612
3850
3311
1479
3405
3318
3629
4011
4819
2641
3121
2832
3501
2227
4417
167
4035
3445
879
61
4861
2862
3271
79
3694
4772
4778
4899
2305
458
4517
5089
3357
1151
1957
2130
3417
4005
5033
3185
760
968
1662
5018
5187
1749
2727
888
2429
2672
342
2798
43
3507
3611
4979
425
2126
1099
2946
3508
2076
2310
1097
3736
3436
4238
3557
300
5017
3019
830
3066
2456
2898
1412
3296
4270
1778
5012
1715
717
3620
625
3516
1193
5080
4638
793
550
3970
5275
195
4907
3722
4818
2115
1451
3998
2558
3558
1930
2462
1242
2078
2844
2482
5337
965
679
2624
490
3918
2304
2634
4280
5221
3876
1834
3470
3385
1352
154
336
3393
377
3414
2654
1525
2555
3821
674
4504
4680
4972
4755
4157
2667
2876
1301
1830
1433
2682
1421
721
1727
2084
348
2190
1950
2545
1109
4792
2511
20
4210
3430
3118
2597
4926
714
975
1219
4380
3030
3189
2262
2154
4069
2629
1269
777
4138
1595
2795
5382
3322
1090
3923
1127
2754
4653
3810
1216
1840
5266
4590
1432
1257
4683
4190
552
2217
2878
5204
3268
14
3944
4152
5243
4742
1422
4922
1806
3795
198
4413
3145
470
4272
5007
1774
5216
380
1945
3927
1722
2448
4741
4221
2777
2517
2871
399
4587
1531
812
2083
900
2391
1907
5389
4920
1397
2446
1392
4933
667
3076
2910
2183
921
2345
5332
2621
1305
515
3716
81
5133
5397
5234
1331
155
666
4260
2445
2767
1872
1362
966
4621
1916
389
4096
4580
3312
1511
3211
3221
3399
4749
1168
5058
2660
1914
2577
2371
1535
2559
5021
3235
3929
4163
3225
4025
4782
3741
1145
1407
4616
251
2171
4692
5330
3331
4052
2002
516
2846
2741
835
4675
1889
100
1766
4078
2653
3215
1770
3696
4170
2647
3832
519
52
3726
4288
3612
3270
3531
257
2444
1653
184
3993
1909
1810
4036
3837
2339
281
4261
4018
3139
1903
850
5300
493
1065
4531
468
1265
3712
4199
2824
3242
1364
2016
1592
937
3201
1060
2065
1657
4312
1075
2452
306
1639
1157
202
3914
