3512
2410
4804
2181
2731
2314
3492
5377
706
4460
2442
2443
2249
4637
4202
1622
2061
3867
1890
792
4525
3479
2984
629
4232
1750
4364
1394
3105
2468
4437
4543
1052
2856
4470
1094
2474
4333
5190
4500
4828
787
1558
4193
66
4351
1920
4034
4265
738
4373
2737
1034
5281
1641
4855
1513
3988
4453
4448
5245
3632
4572
12
2214
3413
2509
2928
1942
1846
265
819
4476
691
2945
3070
4858
2593
2739
2186
2261
4065
1690
1063
2209
2606
161
2223
3347
1111
1588
3411
768
863
17
2120
1976
913
2757
2123
5179
1010
4291
3295
2397
1214
3622
1181
1196
143
2319
3995
1796
1300
611
1465
4530
1574
2192
1969
460
305
5125
1811
1815
1155
3110
2600
2625
487
547
318
1171
4913
1560
3188
3774
1598
912
1508
1775
3017
1385
5038
56
2689
4322
4363
1944
331
2836
18
983
2386
755
1431
3043
2384
287
1270
1493
3209
1586
5257
4000
1838
2102
1855
1885
4984
4022
3805
5305
3011
729
1721
583
681
2125
5122
2138
4439
2709
60
1813
4967
2483
4731
4628
217
3363
229
3008
181
2239
839
3083
1227
4600
237
5396
2935
2403
4213
1568
967
3790
3721
2998
1073
3167
2789
1801
2630
2019
4420
4929
3164
295
2080
1684
2547
4810
2925
2608
3213
4586
3737
3530
1646
1739
3345
906
3254
3261
1591
271
4016
3718
3367
3616
2357
4547
4903
2151
3484
709
1348
3386
4274
1502
3332
650
3305
2026
5301
2331
5053
332
917
4666
5268
4268
3732
2961
3029
3060
1218
872
3589
1881
3868
3803
1509
3799
4548
3887
3939
574
2586
3314
981
15
4435
3862
3423
2089
3022
4133
5026
1086
3455
4575
1450
1705
4116
1701
2939
71
4617
4760
1019
2927
4088
654
1089
2895
4625
3871
1580
4813
4729
3906
2095
938
5154
2831
3804
1879
1172
756
1484
5014
1401
5023
712
1991
3596
2392
2284
328
2800
1112
4
1614
234
4856
3476
1238
4654
580
1047
4349
1514
2638
3680
3416
1688
1048
3046
351
8
3808
1630
456
2861
3142
1936
164
5119
101
3606
851
1602
345
4808
3786
3915
3456
2197
3706
47
2590
1248
2823
5224
4599
2422
5167
5098
3941
5048
2122
258
3482
5054
1167
371
4874
4418
1102
600
3232
3715
2546
5391
3749
3975
1629
4524
4506
1054
1381
2585
2969
230
2929
3702
592
2648
5311
3564
1014
2873
1557
447
494
4136
1799
4135
3561
780
612
506
2460
744
4745
1347
665
199
1822
176
2804
4161
3755
4940
1553
672
2607
508
2306
3284
445
4385
3924
3293
4971
5399
3025
1908
3985
1133
5381
2505
4082
2786
227
1984
671
5401
3281
1353
5220
1339
4829
4697
3857
4710
1765
3744
4008
2416
692
4173
1150
1915
798
882
1185
3172
160
801
2882
5385
2869
594
1559
618
4467
2742
2011
302
2368
512
4047
4887
708
3328
5126
4174
2519
5316
4145
2995
2769
1210
3528
4044
1298
39
2975
517
1383
536
484
2773
5176
1441
936
752
4262
3290
2372
4738
4523
5254
4124
113
1045
2947
2153
2523
2195
2543
1926
1321
2276
4450
4214
5336
1464
3002
3592
4108
2627
4209
1717
2495
1344
3324
690
2870
4996
619
4946
1119
1146
4898
2755
3052
413
3708
2884
4727
2081
1243
811
573
4645
4303
2191
4846
1177
4286
22
4759
5325
1617
5228
1506
941
5031
1795
2610
1593
1113
3374
585
1939
4150
4798
3133
1744
5366
3797
3743
2152
3231
1324
631
1388
1752
36
4815
911
730
3861
2701
2868
2834
1345
308
4186
3129
4673
211
2513
2113
4768
3431
2631
2160
2059
434
1126
3465
5180
3045
2285
4647
3997
2318
2664
2669
361
3391
1453
1612
3850
3311
1479
3405
3318
3629
4011
4819
2641
3121
2832
3501
2227
4417
167
4035
3445
879
61
4861
2862
3271
79
3694
4772
4778
4899
2305
458
4517
5089
3357
1151
1957
2130
3417
4005
5033
3185
760
968
1662
5018
5187
1749
2727
888
2429
2672
342
2798
43
3507
3611
4979
425
2126
1099
2946
3508
2076
2310
1097
3736
3436
4238
3557
300
5017
3019
830
3066
2456
2898
1412
3296
4270
1778
5012
1715
717
3620
625
3516
1193
5080
4638
793
550
3970
5275
195
4907
3722
4818
2115
1451
3998
2558
3558
1930
2462
1242
2078
2844
2482
5337
965
679
2624
490
3918
2304
2634
4280
5221
3876
1834
3470
3385
1352
154
336
3393
377
3414
2654
1525
2555
3821
674
4504
4680
4972
4755
4157
2667
2876
1301
1830
1433
2682
1421
721
1727
2084
348
2190
1950
2545
1109
4792
2511
20
4210
3430
3118
2597
4926
714
975
1219
4380
3030
3189
2262
2154
4069
2629
1269
777
4138
1595
2795
5382
3322
1090
3923
1127
2754
4653
3810
1216
1840
5266
4590
1432
1257
4683
4190
552
2217
2878
5204
3268
14
3944
4152
5243
4742
1422
4922
1806
3795
198
4413
3145
470
4272
5007
1774
5216
380
1945
3927
1722
2448
4741
4221
2777
2517
2871
399
4587
1531
812
2083
900
2391
1907
5389
4920
1397
2446
1392
4933
667
3076
2910
2183
921
2345
5332
2621
1305
515
3716
81
5133
5397
5234
1331
155
666
4260
2445
2767
1872
1362
966
4621
1916
389
4096
4580
3312
1511
3211
3221
3399
4749
1168
5058
2660
1914
2577
2371
1535
2559
5021
3235
3929
4163
3225
4025
4782
3741
1145
1407
4616
251
2171
4692
5330
3331
4052
2002
516
2846
2741
835
4675
1889
100
1766
4078
2653
3215
1770
3696
4170
2647
3832
519
52
3726
4288
3612
3270
3531
257
2444
1653
184
3993
1909
1810
4036
3837
2339
281
4261
4018
3139
1903
850
5300
493
1065
4531
468
1265
3712
4199
2824
3242
1364
2016
1592
937
3201
1060
2065
1657
4312
1075
2452
306
1639
1157
202
3914
