135
414
602
675
777
825
845
863
1017
1050
1052
1168
1259
1372
1400
1405
1418
1440
1449
1480
1522
1537
1543
1596
1633
1642
1661
1683
1707
1781
1811
1829
1835
1838
1858
1869
1877
1912
1972
1973
2007
2021
2024
2032
2044
2057
2089
2110
2122
2147
2148
2191
2223
2224
2226
2234
2262
2267
2269
2283
2288
2296
2300
2311
2336
2338
2397
2417
2420
2430
2445
2457
2463
2464
2491
2502
2503
2515
2537
2539
2543
2566
2570
2581
2609
2622
2640
2645
2653
2686
2722
2806
2822
2823
2829
2837
2838
2862
2905
2907
2920
2925
2929
2941
2948
2966
2974
3004
3025
3032
3045
3061
3064
3102
3153
3167
3183
3213
3238
3240
3268
3300
3313
3318
3319
3320
3323
3336
3386
3391
3472
3474
3485
3489
3510
3512
3517
3529
3560
3567
3601
3619
3649
