228
972
630
362
427
220
371
240
727
260
215
290
874
45
1016
818
858
299
424
757
423
216
238
913
632
463
893
898
348
438
390
383
499
35
705
135
82
207
937
964
617
726
781
132
845
467
825
604
753
465
803
404
429
1007
145
940
470
380
175
292
368
203
939
11
667
265
786
960
409
51
357
400
333
37
800
603
174
749
494
948
552
520
907
209
334
658
296
373
100
589
495
718
763
38
447
732
704
854
891
314
115
356
217
663
755
340
487
108
938
861
593
219
795
461
903
473
232
892
285
951
791
277
43
597
402
528
578
1005
714
440
271
504
846
493
728
195
582
278
769
957
419
633
574
478
113
183
1028
431
364
274
881
190
161
59
231
198
933
26
191
269
105
995
360
54
848
208
146
77
642
518
421
275
178
244
568
662
258
598
374
414
824
345
255
686
434
436
621
33
214
739
897
675
261
1023
32
530
21
944
16
920
78
120
319
139
507
323
560
654
67
181
159
721
3
785
696
873
659
553
610
765
22
237
661
352
681
72
286
682
911
268
877
985
955
886
822
488
167
563
151
103
1004
130
446
607
177
965
325
179
692
517
42
829
808
165
644
449
205
101
1011
93
73
337
182
575
239
624
514
685
841
339
249
31
954
199
684
645
622
941
481
44
708
64
929
652
491
14
18
583
788
810
925
328
453
851
157
246
321
998
251
486
450
480
187
592
743
702
916
263
227
870
759
588
742
1013
411
279
341
76
712
640
39
164
367
551
936
332
546
990
396
1003
559
523
816
2
184
243
149
914
756
787
986
355
709
790
30
503
895
136
738
616
310
372
407
60
1
222
980
767
12
343
168
107
223
885
647
442
331
192
370
997
444
835
804
547
676
834
91
843
47
815
806
521
322
541
69
492
131
294
397
762
477
544
189
959
283
392
433
628
27
946
522
887
548
489
694
170
695
747
826
673
545
455
629
977
902
353
988
41
365
259
250
648
512
160
722
963
386
730
956
967
882
989
731
63
317
484
441
92
557
142
451
6
1024
272
760
224
924
10
919
600
98
289
398
778
529
935
950
543
391
994
112
61
912
615
326
556
570
210
201
537
687
758
909
221
720
814
1006
204
627
247
879
558
469
856
683
783
156
511
458
86
498
864
711
454
978
699
375
650
270
871
906
336
784
351
24
796
121
850
338
399
329
982
330
230
212
426
579
193
84
20
23
403
173
901
393
639
723
118
363
1010
361
776
979
883
949
176
827
987
862
1017
926
634
276
875
349
884
847
52
539
710
910
15
996
102
324
75
445
305
983
148
564
561
8
844
772
460
565
975
200
462
497
586
945
1008
416
62
1022
636
128
1014
746
194
129
298
55
385
344
418
273
110
262
388
29
48
733
768
408
1000
500
789
366
981
443
479
606
235
974
536
734
303
256
780
1019
144
849
295
653
166
698
88
649
1027
496
124
327
890
430
809
703
678
717
801
605
524
311
515
241
180
831
464
89
927
36
840
316
576
1002
420
735
359
896
291
468
369
635
618
106
807
71
799
917
158
538
832
894
347
614
973
293
1021
857
590
509
693
601
700
562
930
57
1018
679
457
527
66
437
342
900
761
666
872
410
802
643
690
774
660
134
836
798
899
587
50
123
729
782
669
736
821
581
87
354
377
915
185
280
943
976
571
236
794
867
770
932
428
775
671
1026
7
724
664
99
584
226
555
382
153
282
335
550
482
839
880
921
752
889
533
837
535
626
869
456
401
81
773
637
406
476
96
466
1025
506
28
378
417
439
253
534
549
969
40
670
49
141
508
225
425
830
304
70
122
655
922
750
952
805
19
104
572
567
474
777
56
415
737
828
953
117
257
116
823
613
532
395
868
876
502
202
612
376
764
745
307
211
501
137
599
172
918
188
619
713
266
85
526
751
267
519
602
691
346
109
931
585
993
384
1015
459
155
962
855
248
114
878
313
287
707
865
79
740
688
842
513
942
405
74
984
510
284
379
95
143
863
999
302
860
668
301
961
350
888
297
813
358
820
923
754
1012
147
242
483
127
566
680
315
595
300
689
812
817
947
580
531
968
542
540
792
196
934
25
677
970
853
140
715
312
162
651
641
811
412
9
90
154
1020
58
234
229
245
554
716
971
94
485
569
577
833
657
65
389
83
611
1009
17
646
4
631
97
992
13
435
966
656
525
958
475
516
819
308
381
991
80
741
432
472
233
793
111
620
34
413
719
252
163
625
186
638
306
904
171
452
591
674
490
422
744
318
254
213
126
665
596
197
309
697
281
766
68
771
852
133
866
608
573
138
206
152
1001
53
125
