368
1559
229
1584
1204
2683
4065
498
2776
3569
897
2649
2929
1623
1858
3220
2453
2550
2833
4040
2213
1663
3367
5255
1760
1767
4827
765
4702
3925
2060
171
1854
1161
4292
4939
1995
2573
3704
4533
4213
3126
1614
392
3611
2136
190
5128
4456
3654
2828
5338
5227
2253
2368
874
2925
7
2909
2320
389
1939
1578
3667
2715
2655
1583
115
2273
5173
1142
4346
4923
4190
341
4435
191
462
4453
1941
751
170
2745
5252
1290
1023
5020
2554
4906
4504
308
4484
4420
4674
3362
4878
1652
4075
4947
2543
2485
5238
5069
908
3727
4615
756
3186
2980
2177
4329
2265
3566
3598
3062
47
3271
802
2084
2682
2333
771
382
1543
66
509
420
3000
3798
4950
3431
494
4146
3617
3021
2611
5234
3207
330
214
4313
4531
4794
2296
5299
3988
4412
2110
484
1816
1136
2249
4826
595
526
5123
3391
3633
4925
3889
468
1331
4700
1971
2903
3811
622
1914
900
3699
982
2352
1060
4841
1654
355
1860
4136
109
53
4139
788
3621
2437
3372
605
1426
3127
1999
2607
1857
5235
2318
706
906
1496
921
2921
1554
2176
2623
5080
1364
3702
3571
1405
2321
1112
5044
2719
612
2314
1404
219
4059
3308
3906
1457
4445
772
2692
4348
5390
5095
5088
5115
3014
1755
607
4042
3799
3054
3958
1657
1447
1456
3833
685
2878
3148
1440
4888
2523
3676
1452
4086
4783
1766
2156
1193
3439
3539
1483
616
235
658
4877
3556
1806
1385
997
3922
4554
5271
1481
2220
1953
174
3994
1872
4737
4598
43
2669
45
3832
2212
138
529
4595
1501
4714
6
1824
1015
3252
4013
4596
3618
2705
4250
175
2036
4592
337
3083
483
2059
2539
3709
3065
4561
1356
3116
1689
566
3
836
4078
5056
5023
1993
427
3779
1705
3634
940
2100
2303
3164
2390
263
1527
4622
3773
2801
438
364
4710
4671
2565
3481
2270
3273
5152
3642
3433
3287
857
1542
4538
1557
1261
1856
918
290
5017
2245
4580
1183
1957
532
1220
670
3745
2455
4017
3047
1276
4426
780
4764
1205
4021
260
246
2397
2195
1101
2707
3445
4171
4913
2442
5011
3965
72
1080
5354
3668
455
1143
4766
4234
238
325
4523
4983
4421
1564
5352
5005
4033
2924
4550
198
208
2574
4319
3049
4462
2755
370
406
5118
3102
3015
