2687
578
315
2173
3507
2798
1656
976
2777
4314
1113
4263
1680
1449
2053
954
4177
4815
4672
849
4488
4344
1803
5141
2169
3901
2071
4173
3463
3247
3887
3158
3131
4020
4505
2890
74
1432
2791
2289
4401
1099
4688
1534
2428
2965
604
4073
2347
1024
2017
157
4859
899
2388
3459
2685
3521
4846
2631
142
310
5386
516
5314
1648
4713
5232
1041
2420
3984
4885
825
1900
210
3359
2621
1934
1379
964
3517
673
1277
4286
3678
1267
2787
5363
4863
3188
3639
1853
327
2246
3193
1401
2710
5013
4663
5378
3843
702
3214
2544
4760
3011
4444
3740
777
3034
1998
2729
1494
3206
1955
5022
4276
2438
1533
3509
5209
1783
3010
4933
1727
5178
2462
4044
3997
4006
5171
823
4284
318
1735
3915
20
3614
5397
3944
3093
1370
2956
1240
425
3977
3254
3853
1541
4626
2934
4914
2575
3772
2879
1100
4872
3402
2149
471
4312
3560
4919
2567
2887
5067
3903
5159
5370
4991
334
4922
2959
3964
4249
991
861
619
1544
2339
790
3212
644
3624
1596
2112
3376
4525
3200
3680
4371
265
2373
942
1605
2182
5061
3343
1246
3626
2482
972
1164
4571
3279
752
892
4395
4331
1846
5117
2766
960
5190
3040
3356
3321
3211
4879
3590
2526
4114
1039
3583
18
1952
4759
657
2511
890
4980
1788
2627
3302
4227
729
3863
4987
5335
3246
984
2792
1514
2359
5187
3226
690
2070
4790
5398
3819
154
3282
1485
3472
1511
2866
1775
1369
4502
4094
3434
1633
129
2448
4510
1420
3924
2254
3016
4470
4205
473
1932
3669
2391
4277
1574
3959
4239
5199
5090
4853
2806
2602
1365
4030
5097
852
4345
2638
1519
1038
3857
2647
2690
5304
1067
2860
3312
1740
4023
5368
5327
4777
1523
2233
3604
4034
1987
4771
5309
2360
2534
4262
3410
5050
3484
3599
4776
4660
4664
1927
2185
3868
2131
3412
4640
1434
2256
4322
282
4704
4657
646
189
1029
2370
1158
356
1638
3824
3123
4302
4729
4015
1849
3454
4647
1744
4037
1761
1491
3232
1225
3142
3919
2978
5376
4432
2570
640
4459
2013
3242
116
5174
343
1150
3532
832
4675
108
3697
2134
4520
513
708
4942
3119
3873
2928
3109
5109
2893
4883
665
3494
1660
77
4450
545
3104
838
301
388
3842
4780
2221
2926
477
2667
1795
1407
2994
4524
95
4981
4170
3538
2050
1750
5147
2476
2568
4974
2423
3320
2730
3856
5393
1347
5009
3274
4842
4485
3067
1937
2992
4804
4123
4287
3261
844
4367
4154
2585
809
4689
1681
4216
839
2449
2762
4915
2769
21
4651
2384
1668
5306
2042
3897
781
3374
4358
3845
3090
4825
1436
567
3880
2876
785
4653
252
4259
83
2301
962
3738
1084
3786
1119
551
1521
4781
1374
2619
2263
1367
1923
842
1186
4270
3314
1991
2957
2276
3766
4811
5038
568
5026
1922
4273
2832
1961
96
727
3616
1332
1530
4600
1687
5108
5063
3829
2275
2261
2199
1235
3205
3305
1148
38
5226
3641
272
585
2713
2752
2684
649
4733
510
2604
5344
596
2800
3156
3447
618
488
4248
2704
31
3597
2643
1667
703
1399
888
3899
241
1647
3487
5104
1732
2464
654
826
2418
3283
1478
4706
4256
3713
2179
4750
4792
2404
3844
953
2478
94
1258
3902
1388
3657
909
2758
4283
3986
1869
4850
3733
92
2728
1009
412
3716
3152
3862
4803
3591
1200
2528
3323
4892
4135
5231
3059
951
1637
3295
1165
5319
2593
2405
1899
2761
2452
5105
4365
4604
4492
485
1919
4614
3572
865
1054
1028
288
167
4862
3022
3228
5383
5294
3888
2159
2025
693
4765
3004
1880
283
4676
555
3809
528
4721
4968
4176
4118
2316
2043
3135
345
4720
3840
432
4845
2665
3414
3306
1585
1931
2118
3796
2167
3825
1417
1317
4405
1694
614
3230
1560
1820
4461
2
1871
4963
2222
373
1942
2911
3319
3912
168
3561
1974
638
835
3962
41
1551
2465
2030
4092
4266
2081
2817
5126
4207
2889
1438
176
1896
776
4724
3516
4775
3943
1682
2280
3751
273
998
2219
1402
1617
1273
886
5099
5247
625
4816
2535
4607
5324
3181
149
279
5253
1608
5289
3255
4356
4834
5280
4995
1730
3760
968
1839
314
2402
4184
3462
2382
4407
3103
2282
4214
4327
326
1895
4349
1207
4003
5160
5345
2260
1562
207
2408
2469
2308
2756
3270
992
2609
1393
333
3336
3723
2006
1807
871
56
2082
952
215
4835
1706
267
1710
4967
860
855
3630
4051
1772
1789
893
184
444
2564
811
5031
4973
1586
3149
1947
4350
3960
5191
2243
487
1129
2132
5136
2696
2488
5307
1412
3612
1488
1685
4929
2927
854
1093
3761
2349
5177
620
1340
3677
3130
5364
5102
744
4796
2808
1979
2920
3216
5248
500
153
3366
932
3408
3309
3303
3251
5286
4340
188
2515
3937
1809
3337
456
4649
107
3326
5027
5361
3601
689
197
312
2381
1175
1156
2323
956
3565
4016
3577
4541
1034
2981
1960
540
1046
603
3475
2057
869
5094
3518
5279
3851
2431
1031
3519
3978
3050
1619
3531
2000
2116
2277
1453
4341
3778
4726
2562
499
934
764
4152
5250
5155
1635
1621
1262
3235
4736
3133
4848
1389
4692
5055
5036
1561
3285
1486
783
1812
4014
912
1047
4959
3948
1765
2496
4278
3310
1137
1728
3389
4590
5365
245
3705
927
2718
3746
4873
408
822
718
4080
2569
3465
4219
974
3416
1468
2207
3358
1980
725
3327
1582
1677
1967
1738
1683
5298
2317
1282
554
4610
5372
5182
4941
2923
4542
1259
3280
2615
1450
251
3792
4799
944
1711
1946
3385
4296
1245
2873
2519
3024
2750
2982
1469
3265
402
522
3069
4670
5347
573
5251
3171
2266
2225
4397
3407
3189
1000
3208
119
2932
3893
5277
4372
5259
1248
