========================================================================================
COMPREHENSIVE PICKLE FILE DATA - ALL 12 OBJECTS
========================================================================================

DATASET OVERVIEW
----------------------------------------------------------------------------------------
Training instances: 19,241
Test instances: 1,029
Users: 1,029
Items: 542
Social connections: 306 users
Score levels: 8

========================================================================================
1. history_u_lists: User → Items Interacted
========================================================================================
Total: 1,029 users

User    1:  20 items → [287, 352, 434, 183, 415, 134, 134, 438, 134, 134, 2, 134, 394, 134, 134, 274, 274, 274, 274, 457]
User    2:  12 items → [351, 455, 439, 518, 346, 318, 439, 24, 521, 25, 439, 250]
User    3: 238 items → [273, 439, 488, 379, 488, 138, 439, 499, 439, 504, 504, 504, 488, 488, 488, 439, 439, 347, 351, 409]
User    4:  24 items → [186, 358, 433, 28, 358, 188, 24, 388, 354, 433, 28, 510, 129, 189, 189, 186, 189, 8, 226, 66]
User    5:  22 items → [323, 24, 475, 212, 358, 333, 30, 386, 239, 170, 394, 220, 344, 344, 134, 134, 134, 70, 274, 274]
User    6:  13 items → [455, 260, 420, 24, 393, 258, 258, 386, 323, 258, 259, 223, 91]
User    7:  10 items → [24, 393, 358, 358, 358, 222, 223, 91, 8, 287]
User    8:  12 items → [24, 24, 24, 24, 529, 523, 355, 386, 359, 475, 30, 303]
User    9:   8 items → [345, 194, 80, 20, 307, 407, 147, 249]
User   10:  27 items → [19, 105, 411, 174, 359, 85, 268, 186, 205, 333, 299, 299, 112, 172, 21, 108, 108, 222, 203, 381]

========================================================================================
2. history_ur_lists: User → Rating Indices (ALREADY CONVERTED!)
========================================================================================
Total: 1,029 users

User    1:  20 ratings → [6, 6, 6, 6, 6, 6, 6, 6, 6, 6, 6, 6, 6, 6, 6, 6, 6, 6, 6, 6]
User    2:  12 ratings → [5, 5, 5, 5, 5, 5, 5, 5, 5, 5, 5, 5]
User    3: 238 ratings → [5, 5, 5, 5, 5, 5, 5, 5, 5, 5, 5, 5, 5, 5, 5, 5, 5, 5, 5, 5]
User    4:  24 ratings → [2, 2, 2, 2, 2, 2, 2, 2, 2, 2, 2, 2, 2, 2, 2, 2, 2, 2, 2, 2]
User    5:  22 ratings → [2, 2, 2, 2, 2, 2, 2, 2, 2, 2, 2, 2, 2, 2, 2, 2, 2, 2, 2, 2]
User    6:  13 ratings → [1, 1, 1, 1, 1, 1, 1, 1, 1, 1, 1, 1, 1]
User    7:  10 ratings → [2, 2, 2, 2, 2, 2, 2, 2, 2, 2]
User    8:  12 ratings → [0, 0, 0, 0, 0, 0, 0, 0, 0, 0, 0, 0]
User    9:   8 ratings → [0, 0, 0, 0, 0, 0, 0, 0]
User   10:  27 ratings → [0, 0, 0, 0, 0, 0, 0, 0, 0, 0, 0, 0, 0, 0, 0, 0, 0, 0, 0, 0]

========================================================================================
3. history_v_lists: Item → Users Interacted
========================================================================================
Total: 542 items

Item  287: 125 users → [1, 7, 18, 20, 20, 20, 26, 49, 96, 96, 96, 96, 96, 96, 96, 96, 96, 96, 96, 96]
Item  352:  17 users → [1, 81, 96, 168, 239, 266, 299, 352, 405, 407, 648, 712, 744, 788, 805, 829, 837]
Item  434:  69 users → [1, 20, 23, 31, 43, 75, 160, 161, 239, 239, 241, 243, 245, 245, 263, 289, 352, 367, 371, 377]
Item  183:  81 users → [1, 17, 30, 34, 43, 117, 117, 126, 126, 126, 130, 140, 140, 168, 170, 170, 173, 239, 239, 249]
Item  415:  77 users → [1, 31, 34, 52, 75, 81, 88, 104, 119, 135, 147, 160, 166, 185, 189, 205, 208, 209, 233, 240]
Item  134:  37 users → [1, 1, 1, 1, 1, 1, 1, 5, 5, 5, 18, 28, 46, 231, 266, 267, 267, 267, 274, 310]
Item  438:   4 users → [1, 629, 706, 808]
Item    2:   8 users → [1, 49, 168, 289, 440, 446, 516, 895]
Item  394:  32 users → [1, 5, 11, 23, 30, 46, 106, 130, 130, 233, 267, 270, 306, 310, 310, 324, 354, 364, 425, 463]
Item  274: 108 users → [1, 1, 1, 1, 5, 5, 5, 5, 11, 30, 46, 96, 104, 121, 130, 141, 152, 168, 170, 172]

========================================================================================
4. history_vr_lists: Item → Rating Indices (ALREADY CONVERTED!)
========================================================================================
Total: 542 items

Item  287: 125 ratings → [6, 2, 5, 6, 6, 6, 6, 5, 7, 7, 7, 7, 7, 7, 7, 7, 7, 7, 7, 7]
Item  352:  17 ratings → [6, 6, 7, 7, 7, 5, 6, 6, 7, 7, 7, 6, 6, 6, 7, 5, 6]
Item  434:  69 ratings → [6, 6, 1, 0, 1, 1, 4, 6, 7, 7, 6, 2, 5, 5, 6, 5, 6, 6, 6, 6]
Item  183:  81 ratings → [6, 6, 7, 5, 1, 7, 7, 7, 7, 7, 6, 6, 6, 7, 5, 5, 6, 7, 7, 6]
Item  415:  77 ratings → [6, 0, 5, 7, 1, 6, 0, 2, 6, 5, 7, 4, 7, 5, 6, 6, 4, 1, 7, 5]
Item  134:  37 ratings → [6, 6, 6, 6, 6, 6, 6, 2, 2, 2, 5, 2, 4, 0, 5, 7, 7, 7, 2, 1]
Item  438:   4 ratings → [6, 3, 6, 6]
Item    2:   8 ratings → [6, 5, 7, 5, 6, 6, 6, 5]
Item  394:  32 ratings → [6, 2, 3, 1, 7, 4, 5, 6, 6, 7, 7, 7, 1, 1, 1, 2, 0, 7, 5, 7]
Item  274: 108 ratings → [6, 6, 6, 6, 2, 2, 2, 2, 3, 7, 4, 7, 2, 1, 6, 7, 1, 7, 5, 6]

========================================================================================
5-7. TRAINING DATA (train_u, train_v, train_r)
========================================================================================
Total instances: 19,241
Unique users: 1,029
Unique items: 542

First 50 instances:
#     User   Item   Score(float)  WrongIdx   CorrectIdx
----------------------------------------------------------------------------------------
0     1      287    1.0           1          1
1     1      352    2.0           2          3
2     1      434    1.5           1          2
3     1      183    1.5           1          2
4     1      415    1.5           1          2
5     1      134    2.0           2          3
6     1      134    2.0           2          3
7     1      438    3.0           3          5
8     1      134    2.0           2          3
9     1      134    2.0           2          3
10    1      2      2.5           2          4
11    1      134    2.0           2          3
12    1      394    2.0           2          3
13    1      134    2.0           2          3
14    1      134    2.0           2          3
15    1      274    1.0           1          1
16    1      274    1.0           1          1
17    1      274    1.0           1          1
18    1      274    1.0           1          1
19    1      457    3.5           3          6
20    2      351    1.5           1          2
21    2      455    0.5           0          0
22    2      439    0.5           0          0
23    2      518    1.5           1          2
24    2      346    1.5           1          2
25    2      318    1.0           1          1
26    2      439    0.5           0          0
27    2      24     1.0           1          1
28    2      521    1.0           1          1
29    2      25     2.5           2          4
30    2      439    0.5           0          0
31    2      250    1.5           1          2
32    3      273    1.0           1          1
33    3      439    0.5           0          0
34    3      488    0.5           0          0
35    3      379    1.0           1          1
36    3      488    0.5           0          0
37    3      138    2.0           2          3
38    3      439    0.5           0          0
39    3      499    1.0           1          1
40    3      439    0.5           0          0
41    3      504    1.0           1          1
42    3      504    1.0           1          1
43    3      504    1.0           1          1
44    3      488    0.5           0          0
45    3      488    0.5           0          0
46    3      488    0.5           0          0
47    3      439    0.5           0          0
48    3      439    0.5           0          0
49    3      347    1.0           1          1

Score distribution in train_r:
  0.5: 11,913 (61.91%)
  1.0:  2,904 (15.09%)
  1.5:  2,767 (14.38%)
  2.0:  1,048 ( 5.45%)
  2.5:    381 ( 1.98%)
  3.0:    126 ( 0.65%)
  3.5:     66 ( 0.34%)
  4.0:     36 ( 0.19%)

========================================================================================
8-10. TEST DATA (test_u, test_v, test_r)
========================================================================================
Total instances: 1,029
Unique users: 1,029
Unique items: 195

First 50 instances:
#     User   Item   Score(float)  WrongIdx   CorrectIdx
----------------------------------------------------------------------------------------
0     1      198    0.5           0          0
1     2      33     0.5           0          0
2     3      50     2.0           2          3
3     4      186    0.5           0          0
4     5      260    1.0           1          1
5     6      379    0.5           0          0
6     7      521    0.5           0          0
7     8      24     0.5           0          0
8     9      421    0.5           0          0
9     10     196    0.5           0          0
10    11     188    0.5           0          0
11    12     279    0.5           0          0
12    13     220    0.5           0          0
13    14     310    0.5           0          0
14    15     137    0.5           0          0
15    16     260    0.5           0          0
16    17     439    0.5           0          0
17    18     318    1.0           1          1
18    19     531    1.0           1          1
19    20     44     1.5           1          2
20    21     340    1.5           1          2
21    22     507    0.5           0          0
22    23     24     0.5           0          0
23    24     379    1.5           1          2
24    25     299    0.5           0          0
25    26     410    2.5           2          4
26    27     426    0.5           0          0
27    28     365    0.5           0          0
28    29     66     0.5           0          0
29    30     409    1.0           1          1
30    31     284    0.5           0          0
31    32     236    0.5           0          0
32    33     488    0.5           0          0
33    34     434    1.5           1          2
34    35     226    0.5           0          0
35    36     345    0.5           0          0
36    37     66     0.5           0          0
37    38     279    0.5           0          0
38    39     515    2.0           2          3
39    40     215    0.5           0          0
40    41     340    1.5           1          2
41    42     84     0.5           0          0
42    43     112    0.5           0          0
43    44     488    0.5           0          0
44    45     455    0.5           0          0
45    46     198    0.5           0          0
46    47     260    0.5           0          0
47    48     155    1.5           1          2
48    49     439    0.5           0          0
49    50     24     0.5           0          0

Score distribution in test_r:
  0.5:  724 (70.36%)
  1.0:  140 (13.61%)
  1.5:  119 (11.56%)
  2.0:   23 ( 2.24%)
  2.5:   15 ( 1.46%)
  3.0:    5 ( 0.49%)
  3.5:    3 ( 0.29%)

========================================================================================
11. social_adj_lists: User → Social Connections
========================================================================================
Total users: 306
Total connections: 901
Avg connections: 2.94

User    2:  22 connections → [265, 653, 397, 785, 19, 533, 934, 45, 49, 572, 967, 713, 596, 471, 600]
User    3:   1 connections → [426]
User   12:   1 connections → [266]
User   19:   1 connections → [765]
User   20:  23 connections → [653, 19, 533, 800, 162, 934, 550, 45, 687, 572, 829, 61, 323, 964, 967]
User   23:   7 connections → [865, 774, 554, 909, 783, 1015, 796]
User   28:   1 connections → [909]
User   33:   2 connections → [533, 262]
User   44:   9 connections → [800, 934, 232, 653, 687, 471, 440, 217, 895]
User   47:   1 connections → [909]

========================================================================================
12. ratings_list: Score → Index Mapping (THE KEY!)
========================================================================================

Score    →   Index    Description
----------------------------------------------------------------------------------------
0.5      →   0        Lowest trust × engagement
1.0      →   1        Very low trust × engagement
1.5      →   2        Low-medium trust × engagement
2.0      →   3        Medium-low trust × engagement
2.5      →   4        Medium trust × engagement
3.0      →   5        Medium-high trust × engagement
3.5      →   6        High trust × engagement
4.0      →   7        Highest trust × engagement

========================================================================================
END OF COMPREHENSIVE DATA
========================================================================================
