137
949
123
157
275
155
199
993
713
19
13
774
790
468
883
967
706
512
726
304
128
691
325
786
233
116
808
217
617
421
183
475
600
293
395
999
750
282
821
640
759
766
1009
815
187
175
607
254
194
867
107
499
315
605
179
492
881
563
204
991
111
537
263
459
503
431
513
670
215
439
851
299
946
732
484
404
502
797
18
994
915
1024
772
397
347
788
257
178
907
871
611
884
339
911
323
594
79
845
680
1000
353
214
778
891
371
291
785
33
501
681
223
297
712
637
10
350
359
741
520
599
105
746
1007
126
161
948
719
613
36
556
552
677
426
589
710
546
506
716
167
978
524
932
805
280
75
646
140
798
389
822
758
517
401
451
656
684
345
846
151
163
383
869
24
343
237
407
153
638
626
697
239
735
200
814
176
539
541
158
94
203
375
659
970
294
432
476
437
783
483
761
3
84
185
655
523
419
39
40
201
661
212
998
433
216
168
448
809
813
245
1008
42
198
586
164
61
770
134
443
831
49
87
742
131
686
367
424
919
78
17
826
377
975
243
271
856
629
595
378
1014
780
722
575
834
234
417
781
535
141
685
687
528
71
509
700
644
769
63
1004
74
854
307
793
192
986
579
862
1017
220
112
929
316
549
452
653
829
752
717
896
835
186
138
839
73
765
667
604
15
145
899
508
833
760
229
721
997
730
703
749
408
269
564
864
1005
462
80
445
630
754
391
550
30
29
321
255
328
945
995
146
649
260
31
481
916
374
333
197
4
231
527
789
664
963
314
494
698
675
937
583
913
122
548
879
372
464
1018
989
956
132
144
709
931
115
252
489
65
411
349
690
603
852
545
679
162
557
253
1012
405
25
46
124
230
268
156
695
666
193
320
66
859
842
72
14
923
988
757
346
240
12
736
1002
807
399
562
289
705
400
208
352
874
365
487
103
555
118
773
918
109
471
6
510
104
762
1003
992
935
592
895
538
38
295
887
235
287
101
23
888
894
250
454
1
570
516
906
702
363
540
505
259
678
1019
849
974
174
900
446
904
816
731
58
806
650
181
342
763
901
96
495
566
396
890
244
940
219
616
953
818
804
581
238
959
85
206
672
224
634
526
838
500
533
738
284
1006
83
567
734
159
880
348
125
530
544
425
803
485
1025
515
872
44
536
308
620
382
380
414
37
312
853
412
903
693
688
792
195
531
416
886
817
147
428
370
76
356
782
651
584
802
113
590
45
740
458
296
876
767
434
482
921
470
188
950
683
755
469
627
902
120
739
381
830
588
474
386
450
587
912
593
873
601
628
823
924
820
338
847
504
47
507
22
1011
394
54
202
572
91
947
318
273
340
127
251
423
1028
165
191
764
518
98
336
707
692
460
300
364
941
92
811
1027
877
720
35
917
26
444
621
310
776
578
357
222
1022
568
278
249
288
633
718
756
301
387
642
753
619
354
631
290
747
961
384
135
180
614
725
82
977
473
779
597
922
665
1013
733
674
768
1001
660
438
57
663
598
302
745
392
418
270
866
908
43
576
892
493
64
914
262
366
430
130
385
77
861
93
791
652
944
612
819
196
133
910
55
615
855
2
435
669
456
796
863
429
825
480
810
641
775
335
169
668
48
559
298
41
311
60
865
143
936
440
403
171
227
529
748
1010
824
457
337
465
5
837
97
737
329
577
610
498
715
596
149
100
88
390
841
361
943
496
676
67
795
360
139
81
221
1020
410
519
889
50
142
743
281
987
267
928
28
247
930
447
972
624
727
565
398
585
971
606
990
317
514
893
21
277
984
844
696
909
582
355
1026
980
248
9
654
52
393
832
645
409
406
966
547
379
976
682
441
982
673
326
324
955
938
964
960
898
951
420
657
711
189
8
561
283
182
99
1021
334
236
981
213
173
211
632
996
801
436
184
965
102
303
714
800
110
625
920
623
968
522
639
150
27
232
148
69
497
799
751
689
306
551
827
292
358
694
276
843
209
341
90
478
569
643
574
636
53
958
939
857
246
602
1023
241
532
521
279
136
860
543
648
573
848
242
362
985
784
402
274
554
836
954
925
121
207
467
542
591
369
56
225
534
32
106
322
190
205
89
261
926
647
95
11
266
256
609
351
285
51
415
491
177
59
463
388
905
466
152
108
488
376
882
368
373
218
979
228
486
858
170
870
812
662
934
265
671
461
422
442
708
453
114
327
286
728
878
618
558
449
313
62
34
771
427
68
571
129
897
305
777
933
973
952
927
875
330
479
828
272
413
885
331
70
455
622
210
580
511
477
172
942
840
264
957
553
983
490
962
560
7
119
1015
1016
160
344
20
154
525
658
724
704
86
472
969
635
319
868
166
729
787
608
226
117
699
723
850
332
744
794
16
701
258
309
