987
489
306
394
809
945
739
720
897
1002
814
540
625
847
544
877
921
194
17
247
980
624
66
174
91
316
783
392
421
354
73
986
895
944
641
784
745
730
574
850
226
312
111
88
361
85
227
347
180
596
589
55
335
706
329
785
551
82
667
330
175
585
878
605
998
547
432
370
239
893
692
740
973
616
76
166
736
122
358
332
112
433
466
1025
5
490
1005
135
752
915
675
389
953
1015
742
767
527
837
478
86
465
846
874
202
437
887
737
144
789
509
687
136
267
183
778
519
235
591
782
124
69
760
139
448
419
8
196
289
238
368
189
121
404
712
1017
903
951
796
45
794
150
415
190
575
34
722
681
610
81
216
425
414
140
646
398
565
833
911
886
97
162
556
941
171
63
313
259
976
384
819
165
1019
169
303
841
622
355
390
557
400
758
769
192
619
657
249
924
507
379
49
643
244
1008
460
828
351
626
512
473
483
357
581
278
965
253
1016
143
184
137
883
766
418
367
587
718
703
203
876
314
155
452
208
875
663
141
899
683
738
671
704
818
197
523
362
859
995
427
981
286
727
134
254
600
806
654
867
89
492
634
475
974
593
555
999
32
721
234
40
38
209
412
790
672
771
383
749
651
62
334
47
2
613
815
23
268
960
884
395
458
853
164
542
285
230
298
659
870
726
890
444
795
799
472
832
307
968
61
500
493
560
213
269
537
558
462
411
776
835
811
710
702
290
966
431
931
231
708
161
441
488
401
250
67
156
576
95
647
236
107
772
372
152
535
680
117
16
954
75
608
257
103
618
545
305
494
271
724
64
629
224
469
928
436
648
645
617
176
510
592
894
277
553
369
524
110
26
733
848
705
711
42
979
363
18
597
12
455
972
229
908
471
536
661
696
417
685
30
775
700
991
699
793
584
350
779
167
364
416
35
773
168
595
728
715
549
759
939
199
463
41
786
371
879
942
763
511
644
761
697
515
98
677
373
100
930
360
872
9
881
564
291
900
464
725
191
982
913
820
526
990
632
491
746
688
403
58
577
308
856
957
656
310
905
116
678
889
204
695
133
601
496
566
31
892
612
126
288
343
838
970
72
615
693
366
691
130
583
573
248
552
635
447
936
873
716
503
541
906
52
1026
690
854
439
628
707
206
195
215
741
319
689
717
53
907
817
910
961
108
426
614
326
579
380
825
123
866
864
84
719
225
387
531
304
22
424
301
621
522
482
393
295
44
159
563
836
937
747
816
729
952
154
440
318
219
37
909
445
245
258
633
181
327
499
1021
377
781
607
652
324
994
385
457
842
260
339
6
498
943
977
331
598
734
409
1018
539
461
221
709
777
27
148
210
830
532
862
129
534
223
788
15
983
200
713
19
855
808
896
365
623
21
39
567
831
101
115
102
163
1028
851
898
105
933
485
454
294
406
381
770
232
571
487
1020
922
679
187
636
868
517
359
682
586
521
275
934
548
261
925
90
341
559
280
1009
292
273
468
568
228
668
827
604
396
333
459
723
131
920
263
824
251
606
142
186
388
964
300
172
497
158
959
743
423
185
222
923
849
146
538
420
128
764
839
80
955
317
594
453
104
68
320
399
570
283
495
170
264
975
477
28
51
270
138
754
14
582
1010
985
274
642
858
562
840
988
590
83
282
530
821
328
780
217
673
410
173
179
950
912
109
340
627
438
797
662
938
160
481
214
20
822
694
240
664
265
321
79
127
484
1027
698
201
408
435
25
56
735
1012
1024
514
655
916
969
106
501
322
513
701
43
13
658
65
276
311
670
904
114
1006
54
132
805
402
751
413
984
857
948
588
386
826
299
443
211
434
87
119
823
255
405
151
182
356
529
801
810
207
193
149
178
29
660
177
125
649
205
293
732
744
348
241
731
550
78
338
804
792
120
1023
92
1
243
352
918
865
756
653
449
99
430
198
753
297
11
561
829
518
36
631
397
861
256
956
927
59
996
323
70
266
309
630
93
674
993
1014
378
748
1001
650
233
46
885
467
528
958
807
337
24
639
768
376
533
978
48
504
863
640
620
844
476
611
450
676
525
869
845
852
1022
666
765
346
336
96
1004
929
428
914
118
60
757
502
665
882
353
1003
602
1000
791
456
451
262
946
762
287
891
505
1011
1013
926
508
220
252
479
962
902
714
7
302
755
813
802
145
919
474
446
113
429
917
4
1007
153
279
554
800
33
971
947
506
520
407
242
774
344
940
599
212
422
638
546
686
992
989
342
803
391
880
94
374
480
580
569
901
272
609
77
860
188
637
684
798
486
157
516
932
787
382
603
572
237
218
71
147
74
949
935
3
963
578
543
871
669
315
812
325
997
345
10
470
750
50
442
349
967
284
57
834
246
375
843
888
281
296
