2105
1719
5272
3625
5158
1192
2619
4590
5273
919
1975
4037
3804
1242
4899
1185
1239
937
2938
818
173
3252
2350
1663
4086
965
1970
3680
2194
605
2627
3181
5315
296
1670
3838
2378
3803
3039
2891
4231
4854
2890
4806
202
2842
28
232
3543
4889
2237
5069
4602
1985
3926
392
2835
3582
3269
3765
4324
1216
1264
2581
3043
4885
1712
2620
4915
3318
622
4757
1730
3417
2858
3924
4964
3703
4993
4978
4831
5337
4243
5240
799
3315
404
4028
4656
2374
1829
2726
3599
4945
1310
278
4292
4317
3923
981
5100
4204
841
3666
5103
3144
3719
1449
3203
4710
5246
2317
2451
2513
4611
4476
3908
684
2025
4230
731
3859
2264
4802
4126
3129
1152
2810
285
2907
1378
4008
3799
5369
4702
3484
4191
4793
3079
796
2677
4785
3800
2838
727
1646
4869
110
1933
4436
4295
246
5067
3734
3255
5227
5185
1464
1257
4913
4160
915
3379
2459
4305
485
2775
1070
5106
533
24
3943
1374
1479
606
3346
437
2502
2474
4419
2691
3909
3567
389
2424
1191
4207
1666
3284
1254
498
794
4563
4250
95
471
3580
387
744
1798
4894
4756
3898
4345
791
2041
3404
2339
1585
2962
2045
637
2220
3548
48
2583
4007
5341
1164
5006
1508
4901
4682
840
4418
4017
3928
2639
1813
3480
3059
3494
1894
1737
4211
3648
1122
1291
4412
5255
1860
2834
4474
477
5211
2802
1621
2916
4428
299
5274
2537
4256
1625
2060
4111
1058
2825
1250
2820
5296
2214
1375
3953
380
1229
4459
1444
224
2204
5326
4908
1075
1297
121
2088
4465
1966
1776
2039
4195
747
4113
817
1160
2164
4442
428
679
431
3720
3856
4690
1011
822
4490
1547
4135
3942
1821
468
1411
3030
5199
4338
5231
5189
3412
1605
1925
1056
5205
2456
683
4618
5319
4388
1958
5063
5245
295
2873
3197
4376
18
1358
3386
1173
360
1807
2173
2096
2847
46
1963
5344
688
847
4053
207
4726
997
2117
265
4813
3547
5112
4443
3072
337
414
1166
2991
3819
3188
1656
3403
3301
3707
2539
5354
2599
3065
4773
4628
1515
1498
3959
1208
3174
3748
4606
1308
1389
3230
4865
4878
2298
226
2525
3398
2784
3229
2765
3211
3997
1602
2050
4835
5362
4375
3463
3671
3584
4396
2127
3732
2048
3678
3082
4926
4751
4272
4434
2857
1356
3358
1007
3309
2005
71
3381
4516
4514
1466
4341
2017
752
1276
3735
759
2477
1380
3609
3140
3066
4654
1265
4233
5379
2658
5166
2021
2744
4172
4609
787
1495
3725
4645
120
2534
1437
331
640
1282
4552
4508
62
5265
4116
2406
2976
1877
2672
2258
467
5378
260
4138
3296
1062
4572
1149
4629
4108
5228
3489
1211
75
5282
4302
2715
4795
771
1384
4304
586
4601
5387
2346
2589
237
1664
934
1835
3093
3647
1431
1769
3477
2059
4157
1272
1186
5154
5150
2584
1874
3253
5093
4094
4391
2277
2450
4544
2877
3624
2240
5086
3292
4605
3754
2712
4083
3826
5266
3650
3433
1072
1105
230
2433
4069
1034
1590
1117
903
4449
1731
1035
3869
3202
3063
4010
3248
3526
203
4938
4524
125
3128
1536
3207
1006
3344
4589
3777
2683
238
5394
4904
3633
2694
98
1418
1875
2225
1395
1179
4891
114
2936
4766
51
2400
1385
2713
1702
2503
623
3438
4703
377
2844
5237
225
2878
639
802
1476
5057
417
158
279
3464
2774
754
2532
1327
960
1695
1486
4990
3352
5349
1779
4440
4936
160
904
359
1642
3850
5294
49
3740
3013
4410
4367
5056
677
4597
422
3697
3012
1552
4039
2370
2332
4696
4137
4068
746
4689
2291
3365
3558
2661
4034
1427
647
1570
2743
661
5404
4130
2293
2057
1299
138
3159
3661
1599
743
3791
3523
4035
104
1329
1825
2022
4698
3638
2529
3011
2116
4991
4030
4569
4106
2470
644
5033
1641
740
3090
4297
1042
2492
2809
2518
3212
5303
2591
4431
3366
3006
1421
4900
2397
5002
3267
1397
2714
2681
952
5371
4381
496
2719
2879
4896
5124
3920
3995
680
2729
1687
258
2915
830
4834
3343
638
2417
3434
5328
2788
250
995
1682
5108
1676
2850
1499
2708
651
580
1045
5366
2308
4327
1294
5291
3003
5068
600
4444
3036
3613
1352
4000
883
728
1534
4882
1106
556
2352
569
2556
5256
4245
2448
1442
1377
5119
1333
3472
2140
678
5094
2256
3395
1030
598
1771
4992
2561
2078
1244
3047
329
4929
1348
2954
4401
4927
2676
3421
4215
2490
1946
2671
3798
2081
167
330
5120
913
4386
4362
4921
29
1383
2103
3931
3627
1703
1328
2822
3964
4458
582
3962
39
946
4483
2331
4085
3016
165
3083
2501
3778
3949
2193
490
3279
3437
4047
1927
259
399
805
3912
1628
4797
5201
1174
4469
482
2092
1800
3158
2305
5402
3817
34
3961
1653
700
3139
1305
4731
4090
511
4853
2187
1792
1864
789
5184
5133
1319
3774
344
2496
961
4581
2733
1255
3141
3674
5096
506
4570
2512
4399
793
21
856
174
5375
367
2543
419
4128
865
4477
1527
3372
4801
2507
3280
65
2067
1623
4532
494
147
5284
3085
16
2668
363
1859
3837
3958
5325
4931
3411
0
401
3535
4771
3806
877
1610
1816
4269
2134
1767
943
3505
5222
1680
2382
2896
3524
3014
1655
1200
1259
5257
4747
3156
4768
5277
992
5034
2223
4638
1360
2287
1304
831
1111
3603
4538
2295
1540
2366
4549
1887
1235
3069
2819
130
907
3776
2917
2031
4196
4163
1805
2112
1674
1057
151
702
4290
3499
3384
3242
1470
3213
2888
3815
3164
4050
1013
4530
1000
3096
3886
4519
3392
2367
3314
1627
5248
3880
3025
435
4253
1973
4909
4266
1901
3268
2983
2111
2040
2687
3019
1708
4941
5003
5286
5361
3971
1988
1277
1640
2488
4011
4315
