670
829
801
1017
989
140
863
281
320
291
705
380
949
449
484
956
632
208
850
394
1004
637
171
560
996
919
747
224
591
811
403
411
887
448
556
526
99
92
775
941
882
604
30
846
149
959
155
872
752
599
890
271
723
944
853
59
626
87
349
38
323
74
400
1008
477
373
371
391
393
321
156
445
270
545
896
892
962
148
913
308
342
805
516
132
22
336
191
39
1013
955
387
358
236
683
220
164
796
223
708
768
70
593
927
977
611
341
351
624
717
447
194
480
891
760
981
190
976
136
861
489
691
495
608
189
851
817
258
769
4
55
20
198
995
1011
595
257
354
211
282
24
877
858
774
696
377
426
10
728
104
844
407
452
720
574
177
34
867
71
598
881
847
921
777
468
588
991
854
301
428
674
952
170
48
11
414
439
700
82
884
690
563
772
45
503
125
715
531
1028
818
638
584
98
318
594
295
240
924
473
193
331
126
176
444
731
525
131
112
343
66
385
685
350
267
75
364
470
571
736
326
622
900
808
288
652
19
31
241
687
790
876
931
277
551
335
183
379
490
968
8
35
792
192
300
172
199
823
1016
815
129
384
963
178
533
53
398
368
175
57
659
718
137
983
65
814
793
843
293
937
214
997
745
117
250
911
965
636
390
929
575
493
806
207
821
256
862
606
106
422
13
115
603
964
570
568
60
58
245
693
610
442
565
762
967
217
502
179
363
744
167
409
383
974
869
835
530
750
766
581
372
935
901
623
672
201
242
433
907
804
464
682
12
794
702
227
970
984
1022
89
233
360
732
512
219
825
897
722
327
1009
248
206
845
699
79
209
33
518
714
727
1023
121
85
998
424
629
799
47
23
987
440
926
788
1012
559
361
454
26
561
80
589
399
540
945
938
640
822
711
971
69
701
173
352
330
460
954
203
922
482
994
232
54
647
946
740
305
307
868
124
583
557
932
999
707
827
314
246
346
969
953
67
279
153
899
40
936
453
397
467
879
506
261
680
230
431
547
362
483
185
119
958
675
755
582
841
975
532
657
961
51
771
396
221
262
475
885
481
527
621
849
86
529
902
315
107
555
218
631
688
898
134
91
880
562
684
200
724
302
950
865
462
912
978
417
528
345
334
29
280
3
757
633
916
284
84
337
819
673
797
274
249
466
376
837
42
450
729
703
669
325
733
607
510
866
889
741
165
957
111
18
830
639
947
492
536
538
778
719
420
742
721
914
573
780
1025
834
68
758
541
567
205
939
833
678
97
118
943
643
1024
554
585
143
677
628
16
378
579
355
430
836
697
513
906
940
347
786
116
416
28
283
1005
95
138
357
706
157
650
972
237
810
61
413
928
498
874
787
381
275
135
127
244
857
870
662
716
266
395
234
130
434
838
1
878
986
620
499
298
441
508
404
576
934
791
789
225
463
329
614
601
840
290
992
578
458
627
213
348
800
292
828
239
478
895
405
253
287
665
43
596
50
15
310
231
184
32
479
761
412
401
704
785
139
338
73
182
522
309
860
580
197
824
587
169
966
839
306
893
668
228
664
251
871
14
661
402
905
776
813
602
781
174
328
150
988
260
501
514
1018
883
826
1010
102
273
1026
436
259
93
123
451
212
886
739
144
515
566
590
496
6
313
56
1014
894
389
735
671
128
653
918
446
133
186
158
435
748
161
461
76
488
660
252
41
832
948
644
1019
5
779
1021
782
297
146
548
374
159
375
1001
109
679
505
268
472
807
656
764
429
521
549
1000
369
77
751
382
600
855
392
979
635
812
749
474
689
692
609
455
558
543
586
842
1027
630
166
269
534
94
859
809
264
64
2
180
469
367
263
537
46
985
457
509
425
712
694
9
195
471
110
494
511
1002
90
763
72
299
848
356
415
875
617
410
294
108
204
676
698
734
519
615
910
276
726
746
709
1003
365
613
909
759
645
933
686
296
304
951
520
210
667
311
187
255
17
544
247
432
605
738
592
188
802
572
655
147
616
222
765
427
339
737
743
96
725
353
888
713
1007
903
730
152
993
852
333
619
485
359
81
612
408
973
625
577
564
151
113
960
658
386
476
666
756
235
915
388
710
784
925
681
504
36
103
78
465
816
370
120
873
524
507
49
798
904
1015
419
443
101
406
820
142
695
25
550
122
783
226
923
52
303
162
523
238
316
646
642
332
63
317
597
7
418
920
648
324
546
114
272
141
491
569
44
216
83
285
289
322
753
982
535
312
930
88
634
438
265
654
980
908
243
319
500
278
803
229
286
160
487
552
62
154
202
163
105
618
459
773
100
1006
539
542
181
831
641
767
864
754
795
1020
486
21
553
497
770
254
215
27
196
456
651
990
649
856
517
168
917
344
366
37
145
663
942
421
437
423
340
