3185
4903
2337
2762
1126
852
2232
4819
4684
1650
239
5010
3696
40
1249
4002
3153
4066
1608
5079
653
425
103
3111
4542
3685
515
869
4879
1691
790
2252
3023
4717
4496
146
5025
393
1270
416
975
4911
1558
1068
2840
4608
1998
1317
5082
4360
2358
1566
3247
5196
5012
2157
3004
3286
3512
722
409
4730
478
27
3465
1097
2149
2229
1158
4162
171
1022
1052
297
3026
2640
1923
2504
4288
2946
1014
1010
2585
4790
289
376
828
4512
1321
2688
201
4378
291
2861
2698
2420
4860
2536
3288
749
4716
3488
1241
3044
2249
1868
5032
1917
168
2075
2892
3541
4024
3100
3790
4504
3320
2423
617
3614
4325
5161
4652
5152
5247
1136
3473
923
3108
4484
178
4866
3175
1648
4188
4500
4776
2109
729
2235
4969
3307
2939
3297
4857
4721
306
4952
4632
1692
571
4186
2782
5049
2520
530
2941
3591
3478
2440
2226
4825
3149
1248
1043
2578
4755
2542
3712
2734
517
839
1137
2741
381
5229
3119
499
656
4073
1074
1778
2051
1981
4425
4027
1140
3008
2046
162
2670
1163
1582
4507
3054
4528
1991
757
3275
734
3356
587
2000
2195
3289
3405
4994
4948
4953
1263
1609
4301
1286
205
579
374
3993
5336
3875
4509
4374
2560
4965
5389
4546
4300
3753
737
3882
2500
2035
2061
2498
2497
5097
150
990
1550
430
3760
2903
628
613
1331
4842
721
1833
2616
1482
3015
1281
5254
1993
621
4881
1109
3223
3816
1797
139
3313
2843
3245
3099
1451
1954
219
3454
993
4591
808
5111
3155
5053
773
248
3470
3900
2275
185
901
334
4461
4260
2641
4513
941
525
1334
670
1979
3487
1768
1061
5267
1810
3462
3152
5403
564
2349
2821
2904
1567
1742
4159
3123
5122
4844
3546
3594
4705
966
927
2845
1522
128
5317
4357
5134
1986
1269
315
4049
4482
2191
2758
2189
4989
3564
5386
2998
3121
4950
236
1368
3947
3415
3032
286
3087
3845
1267
886
3695
2780
5347
4720
1335
9
426
2206
410
604
696
2928
2038
4815
1143
4657
3466
3918
3262
3576
2395
4408
86
1526
5287
1005
5044
3611
2296
3389
3660
1930
1809
2360
1974
4361
4612
3807
252
4843
281
3663
778
4056
42
916
2398
3353
5118
5143
41
3781
2013
3414
1657
2396
674
442
4387
3553
3672
2266
3825
311
4642
1748
5173
531
2958
1855
1001
2856
177
2176
2674
3990
5081
4354
2151
3482
2911
1564
3801
2416
2392
5170
83
4463
4659
2138
567
452
1518
5074
3509
5132
1302
4664
1732
5073
5253
4248
2886
1146
5140
3400
1284
1893
5220
1903
1960
199
3665
4808
2812
3061
3018
243
4873
2693
1238
2408
2960
2649
356
3972
2310
3508
2792
3300
5359
3369
1232
4960
2846
5015
4210
5333
976
2345
1402
1561
2205
3208
3109
2992
1415
3330
3827
3643
2086
775
4580
4029
758
3445
4228
4547
341
2908
1318
1403
2757
4495
5225
4648
2710
2870
3161
2769
2971
4055
1509
732
170
1230
554
3747
43
3994
2618
3897
2250
851
4940
3982
3206
5302
1049
1698
2082
2208
614
1707
3598
1790
2648
3126
2444
4521
3572
1741
2162
1214
5335
1689
5200
1906
2381
811
5114
2070
4070
5368
2469
3360
3593
2522
4316
2364
4394
3554
666
4533
4451
4319
893
2636
3858
1245
3872
3762
4828
776
3075
3186
309
4870
509
788
1004
3034
1209
996
1786
2015
3293
3332
4526
3068
3821
2178
3583
52
1817
145
345
1123
5095
2435
5027
3844
783
4472
206
434
2509
2752
2793
4983
4437
497
3710
2065
4350
3418
197
3709
4898
742
4352
4468
539
2434
36
4364
5136
3600
2307
1337
994
5338
4140
5209
761
420
2645
4336
2684
1745
4178
2047
2016
2722
1473
3116
1545
2510
2786
3278
354
1124
1671
1928
4550
5165
5251
4064
1303
1171
4176
2
1788
843
2247
270
90
2389
3708
3522
3588
1565
5365
4194
1130
2334
4214
931
4355
3460
906
1093
475
1620
3686
448
134
4082
3715
2202
4335
2312
2180
5172
5036
3533
1622
383
3450
1587
2550
2854
3319
5050
3683
63
5397
4967
3540
4105
918
2269
1763
3195
5026
1505
4761
3483
45
3261
4957
214
1296
2003
4729
1735
4289
895
4553
1945
3767
1340
3399
1987
76
5269
2760
3458
2662
624
5388
2558
962
4251
4749
460
1100
1965
1713
548
3033
1370
5076
1184
527
3595
209
366
3518
1142
1324
4370
2426
2791
2294
1579
403
3210
2920
438
2373
2413
662
153
5281
5243
4920
3170
2028
5193
2101
2341
5083
5358
455
1939
1046
4045
3338
4229
1711
2441
583
159
689
2682
2125
3746
516
1114
3639
2778
3124
1051
2629
888
595
1118
4433
4150
169
1899
4876
3820
50
1183
4820
15
4637
2906
4262
4004
620
4147
715
2199
3706
4308
4506
1542
983
3857
3590
1511
4283
3677
936
5145
3865
3233
436
2107
3664
3224
4697
4566
3998
4593
2169
2610
4125
5300
2493
2690
3453
4762
1556
5000
926
921
4466
871
1362
599
3846
912
3388
3168
4438
23
5048
2428
1912
4875
4003
4234
2574
4770
1862
4455
544
4445
3586
534
1253
1841
3868
4872
5142
371
645
349
2942
2276
3891
664
4307
3607
507
1932
7
1725
1636
1220
2375
725
2211
5401
2188
342
593
3228
4413
1760
3718
427
3406
2271
1611
3889
900
4841
336
1092
1026
3257
2800
2145
3973
453
659
5214
3322
763
3632
3114
914
2359
643
631
3303
4065
4579
2344
4847
4539
2974
182
3022
821
1773
629
3017
3544
3172
857
2655
4906
2197
1339
3060
2254
4342
3893
3631
4109
541
1290
1681
2363
3070
384
1355
1131
3989
351
947
5324
3667
2883
1632
3020
4334
608
457
1222
4052
2563
2637
1709
2625
854
290
1606
4711
3899
