4636
2386
1050
4812
5203
5109
3290
2391
5206
5301
550
1955
4026
1386
2327
4861
481
3578
2739
4184
2027
2108
1084
3927
766
1513
1937
2113
155
3266
699
2701
4460
875
1601
1560
4554
2124
3115
745
4823
4478
1637
4321
2221
69
3310
1533
3775
4044
2945
1721
3796
1898
3805
4620
11
3005
4467
5218
4351
3992
3481
1159
1024
1762
2177
1551
2795
2901
806
2468
1400
2868
464
3662
1584
3887
4285
5230
2181
1204
2564
82
1659
3449
4363
953
2709
836
3847
1705
191
5017
1165
786
3938
881
3371
4115
172
2789
1796
1941
1219
180
1391
1309
1036
3187
1108
2442
4405
1848
320
4333
1187
4089
1429
739
5350
2053
4091
933
1428
5210
5011
4987
3095
5167
3587
3493
3387
876
3491
1936
3513
5262
3375
335
2481
5052
4613
3241
2141
3878
1326
1266
939
5157
2326
5146
5260
2097
1629
3349
4667
3640
1037
4630
4700
2830
1028
2080
4621
991
693
2160
1626
313
352
3348
4491
26
894
4033
1934
2203
4718
3951
2747
127
333
1544
303
4016
4280
3539
5198
4534
255
4640
4522
2425
1529
4038
3336
469
249
1514
2943
5314
2579
3263
3789
1572
4895
3970
5363
1252
2969
2280
4139
1770
4102
2285
1972
1521
2794
4944
2158
2072
53
3802
4688
2175
2633
3768
4144
3125
3877
2446
5307
4347
2063
867
3327
2823
4167
859
2318
54
3969
576
4270
1559
3163
546
4329
4715
2615
2979
3295
2439
1210
3001
4435
4383
441
4328
2159
4863
1684
3749
5343
858
3616
2354
2278
2965
1099
1854
956
2608
2340
2320
3809
4754
800
346
1672
1853
3573
649
1739
3340
4084
574
2913
5332
4309
1910
3854
4293
691
1292
2750
1492
318
70
1346
2580
2524
3966
1785
1322
1044
1120
1103
3519
1532
4732
3585
231
3457
4679
1453
4286
432
2139
3055
4651
1716
4788
3812
1151
1088
440
4704
2030
2283
1155
1651
1750
4643
2343
1425
2730
5102
3646
1870
300
4935
928
115
1951
210
3056
1738
1992
1967
5183
3196
5202
4110
2818
4480
504
328
609
2026
4564
3191
1834
3932
5059
4209
1181
2517
987
3851
3200
1733
3784
4887
4487
1583
723
3148
510
4737
5039
1409
347
4912
229
1226
4670
1019
4850
5042
154
2165
3183
5263
2073
523
3287
370
445
4701
2572
5031
4949
3424
4119
1747
4481
3456
5038
1940
5238
1079
1597
3281
2999
1487
1262
1288
4095
2210
4151
4225
827
972
5323
3641
215
4846
3601
1483
3559
5318
4311
5187
899
1950
454
4393
2136
2227
4775
3977
4527
58
2727
2737
3507
1016
701
5168
2087
55
5377
2875
5128
2218
1002
5373
882
897
4650
4961
220
4676
2238
5054
3317
1432
4257
5342
4240
4962
3769
2282
1751
3382
1381
1087
4880
2460
391
1531
709
175
2935
3694
3094
1699
733
3339
879
4254
4791
1847
1081
1096
2163
4902
1755
4092
3684
2700
2131
1178
1562
217
2171
1412
518
2899
4932
3904
2353
3117
3413
3755
2170
5356
1503
4692
8
3249
5239
2865
2234
340
1454
2133
5280
5091
4190
1787
22
221
1410
308
3179
555
4778
3455
4622
222
3189
4279
4734
1911
4665
4973
5110
2749
4043
3822
3086
245
3687
5399
87
4015
4905
3679
1206
396
3757
5264
1145
785
3474
5278
3761
5078
3575
3151
2832
2623
2678
3446
2606
4971
1523
1465
2409
4104
3589
3080
3626
716
2383
2994
2652
4417
1501
1772
2263
925
597
685
1726
1314
4986
2731
4840
2453
1539
1398
2299
1468
1984
4890
4867
5123
2546
2656
4884
4051
2361
573
1420
2746
2961
835
1929
1325
5376
1218
5304
3604
5022
1838
1443
4232
1706
4745
3040
3773
3939
5085
60
3983
1422
1345
712
5018
2099
1134
5310
5151
1364
607
2949
2603
2528
4779
4809
1258
5178
5234
4169
166
5156
3841
4120
3298
4199
3824
4236
394
1685
2172
4811
3960
3605
2680
2635
2967
2403
5174
2246
2056
2431
4614
1546
3602
443
850
2347
1744
4772
73
421
1003
3258
2129
565
3239
3901
1457
1921
5121
5062
4175
2466
2665
1110
190
1856
780
4669
1586
535
97
4161
1387
156
3104
4607
2897
4851
591
872
844
119
2552
4005
3209
2251
3721
3592
1445
2993
880
4181
1886
2611
2754
3612
4424
3042
5019
1167
3979
3915
5071
1918
3294
365
3234
1246
5293
5348
4695
3772
1872
4222
192
2653
2673
5177
4708
2740
2651
1104
3244
720
449
2973
81
2123
4275
4727
2805
4226
2669
3881
4545
2243
2288
3903
2062
917
109
5101
1665
5259
1233
2301
4998
2239
4680
887
3527
2379
1202
3744
2436
1999
1781
2484
594
1382
2412
5099
5309
470
213
1357
4366
1481
853
4531
2384
4382
1826
4988
706
2934
1260
2084
3
736
5297
2593
3217
2270
3968
3810
3492
4641
3101
4397
1394
3443
1031
5065
135
4096
4561
577
2826
4203
3311
5139
1802
1195
264
4687
1064
2336
2385
5045
3668
5105
3410
1407
4129
3764
3565
5308
3439
1997
3227
4470
1023
1852
3184
977
4784
4817
4134
951
4258
1836
1512
234
958
3092
2473
4914
2152
5023
3883
3855
1349
4691
1009
4398
3644
218
1063
2154
3427
254
668
2355
4356
2944
4803
2289
3354
77
1430
4075
20
1506
1018
1102
3397
208
4282
2114
2245
5258
256
1569
2184
4072
4557
2394
1723
1311
860
446
2069
472
100
5072
269
884
1517
3952
1300
4492
1493
1700
3879
4392
1047
655
4246
829
578
4822
3701
3783
1369
566
646
4560
1888
1615
2977
2664
3890
5130
406
2912
1879
4200
4672
3965
537
2142
2948
568
4540
79
610
3728
4693
4886
3475
2230
262
4013
2588
3630
5357
3864
244
2023
4427
501
2110
2781
5125
4624
1892
4744
2437
3350
304
2192
3363
1720
1603
123
672
2242
122
891
