1909
1820
3596
2881
714
3907
2514
3787
1408
4502
1025
275
1969
2647
3520
1017
2704
1478
4511
3010
3902
2231
4833
3551
3323
4145
559
2803
630
3750
5160
3552
1236
2494
2018
1320
2329
4323
1379
590
3836
4456
233
2455
1679
2630
1221
4954
1055
4488
131
1366
3160
3743
2290
3057
1082
2718
4972
625
1275
1690
3337
986
801
540
3440
4475
5138
1234
1613
2074
3276
64
3282
1754
5271
1129
512
968
395
4041
3157
204
982
4955
4022
2505
1459
3396
542
3495
4202
196
4671
1594
4565
3064
4343
1298
1156
3713
4291
161
4197
2036
3205
312
4907
2465
3225
2190
126
4974
2393
1223
4856
3770
106
187
633
3581
1053
2380
3367
362
708
2449
1919
5047
4192
3192
3699
3669
2571
3444
5355
183
1882
5149
4877
999
2538
816
2095
4074
2863
473
1596
3498
1580
3566
1367
4100
2333
4298
493
1839
2898
4595
2988
3173
4559
967
1980
1782
1905
2521
1086
5320
56
5299
3167
2771
1247
3516
663
4610
1060
2009
1080
735
3050
4925
3385
1710
112
2200
1959
1614
3420
1823
5329
3383
93
3081
3194
3426
2213
4179
72
755
5275
909
3394
1815
1132
3853
940
4763
4868
3980
2940
3380
4821
84
1098
889
4389
1890
2643
88
1660
1978
283
118
91
1507
1066
433
648
2150
1891
326
1138
5040
3232
3738
1630
5242
3077
447
1168
12
2068
1916
96
2987
4213
562
1076
2153
833
4493
152
988
3331
4414
2265
4582
3752
826
3656
1990
4183
2982
1020
1177
4942
3814
2262
2212
3226
3329
3957
519
846
466
424
2598
4165
4014
4855
3736
3171
4588
2978
803
368
353
4294
3221
3176
4494
705
1840
4346
2010
4871
142
5061
292
1012
553
1595
2582
2828
3471
4956
2702
2626
4220
3848
2519
480
1485
5208
5241
3468
3441
4738
4787
772
4520
6
1228
627
1694
4592
4824
1938
2410
4951
4212
547
5080
2322
4576
3178
3028
2335
1157
2742
4571
3779
4131
3531
5330
954
585
2930
2959
2126
1455
2461
1261
1555
1021
451
2555
357
2860
2849
3045
2401
1175
3562
1144
5116
2909
1736
1961
2368
2644
2445
3393
798
143
945
657
2586
508
4523
522
386
948
1878
1957
3934
1274
3956
3265
979
3130
2007
4681
1519
3429
1361
4242
812
2937
3442
5179
4019
1180
4103
