2829
1808
2147
5219
2471
910
3673
1828
2268
2255
3987
2076
832
774
5334
3538
4910
1631
1390
3448
1237
2663
3717
792
3345
1851
4224
726
2751
3574
2196
695
4699
2168
1989
2302
379
3305
1469
2568
1182
4471
4331
274
1639
4006
94
3485
5236
241
489
3029
1876
2953
5135
2321
322
2523
3645
3654
418
19
561
3726
652
1417
5163
1071
3214
570
3218
1818
602
3981
717
4380
2432
2316
348
864
5037
5035
4088
4058
3027
2964
2415
2597
536
1312
314
1490
67
1885
3621
3963
619
302
2319
4423
1128
4577
1814
1154
2880
2033
2209
3517
4792
5346
35
1225
176
3260
2419
898
5381
4312
1315
2014
3724
2166
4639
2602
247
4450
4713
4079
581
2963
1406
3147
1452
4313
4114
1976
2797
1307
3291
2756
157
2995
3357
2951
4789
1645
33
603
293
4255
1846
458
5089
3659
4031
4
3097
136
1850
5367
4118
4970
1215
4409
3950
4148
2201
4218
2102
3571
5233
641
4239
551
3501
1774
2659
1759
3138
660
3497
4804
748
5212
1881
500
2811
1600
3071
3193
1133
2764
2132
2617
4874
2377
4583
3215
1863
1494
2972
810
2776
3201
1504
2685
2869
4543
4101
369
3634
1753
1669
405
3469
2054
280
4807
3921
4473
3243
611
2748
4839
949
2621
2547
117
4263
2055
2622
2006
3308
3277
2660
4675
1668
1095
1256
2342
4227
4429
5250
2545
3536
294
343
3681
3142
2827
1189
4141
2376
4268
1306
5374
4852
751
4626
3619
1729
3532
3940
837
474
4189
1278
2862
3078
1652
4586
4893
1091
4173
3041
4411
5351
2872
1194
781
4739
3035
5066
2549
1207
2004
5188
108
1541
3935
267
703
2037
4567
5070
3698
3560
372
4623
2950
5392
1217
4498
1448
4009
2198
164
3967
2770
3937
4981
4777
4999
5
654
1054
2001
3617
2183
2272
2325
5008
3074
3219
1571
5046
1141
1568
2315
2855
2697
4259
316
3867
3007
4018
1667
873
4166
2314
2565
807
1948
439
4264
1119
2985
543
2362
2785
2348
2768
2071
3009
4849
3049
3423
1488
930
902
5021
1516
2667
3362
2356
2559
4976
2923
4750
3759
2695
2852
80
4587
1447
3238
2300
870
3831
1458
5077
2921
1341
4032
896
1285
4725
375
2119
2093
4407
4274
3503
3514
5029
4663
750
5312
4121
1524
2689
1902
1535
2369
1338
3113
2601
3432
4185
1757
4979
2932
3342
5195
1101
4054
5311
4208
2686
2330
2058
2725
4372
513
423
3236
1472
1956
144
4975
3894
1205
2438
1616
2882
690
5321
3597
4919
188
5051
1715
4742
5137
2405
2452
1027
4395
4446
4439
1592
3098
911
5398
963
3984
1090
3259
1373
1336
4826
4093
2894
2604
3628
4924
3089
2248
4252
3254
2429
3515
3730
2012
2404
3727
1728
32
3653
4060
866
92
364
4340
1078
184
3154
682
3105
3948
4837
4845
4918
1884
3733
2486
820
4515
1701
1822
4783
1643
305
4573
2815
3333
2696
3038
487
102
1462
3021
5298
2174
4668
5014
325
266
476
1575
4759
2996
1323
5405
4600
5383
1995
3925
1434
4136
2761
4081
545
1661
1423
4359
2516
407
2808
3649
2499
1869
3361
3120
815
2309
44
2219
4923
2351
3264
113
4368
3919
626
2841
3390
4767
5393
2388
2975
724
5215
980
3048
321
3529
1363
3076
3911
5115
4278
671
3084
2222
618
3782
3476
3550
3745
2614
3704
3528
1895
4146
1161
2411
4888
2043
3325
2292
1654
3461
2927
2931
769
3860
1578
2128
2144
2705
3561
1588
2323
400
5390
885
2467
4177
3832
503
3510
1015
1553
1942
1510
3986
764
1683
1212
1644
310
686
1113
4404
385
526
4748
1604
3873
2573
4430
4344
5104
1678
3251
3818
1372
1048
1649
5292
1139
3945
1576
1359
4735
2338
3222
3274
10
4733
4040
3829
687
2066
4453
922
779
4646
4400
1804
116
5268
1446
5216
4658
2530
479
4057
5064
529
1915
4892
2724
4736
676
813
2304
2464
4168
5005
3373
5396
2273
1135
5384
13
4281
4284
762
4486
3479
4694
4505
4379
3106
797
4071
3316
3563
3165
1913
3058
4219
4174
3359
287
1557
2594
212
3378
4947
4574
4760
4963
3569
3285
704
1196
3002
4416
4529
1845
1865
390
5232
2910
2804
3521
4746
3711
5288
2215
4599
1677
2462
1722
5364
1203
101
1717
2612
408
2837
2817
272
2042
2482
4020
1460
3430
5090
4634
179
1635
3321
1089
3422
1530
4377
111
1638
4517
4781
1353
3220
2984
1496
57
2997
1943
1351
2986
4617
4958
2675
3944
1968
1067
2267
4662
2595
4765
3913
3786
2607
3502
3419
5226
4485
3933
3976
2654
4536
3620
4541
2721
463
3885
1844
3577
2167
4182
397
4584
3250
5009
4201
327
1040
4365
520
465
2947
3143
4415
3849
1433
4326
959
765
5197
2813
3511
838
2100
978
1944
4743
2956
3741
3377
4265
4800
4838
3270
2011
38
2179
2122
2527
4420
2720
2576
3428
588
4353
795
1697
228
1696
1480
412
760
4059
4046
3723
3955
459
3169
1038
974
4661
1172
4968
1574
3716
4848
3974
3237
804
2207
4369
2458
538
2562
3240
4098
388
1295
929
4556
5013
1471
890
4154
4217
3608
2646
5289
3905
2049
932
1148
2515
3954
1971
3324
3447
4067
1441
3771
824
495
2472
3835
4023
1549
3235
1280
634
4076
1371
2876
1914
1188
521
2738
3088
1467
5217
1573
4598
1591
4164
4441
3975
4122
2430
4794
3031
1949
3407
2798
491
1399
1837
4244
1996
989
3102
3355
5175
3204
4489
257
1342
3436
944
1477
1115
350
2286
2228
2831
4384
2966
2077
3792
4310
514
2970
2887
2884
920
4922
1983
1889
2120
1935
1450
181
2236
324
3739
1393
2885
3112
3545
5391
3500
4996
4320
3132
4829
2135
1199
2457
1456
4525
777
4063
1900
276
1440
3888
5192
718
3930
3742
1073
4238
845
2257
4518
1489
5164
3714
2454
261
4149
5249
4943
3996
5313
681
4977
4625
1908
235
5295
429
4827
271
5400
2952
2531
1548
3896
2777
1537
1577
2480
4296
195
4287
1686
532
957
124
3376
4937
2148
1484
415
105
2089
1251
4596
4832
2609
738
924
2929
1926
2511
1491
4686
4966
4143
2365
4917
3190
563
2553
5043
4247
3693
1581
332
2303
1463
2783
3145
636
3134
2085
2600
2297
3991
3107
132
398
2121
211
242
2118
4216
3936
558
4709
4501
4934
1520
3629
4237
692
2592
2034
3451
5169
66
5385
4830
358
319
4740
575
3557
2848
3271
2587
1283
4660
3530
892
3870
2707
3180
4753
68
1724
4318
4758
4575
5339
905
4277
2495
4062
2814
572
4112
2723
1293
1033
589
4752
4997
5186
1795
2387
3182
4221
767
557
2728
3272
1777
2575
3691
3452
1416
2399
505
950
5261
675
1170
4858
2874
1982
1704
3579
2634
5016
4358
163
456
4555
3946
2284
4206
3813
1780
1619
2447
2161
5001
4985
4462
5380
552
1039
2491
461
694
4816
5075
2628
2851
2526
4499
1922
5055
4001
1224
492
601
3402
3651
2706
5144
2029
1083
1831
4158
4241
3067
3705
4373
5270
3368
2260
2902
1029
1112
4799
2871
942
2638
4786
4273
2981
5028
1749
4402
615
4012
3133
30
4322
1127
650
4124
1883
4042
5360
5129
5327
697
3785
3401
3690
1962
4712
3135
3525
667
4678
2217
2613
282
194
4939
3917
1497
2130
4155
2044
4928
2002
338
3216
1952
4454
669
2919
4930
1830
3504
1354
4097
2024
5153
2091
3137
2186
4390
5004
4152
1436
2773
107
2703
1633
3150
4299
3037
3136
1268
2253
2233
4649
4061
3843
969
3370
1162
2824
4180
4133
1008
3416
711
2801
632
2893
5127
1964
317
3756
768
4332
2533
1791
848
3467
1746
2864
4774
3556
524
3941
3999
3615
964
4673
4503
2032
2807
658
4796
488
3830
3555
186
4337
4170
4421
2020
3146
2787
4615
3985
4123
3682
1793
823
1897
2019
2980
4330
1365
3675
4036
2717
1924
2755
2372
849
4025
2866
1125
483
2924
2414
2185
1538
2736
3374
2596
4883
4666
1474
1438
2567
1
5279
770
3808
5244
3842
4568
4604
2261
2666
4261
4685
3731
3000
3127
1634
3122
3408
2489
4403
1953
1806
1673
5058
1069
1849
1201
1347
4205
710
4798
3118
1273
2650
2475
5316
5126
1243
2554
5306
1783
1752
3256
3884
3177
1271
4422
5276
4631
2483
502
2422
1607
1198
4724
486
137
2679
3534
3871
3364
1085
3506
3051
3657
2766
3046
596
4535
2796
361
339
2427
4077
189
5007
2182
1801
2772
3062
2711
3542
5331
3486
1240
3929
3978
2716
3431
1740
402
4677
3793
730
2642
5155
3635
2535
1931
5131
1727
3861
1617
1426
4859
1819
5030
5148
2279
707
1525
1435
3916
1543
323
141
4818
1032
4193
1812
3758
1977
140
2306
4719
4933
2079
635
4862
874
4107
4426
3692
1618
878
4452
3914
3811
1065
3166
4537
1176
3306
1343
3490
5084
2311
5088
3328
1718
2548
855
4127
1693
2259
1658
868
3198
5204
2657
2631
1077
484
4510
2479
592
1424
3763
5060
4741
1528
1401
3988
5283
4578
47
2407
2745
4551
1764
3347
2922
2839
2900
85
4594
4946
2155
2624
4276
4198
3425
3906
4616
5290
1279
1675
5171
4080
3304
99
984
1475
3876
2918
1612
3910
4769
3391
3246
4558
2421
1190
1811
4267
59
2541
2955
3273
5087
5191
5305
4722
1896
2146
2098
3162
3676
5223
1880
3024
834
4447
4980
528
3606
411
1405
2895
193
2914
2989
1624
74
4406
4984
5098
4314
2216
3326
3922
4223
4653
240
3610
1803
3496
3341
5372
5024
4087
1827
5221
37
1775
955
1857
612
1153
1947
1439
89
3302
5107
4099
2064
3312
4864
1873
3828
2926
2224
3866
3073
642
5224
1116
5181
1824
2371
216
3874
2833
3642
2968
2759
2313
2732
3537
1231
4723
5041
2487
998
3637
3409
5159
938
4132
1866
814
3862
4432
1647
2767
1904
4585
3299
2590
1500
1313
2463
4706
1789
971
4707
273
1765
842
1404
355
4627
3231
1301
5141
3895
825
5285
5020
5340
5345
665
2241
2544
462
4479
2632
1169
1907
4780
4603
2094
4995
2957
1994
2853
741
985
4171
2990
3351
5180
4303
2836
713
4348
970
31
1094
5162
4916
3283
1213
584
3110
4810
61
2244
1843
2605
1799
3335
307
4619
2418
288
616
3334
2699
3751
2324
1871
1662
1392
4814
2506
133
277
382
2106
1688
4683
2806
2692
4385
263
2557
1589
3839
5176
198
560
2115
3823
1396
3780
3892
2859
4647
2889
2281
2476
301
148
3618
2090
4048
2905
200
973
1858
3103
2790
1756
2485
3652
1554
3568
5147
2763
3131
223
4497
2083
5382
4548
3795
2328
1766
3840
5213
3722
251
1197
5235
2867
2925
3797
1150
5207
1227
4249
4448
2390
3852
3766
3729
4644
1920
4805
3199
2357
1193
253
1734
25
1502
2156
4339
4187
1761
4235
2577
5370
4156
1059
4674
5353
2735
1107
3863
1842
2816
1794
2551
2443
4982
5182
1743
2104
3091
782
5117
4371
3570
4349
4959
268
5190
4142
4633
3636
1287
2779
753
862
14
1388
227
1332
5395
2402
149
2274
2566
1344
2052
3655
3689
1461
1593
1563
284
4464
935
4655
4153
3053
819
3788
719
1867
1758
2753
2137
2508
3459
3833
450
1121
673
3549
1350
444
3435
4635
3834
2799
4271
1289
5092
1598
3688
4782
1714
4117
549
1784
809
2008
5352
4457
908
78
1376
3658
3702
2933
2540
4897
1832
1330
3794
1147
1413
863
3670
373
3737
1316
1041
378
413
756
2143
1414
1861
3622
4764
2478
3623
4078
17
4306
2569
298
5194
4728
5322
4021
861
5252
1419
5113
2570
3700
129
4836
4714
4562
3052
698
784
