1073
4238
845
2257
4518
1489
5164
3714
2454
261
4149
5249
4943
3996
5313
681
4977
4625
1908
235
5295
429
4827
271
5400
2952
2531
1548
3896
2777
1537
1577
2480
4296
195
4287
1686
532
957
124
3376
4937
2148
1484
415
105
2089
1251
4596
4832
2609
738
924
2929
1926
2511
1491
4686
4966
4143
2365
4917
3190
563
2553
5043
4247
3693
1581
332
2303
1463
2783
3145
636
3134
2085
2600
2297
3991
3107
132
398
2121
211
242
2118
4216
3936
558
4709
4501
4934
1520
3629
4237
692
2592
2034
3451
5169
66
5385
4830
358
319
4740
575
3557
2848
3271
2587
1283
4660
3530
892
3870
2707
3180
4753
68
1724
4318
4758
4575
5339
905
4277
2495
4062
2814
572
4112
2723
1293
1033
589
4752
4997
5186
1795
2387
3182
4221
767
557
2728
3272
1777
2575
3691
3452
1416
2399
505
950
5261
675
1170
4858
2874
1982
1704
3579
2634
5016
4358
163
456
4555
3946
2284
4206
3813
1780
1619
2447
2161
5001
4985
4462
5380
552
1039
2491
461
694
4816
5075
2628
2851
2526
4499
1922
5055
4001
1224
492
601
3402
3651
2706
5144
2029
1083
1831
4158
4241
3067
3705
4373
5270
3368
2260
2902
1029
1112
4799
2871
942
2638
4786
4273
2981
5028
1749
4402
615
4012
3133
30
4322
1127
650
4124
1883
4042
5360
5129
5327
697
3785
3401
3690
1962
4712
3135
3525
667
4678
2217
2613
282
194
4939
3917
1497
2130
4155
2044
4928
2002
338
3216
1952
4454
669
2919
4930
1830
3504
1354
4097
2024
5153
2091
3137
2186
4390
5004
4152
1436
2773
107
2703
1633
3150
4299
3037
3136
1268
2253
2233
4649
4061
3843
969
3370
1162
2824
4180
4133
1008
3416
711
2801
632
2893
5127
1964
317
3756
768
4332
2533
1791
848
3467
1746
2864
4774
3556
524
3941
3999
3615
964
4673
4503
2032
2807
658
4796
488
3830
3555
186
4337
4170
4421
2020
3146
2787
4615
3985
4123
3682
1793
823
1897
2019
2980
4330
1365
3675
4036
2717
1924
2755
2372
849
4025
2866
1125
483
2924
2414
2185
1538
2736
3374
2596
4883
4666
1474
1438
2567
1
5279
770
3808
5244
3842
4568
4604
2261
2666
4261
4685
3731
3000
3127
1634
3122
3408
2489
4403
1953
1806
1673
5058
1069
1849
1201
1347
4205
710
4798
3118
1273
2650
2475
5316
5126
1243
2554
5306
1783
1752
3256
3884
3177
1271
4422
5276
4631
2483
502
2422
1607
1198
4724
486
137
2679
3534
3871
3364
1085
3506
3051
3657
2766
3046
596
4535
2796
361
339
2427
4077
189
5007
2182
1801
2772
3062
2711
3542
5331
3486
1240
3929
3978
2716
3431
1740
402
4677
3793
730
2642
5155
3635
2535
1931
5131
1727
3861
1617
1426
4859
1819
5030
5148
2279
707
1525
1435
3916
1543
323
141
4818
1032
4193
1812
3758
1977
140
2306
4719
4933
2079
635
4862
874
4107
4426
3692
1618
878
4452
3914
3811
1065
3166
4537
1176
3306
1343
3490
5084
2311
5088
3328
1718
2548
855
4127
1693
2259
1658
868
3198
5204
2657
2631
1077
484
4510
2479
592
1424
3763
5060
4741
1528
1401
3988
5283
4578
47
2407
2745
4551
1764
3347
2922
2839
2900
85
4594
4946
2155
2624
4276
4198
3425
3906
4616
5290
1279
1675
5171
4080
3304
99
984
1475
3876
2918
1612
3910
4769
3391
3246
4558
2421
1190
1811
4267
59
2541
2955
3273
5087
5191
5305
4722
1896
2146
2098
3162
3676
5223
1880
3024
834
4447
4980
528
3606
411
1405
2895
193
2914
2989
1624
74
4406
4984
5098
4314
2216
3326
3922
4223
4653
240
3610
1803
3496
3341
5372
5024
4087
1827
5221
37
1775
955
1857
612
1153
1947
1439
89
3302
5107
4099
2064
3312
4864
1873
3828
2926
2224
3866
3073
642
5224
1116
5181
1824
2371
216
3874
2833
3642
2968
2759
2313
2732
3537
1231
4723
5041
2487
998
3637
3409
5159
938
4132
1866
814
3862
4432
1647
2767
1904
4585
3299
2590
1500
1313
2463
4706
1789
971
4707
273
1765
842
1404
355
4627
3231
1301
5141
3895
825
5285
5020
5340
5345
665
2241
2544
462
4479
2632
1169
1907
4780
4603
2094
4995
2957
1994
2853
741
985
4171
2990
3351
5180
4303
2836
713
4348
970
31
1094
5162
4916
3283
1213
584
3110
4810
61
2244
1843
2605
1799
3335
307
4619
2418
288
616
3334
2699
3751
2324
1871
1662
1392
4814
2506
133
277
382
2106
1688
4683
2806
2692
4385
263
2557
1589
3839
5176
198
560
2115
3823
1396
3780
3892
2859
4647
2889
2281
2476
301
148
3618
2090
4048
2905
200
973
1858
3103
2790
1756
2485
3652
1554
3568
5147
2763
3131
223
4497
2083
5382
4548
3795
2328
1766
3840
5213
3722
251
1197
5235
2867
2925
3797
1150
5207
1227
4249
4448
2390
3852
3766
3729
4644
1920
4805
3199
2357
1193
253
1734
25
1502
2156
4339
4187
1761
4235
2577
5370
4156
1059
4674
5353
2735
1107
3863
1842
2816
1794
2551
2443
4982
5182
1743
2104
3091
782
5117
4371
3570
4349
4959
268
5190
4142
4633
3636
1287
2779
753
862
14
1388
227
1332
5395
2402
149
2274
2566
1344
2052
3655
3689
1461
1593
1563
284
4464
935
4655
4153
3053
819
3788
719
1867
1758
2753
2137
2508
3459
3833
450
1121
673
3549
1350
444
3435
4635
3834
2799
4271
1289
5092
1598
3688
4782
1714
4117
549
1784
809
2008
5352
4457
908
78
1376
3658
3702
2933
2540
4897
1832
1330
3794
1147
1413
863
3670
373
3737
1316
1041
378
413
756
2143
1414
1861
3622
4764
2478
3623
4078
17
4306
2569
298
5194
4728
5322
4021
861
5252
1419
5113
2570
3700
129
4836
4714
4562
3052
698
784
