3530
3214
852
1637
1767
4932
1999
879
1772
1800
810
2437
828
902
5301
3780
5140
4655
2315
2435
24
2952
3656
1886
5283
1353
4951
4991
951
3205
497
4762
2170
1402
5331
2602
4737
3853
2712
4207
1562
499
2186
908
4586
149
2152
531
5006
228
790
4825
3363
2280
3788
170
2512
5149
2128
82
1740
1657
201
2652
1051
3675
3662
5103
4368
3993
3431
2059
4418
3529
5245
4851
1407
3539
5270
14
4561
3837
5383
3133
5161
245
4349
4818
3219
4935
5286
35
1882
1043
1330
318
1434
3913
968
1977
1484
1770
1476
135
3145
791
2665
5219
4589
419
4303
528
1700
2038
2929
4419
2308
826
2239
1119
494
1436
216
176
5056
2603
477
270
4347
2856
2075
2782
921
3104
1365
1161
2595
3493
2257
177
1011
2098
2738
2664
5049
3742
1376
3803
4021
2245
2008
800
2110
361
3655
2894
1113
582
3024
264
1859
3364
2101
4330
5090
21
3284
1848
4344
1355
4546
2247
647
1913
739
2148
1893
1270
2891
4248
3671
659
2430
4712
252
1147
4867
2158
251
4978
4882
4678
3570
2928
4014
132
2716
1233
5055
1280
4907
1184
1411
2905
4241
4345
2821
4522
4200
2082
4947
3961
1813
3674
2127
4044
210
2966
5271
5214
4829
4643
4484
1883
1286
4405
4063
52
4022
4375
819
126
1776
4617
3833
1096
3189
456
1867
2998
309
4954
4769
5132
4046
5348
4506
5193
3767
2035
1583
203
5302
1377
54
4677
4553
3753
4013
775
2978
4816
3658
961
4525
1197
4492
3582
1237
4307
756
2979
4403
2803
2748
1495
3077
1710
3565
154
3808
937
2847
2570
1254
3352
1238
2540
3315
2052
5205
1592
2492
2078
2938
2985
1853
546
1467
2327
1058
1734
2142
1263
5138
1825
3823
1589
3017
1382
537
5340
5020
3081
2304
2441
881
4879
4497
717
870
1165
3793
3627
2238
2566
4146
5102
4598
3350
4326
1952
473
1815
1845
1755
2895
4244
2070
2774
94
5151
1117
2980
396
2295
2428
2015
2115
3211
5147
2305
3000
3410
4065
4111
5173
846
4626
3809
1979
2357
3598
5144
2564
1842
3282
1415
5217
41
840
3695
1960
2531
1300
5299
533
983
2498
26
3295
3760
2657
1619
142
1131
535
4768
1221
5109
1418
2807
5394
2915
4693
3716
2303
3924
4910
3499
780
3405
2650
3307
2673
1070
4667
3041
4974
4198
692
4969
503
3566
5402
2560
1547
1975
4718
1750
3939
3618
1040
3586
2006
4995
3243
2320
5310
4475
4098
2199
9
2865
525
4696
3021
1499
4379
4387
389
4341
3844
4343
4914
262
3629
2358
4775
368
3086
4442
2013
4531
593
3892
598
737
597
2778
3606
4027
1792
673
1211
5148
2869
4435
1015
5351
4747
102
1958
1857
55
153
1847
4909
2844
1698
4733
862
5221
2106
4725
1322
1474
5293
4685
1533
57
1205
706
408
766
4812
4640
2249
1658
3711
4760
4437
4408
1339
841
276
2965
1145
1223
2645
5359
453
1317
438
4197
544
2892
654
329
643
2906
4642
3504
928
3520
4356
4788
90
2378
5017
4958
3573
786
5328
3680
3175
2446
4567
5334
5346
5322
1634
3583
4204
2333
3708
2518
4360
3969
3815
2805
3575
5145
3903
865
3560
4470
953
2468
813
2880
2328
3557
4447
2178
1083
3929
5003
2367
5039
2488
3616
981
4280
5123
2456
3935
925
349
2173
4862
3467
3713
436
823
5030
42
3141
3978
3049
4977
504
3824
3838
5168
2854
5181
4888
4214
1702
198
5035
5318
2124
4137
3610
4426
794
1712
4532
3879
1564
2251
3693
3722
3511
4025
614
1149
3672
3266
930
1599
2923
2206
5019
4610
5382
2252
4094
1386
4759
5349
377
2706
994
3517
3313
4853
3159
3102
8
3261
3578
3090
885
4151
2461
3523
910
680
1625
2165
1032
1079
1352
1711
1719
4654
1226
2253
4948
2086
2833
2922
1760
3275
4542
2607
1973
3519
1723
2500
4366
4300
166
569
3861
2588
4396
5177
5084
1764
4099
2721
4987
2248
1759
5086
133
3679
144
197
4835
3339
2576
2300
1150
1081
1895
3153
2610
3631
4903
4523
2458
4060
2679
4898
2990
2713
1351
1008
3890
1491
2599
3430
2680
1908
3904
1193
1336
2620
707
3737
3885
1230
4258
5218
3025
255
1640
2250
3840
191
1427
4392
4918
782
43
4054
2533
887
2384
227
294
3237
4150
4606
1297
1216
2160
4287
5037
1160
3320
1595
30
3481
3730
806
1414
4609
687
1253
2696
4648
4766
3422
2995
3666
1208
2465
1648
635
5395
2074
620
2556
3830
3955
1909
2207
2361
590
4271
1928
348
1559
5252
1194
1107
1551
2480
927
3922
5015
576
2022
5023
772
5156
3349
2582
799
86
433
4301
2762
1315
2608
3893
1320
1344
4317
618
1154
4186
691
1367
999
890
1496
4148
3657
3361
5312
3855
762
1549
2896
1356
5355
3451
5067
1267
4281
2237
4089
4990
2814
333
5272
4785
616
3525
1638
2113
2919
362
4596
3332
2180
51
4424
4663
3221
4015
4243
4672
5404
1826
2604
5051
5215
3498
4755
2890
3594
1594
883
838
5386
964
461
3783
574
4985
2907
778
515
1447
4877
246
718
2331
1424
5326
4482
2917
1631
2731
4309
369
2598
4751
498
5345
254
4221
773
3042
269
4557
2234
1164
1993
277
1291
4555
3415
2940
2028
2584
2281
2544
1393
3812
3001
3704
4227
4004
938
4003
4637
1217
5010
4883
2649
1005
2150
2924
4982
873
4297
795
1196
422
1276
940
428
338
2594
2527
4503
2887
4856
4692
655
116
160
4783
1704
646
1298
4996
3640
4738
5387
108
761
1942
5249
4592
3289
2017
3931
623
3242
2372
3702
56
2549
3263
714
4136
2644
3550
2291
483
3729
304
3553
990
4058
5074
3676
4061
395
2395
543
1229
1509
1302
2623
4144
855
357
2018
