995
40
3200
886
1695
4583
471
1341
3984
214
4548
750
2182
5093
513
1899
2363
1556
53
5261
5371
484
946
4772
534
4228
1359
2448
1656
2195
5133
2632
1944
2134
4180
4075
1319
4556
4322
677
466
547
1709
4315
1689
2420
3098
4329
1872
3881
1715
3494
5100
4616
4163
485
3744
648
4569
2299
866
2972
2982
69
1931
3896
4955
3234
1802
1607
3110
457
1209
4992
2312
4872
3933
3245
3300
1392
1681
834
5089
4624
4937
3358
1470
3579
2968
2040
4238
4290
5115
3390
1299
3209
628
2802
3624
3360
278
4875
3130
3814
758
2149
390
2777
31
3690
137
4952
3678
1036
1180
2638
367
163
731
1536
584
4122
3723
854
5281
2256
2326
1773
607
3779
4676
3804
2824
2758
492
5167
5231
1769
1071
4746
4782
3302
307
4767
1923
2408
4836
2108
4082
807
796
2517
3304
196
4946
426
3515
2910
1460
601
944
1814
3408
2545
5213
4789
1497
165
3439
3703
5325
2343
997
3438
3286
2071
2442
3696
300
4473
1285
3547
2698
405
1296
1603
4612
3164
5332
4108
2830
3992
3755
3972
208
4578
388
3569
1444
1856
4981
612
1749
1647
753
606
1717
4913
98
1097
1522
3936
4129
563
1643
4801
325
4826
3625
4311
5365
670
1746
2062
2475
4911
3125
4263
20
4037
1369
3240
1264
4411
1137
5026
1869
2198
1887
3777
1031
100
3084
962
4232
5384
34
3150
1742
4669
3603
2569
1984
562
3994
4328
2622
3450
491
971
4074
4246
1126
2925
5106
2067
1744
2734
1768
2941
2405
4841
735
343
555
2325
3785
5239
5199
1784
204
1364
1458
1400
4897
1808
129
998
3020
2752
3213
2000
1803
1864
845
1926
4894
4857
3246
4580
2519
2902
1707
3324
594
3369
3079
2836
4779
3951
2947
1214
1401
2958
4469
5311
2311
1838
3673
5162
4895
3428
5315
1502
4881
797
2188
2341
3700
99
1863
2293
2739
5171
520
2798
1141
746
3287
1329
1693
4983
4668
1288
4333
1378
4734
740
145
1432
4740
4998
3262
3362
2953
1894
2624
954
1456
5374
631
1682
1678
2203
4745
3047
1017
1614
3372
4237
2725
705
2215
3414
4451
3772
3446
906
4742
4770
3470
2076
1917
4162
586
3334
1490
5244
1123
897
207
1839
2596
2147
2621
76
2135
1168
162
783
832
3314
4164
2586
1660
2643
3192
331
5122
3533
1615
3637
3623
2154
1501
4551
2691
3522
1316
5
2396
2090
3413
1819
95
3166
1598
4023
1190
4269
4834
4949
479
2222
793
4436
801
2290
2091
3848
88
1586
3505
5202
993
1061
4628
2771
4038
1788
5150
3074
824
2772
3738
2694
3916
1282
4348
3923
949
742
3272
1720
1361
1244
398
2986
2077
1019
4279
4363
2453
2385
836
4372
1357
1628
4896
4757
3412
4217
5206
462
4291
2141
490
3778
4560
2163
1261
1461
3030
5095
256
3782
3749
1469
3249
3371
527
738
1500
2447
2682
5126
2733
3292
3187
2139
4298
3142
1941
2353
109
551
1358
2482
5233
1701
3464
2272
2633
247
1713
1722
4794
2811
2711
84
1922
4735
3919
4930
3303
4743
3375
5308
3253
1225
4404
2176
2490
1283
2365
1018
365
4007
1151
2339
1662
4524
3866
4950
2296
3009
3065
4236
3418
4026
3179
2885
2766
3705
2105
5287
1477
2495
3802
2832
3697
2543
1896
1654
4709
743
157
1611
4448
4558
5061
3615
2005
1572
2223
1417
5194
2577
2857
11
4393
455
62
4211
4412
5280
4960
400
2597
2307
3988
4843
2485
4622
530
1419
4792
1617
4906
67
4105
2976
1262
4210
3542
1403
3914
1464
394
2933
851
1489
4224
519
4110
4754
3395
4651
4373
188
2727
4490
3199
2117
4165
2568
1753
5278
2509
1363
3054
877
1277
542
1729
2381
4407
5361
3278
2957
2724
559
4585
1212
4694
1049
59
443
243
2593
3255
2685
2764
679
2996
2956
68
2356
223
181
5263
3953
2051
3347
4986
3555
1945
3178
4905
1446
4254
3241
2670
1462
777
2140
2241
2728
4020
1900
1396
3739
5195
3111
1498
2955
1988
3190
339
867
2634
3294
4066
3817
2473
3043
2993
2592
3602
454
5068
2380
1069
4299
172
4800
554
4520
3022
1335
185
4489
978
2970
4267
683
2939
4689
4453
3201
3572
708
641
4143
3568
1088
432
2197
1408
3281
439
4675
1646
451
3385
878
805
1152
931
1911
4199
3901
1435
4240
4458
1801
2123
1553
3291
4510
5242
5048
3254
1782
2439
3487
3790
4563
1072
1013
792
1132
385
4518
5016
5012
192
4517
4415
1953
4434
5005
1170
3981
4171
3748
4773
4864
1179
557
1271
3688
2983
1793
5265
4208
510
363
3331
3527
1245
1860
409
5110
3235
1053
1531
4358
3107
4327
4289
3389
4203
2709
312
5222
3584
5034
2842
5314
3365
4390
1785
4805
3562
4665
2411
2754
1136
1155
5085
4722
4554
4618
3233
4250
351
4362
2580
875
3721
3393
3710
2744
2064
4158
2211
4370
111
119
3144
704
1195
3770
4854
1585
3258
969
2081
5176
4924
1002
4594
941
3007
934
529
651
2783
2800
4732
1630
2027
2835
220
3476
4499
1001
1754
734
3271
2228
2414
1884
89
332
4121
1303
1247
1089
3466
3512
2868
853
4095
2571
5071
2504
4001
2787
1526
3011
4350
3115
3805
4278
2719
2735
2920
1095
1020
2335
1124
1576
4498
4944
5320
260
947
4670
3195
4085
3652
4727
3015
2618
3260
3787
1485
2625
1519
3551
1213
4744
1661
4179
4346
275
1441
1035
2218
3035
935
724
538
4251
4820
1818
844
1820
4858
2755
1475
2401
5045
916
1671
2616
1540
3435
719
2143
2585
5066
205
4873
4096
4288
393
1854
2875
1487
2927
1652
917
3312
1513
5329
4802
549
3309
230
4427
1511
2424
3620
5300
1252
815
1080
4135
4574
4970
2477
4017
1933
3691
1849
4178
5305
