898
1627
1577
141
384
1828
287
1068
3926
5323
1951
2829
5080
3053
1144
378
273
1366
0
4731
4787
3927
3433
1177
1340
1777
5169
4440
4385
2756
2879
2019
182
1129
668
1111
481
4226
1050
3354
134
3608
2462
3027
5188
2702
1258
70
4830
1471
4130
3545
442
1391
4838
3379
539
1763
5184
1016
2967
2648
1610
4340
2421
1997
609
2232
2469
1038
2319
3326
1974
4035
821
2323
662
3048
4118
3719
4342
3131
3171
4457
4635
2344
3663
3103
1380
4674
1561
3653
837
3080
424
728
3137
1200
302
3724
2843
22
2991
545
2102
3052
599
2316
2668
2491
5343
213
1873
1692
4758
75
700
1518
3117
5248
366
3108
1082
4102
540
1541
1242
4774
46
476
5273
3500
1934
977
1728
1620
3741
2937
4039
2861
1127
1021
3296
7
4019
684
2507
417
3204
3834
4462
4051
4012
4175
2550
3400
1822
603
1812
785
5075
4050
4516
5388
3995
1683
446
1980
445
3118
5289
5232
1743
2481
3265
1312
2667
2845
3720
391
1737
3612
2440
2763
2146
3898
1821
3121
1466
3990
3667
2889
4793
4064
1103
4786
1914
4765
1273
3930
4698
3825
3633
829
1756
2760
4173
3473
2499
1445
1985
1398
4189
2348
2138
2118
3638
3963
74
1508
4752
117
184
2336
4113
3330
901
2217
5230
4332
4821
632
410
3871
2612
4874
2094
982
501
1374
3600
3060
1156
4568
3659
2350
107
2903
2216
3351
291
3070
2873
1651
271
2398
2646
418
858
3419
2269
1799
3384
675
1930
199
1639
4141
4999
2193
186
2797
1535
3507
3480
4535
3588
4196
3183
2192
5153
3781
3937
703
122
1697
871
4049
3488
3502
3784
2265
4796
1260
899
2330
4565
2379
621
421
4708
4750
2684
3941
4097
1084
619
2032
4125
4036
103
4252
1641
3016
3357
3155
187
2024
3842
375
4828
1567
4508
3441
4128
2583
732
3685
5108
685
2973
1516
4500
3046
588
3180
864
4519
5022
3921
173
2601
3424
697
3882
1892
4357
2987
4588
3718
5078
2231
2179
914
3018
5094
3228
3883
5160
4803
2503
1026
2012
2406
4133
3061
4261
5255
3167
3276
3366
212
608
2169
4673
1726
3846
4824
4131
1292
4159
4504
3411
1716
589
876
4166
1281
4008
1996
5031
381
2474
3886
2671
2009
4157
1545
3843
2431
2737
2686
3731
4870
1115
5354
2205
3689
2511
3813
996
1748
611
2242
3220
3943
3460
2369
3630
1468
3654
595
3501
2627
1708
3368
560
3646
5112
701
3709
4272
548
1790
2467
3407
2190
5350
340
1375
4384
248
3975
2042
523
5118
3769
1529
3225
2781
2073
2194
1199
4511
5142
3322
65
412
1733
2220
1566
5129
2026
985
2551
5360
3343
2145
884
2136
573
1688
1885
3549
1420
2364
1665
1521
5054
2168
3660
4965
3073
4296
564
565
2284
169
1459
3132
4083
3283
3114
2613
5258
1915
5378
3461
585
1539
4218
627
4797
2901
440
5259
151
3509
2130
4070
10
5268
5363
4305
2394
5116
2867
5307
3442
1327
231
1739
2651
1166
1473
4005
3377
912
2505
5097
2294
3847
3648
5196
3033
602
4168
1098
5000
6
1645
3998
5339
4980
3392
3432
3508
4900
4876
306
1324
2298
3559
2034
3458
4993
656
4884
1904
2314
5353
5377
1957
3726
1451
3259
3402
1573
2236
5292
4259
1075
1265
4559
942
4161
4860
640
1830
932
4784
4320
4215
1546
5088
4090
4602
215
615
613
2301
3491
3636
5240
4695
3193
1413
5191
1732
5002
274
3543
1581
3359
179
5209
2375
4109
3229
3244
566
769
1504
360
402
4714
79
1450
61
3394
4496
617
1027
131
5175
5131
425
5247
1650
568
3513
1310
2546
146
4417
2862
1405
1721
4611
2454
3316
3692
5047
3100
193
2151
4934
3945
2796
4570
972
644
4711
4010
3088
3599
4413
1532
989
3095
1624
4539
3747
4264
5376
4441
1289
5282
434
2416
3811
295
1766
4149
2813
1478
5050
406
5234
72
774
1608
4811
3072
3068
860
3423
2717
2741
2337
4081
3101
3581
2417
2789
2786
1457
3496
4304
1982
1956
1898
1987
5398
1182
695
3698
3380
4100
1659
1331
4255
2390
512
3231
2329
3626
892
4662
911
850
2888
4808
1983
2532
3094
1850
1347
3917
3032
1065
2254
2547
861
2266
2567
3129
1307
3468
1530
4771
1465
567
3089
2520
1538
1534
5001
4827
2708
423
3005
924
4335
3208
1609
3416
3644
1891
5251
1965
4599
3128
987
4659
3082
1875
2639
4795
4833
4112
3093
1633
2959
4887
5117
1563
835
2317
665
4399
5364
4997
508
963
23
3668
4262
3774
3477
50
1831
1251
1183
3174
939
2097
3766
5321
3907
991
1560
3223
3484
167
3609
3091
4646
4632
2244
3548
788
816
4277
741
3506
3206
5070
3409
3222
4597
3577
943
4552
727
4153
5356
2088
4940
1971
1362
299
2285
893
3647
2690
4116
3746
1275
5011
1157
5405
3841
3979
5375
474
2866
2819
1438
4283
183
376
3872
39
1279
4660
4474
2460
2823
3591
2893
66
284
168
2656
3251
3665
760
5274
1030
4600
2202
386
5203
2021
3876
4422
2994
3906
904
2784
3503
4899
1943
5046
2443
4077
1806
4799
2874
2155
265
156
303
4093
2808
2817
1104
3226
1323
5357
4625
1954
3342
4154
4220
1333
2200
1313
2144
3122
4439
3895
5139
1644
4256
323
4285
1370
1062
3457
3401
1101
2683
645
1494
3239
2400
5040
4761
1343
649
91
3541
1290
353
1045
190
1571
2096
3725
237
5174
4595
857
2936
2825
286
2850
370
1554
4460
4871
1334
3571
4260
1439
818
5393
5253
688
3974
3597
4331
600
3768
1970
4603
5058
3185
1248
5285
3486
2279
2278
1397
3956
3516
4904
1087
4686
224
1090
2554
973
5275
4353
1437
44
3453
2579
373
2563
4355
1048
948
3454
702
4509
984
