3615
3703
4140
1769
965
2744
4723
2098
3172
1448
2734
2573
3945
1069
4228
2757
2660
1525
1424
4884
2801
865
3130
4718
4230
3289
3844
1047
133
0
5281
2467
3404
3771
3353
4918
1720
2266
2454
4172
4821
4103
1887
1584
2615
3751
967
4576
4654
262
2832
3054
1399
5049
920
1091
4841
4310
1682
4828
99
4509
3900
4127
2642
1781
4270
341
2288
4911
4754
1874
1332
4983
3529
4086
4260
4009
2349
1461
2181
5309
3008
246
5327
689
4525
4057
654
4784
2214
4703
4007
1653
3898
2730
3986
4883
3301
180
4145
4915
5129
778
5203
3592
277
2238
696
1974
5206
2231
652
2826
3014
4300
1340
1628
3148
4941
5294
4393
1338
1449
3809
4237
1962
603
938
3581
1036
2537
2048
3591
3217
4533
3123
3314
4023
3393
3542
1253
701
1266
2968
5112
5027
757
4748
924
4641
4538
4175
4451
4838
157
235
1626
1892
3541
3509
1764
3800
4860
5061
3095
4254
4894
1830
3860
475
328
1176
3070
3637
170
81
621
1615
4787
3232
2684
4064
1185
3007
3980
4247
4886
312
3792
2440
4827
1515
2687
5191
1377
2071
2252
2499
443
1115
3058
2523
3399
4043
4496
822
4851
4678
3612
5238
2606
4351
1194
5135
3487
2213
1551
5148
3620
96
1732
3740
3520
3147
4252
181
5068
3279
3982
4570
4144
4435
682
3895
5382
315
4119
1195
1156
1940
2414
167
5308
3374
600
700
4761
1665
4863
3048
3608
370
996
2818
933
3496
732
3741
5300
3727
4185
4649
3453
2142
1756
4534
2773
3318
4269
4741
395
2799
2540
1224
4465
3915
1657
4431
4885
2324
2069
384
4298
838
201
3825
162
2377
121
1222
2780
5344
4899
2782
4927
1254
2133
3049
1272
2182
418
3677
334
3391
2808
2477
2902
2989
1051
2152
1593
1984
2797
1489
4304
5278
4464
2278
1506
2026
3479
5131
4932
3830
1233
4897
1251
1331
570
3840
2163
2909
1396
3415
5245
2469
4612
3588
3117
1441
1504
3349
4075
3757
2723
355
5144
519
703
3457
2360
2375
3305
118
3768
3569
4444
2263
2507
5380
322
3246
5140
258
2620
3954
3675
765
516
3003
2497
2224
4459
1238
4873
4900
1012
3358
3590
188
3890
1320
5053
2387
5234
3384
4560
3488
5162
481
4621
4519
1641
2719
4587
670
5318
3946
595
4864
1237
2761
3140
2612
474
2464
2308
399
2824
204
1905
2625
1851
4030
330
3707
3528
4752
4874
2405
4963
4449
555
3018
4234
2125
1564
4395
4183
426
2532
2419
154
3807
2030
1779
4024
2755
683
3272
672
2562
3348
4424
4289
3614
3521
4421
798
2810
2228
4782
4406
1788
3445
1761
2017
3229
1180
3485
5186
961
166
1523
4063
417
5339
4611
3245
1428
5150
549
75
3419
2380
2299
3368
4794
3596
826
4507
3471
4329
819
4505
2885
534
1731
2965
1969
508
1904
1160
3882
2444
95
5160
2335
4778
807
1539
4352
141
1142
1296
4343
1669
2531
4109
832
634
4319
2631
2498
2354
1710
1864
4074
505
5317
1430
4717
4628
1257
89
2892
619
207
3877
5104
4624
2604
802
1926
373
3754
4513
4404
5005
3611
4921
4669
4434
3508
5154
4355
4601
3931
247
2249
3079
4693
606
3921
3680
4588
2276
3189
3364
3990
3350
4428
3438
1811
663
4153
3818
396
5388
3543
3426
736
3186
3524
2210
5153
1839
1870
3910
4448
3976
5050
3215
490
1618
1064
5297
4756
2045
4170
5020
2689
2548
3218
1609
3365
3883
3280
2649
1042
3513
86
2746
1086
4457
215
4805
4441
5386
2430
2492
3096
1989
978
5287
3550
150
1017
5214
1360
3739
3532
2931
3114
1232
1252
1245
846
3196
2025
657
5060
5163
4328
2736
4751
3865
1080
1109
2343
789
3642
1912
2597
3330
4665
2828
4458
5347
3650
3184
2996
4231
183
841
2920
3538
3943
1529
1403
1930
2771
4410
2200
2817
803
1386
3978
2204
270
2352
274
2505
1532
2705
2302
5077
2399
4575
3045
4311
948
1785
2725
2717
5209
2254
2366
4898
1324
3458
2462
2410
5095
1136
3462
2409
3851
333
2811
844
3801
3602
446
3028
4370
5151
362
4802
2028
4773
2551
1282
1255
2516
2860
4336
3327
3887
1277
982
1031
4994
3059
3951
4971
3216
1065
4338
3583
1559
5375
746
2889
4361
1102
1601
2833
1361
3402
3121
1555
1550
3947
1895
5159
1125
1178
3750
4947
2993
2034
850
2470
1090
1417
3988
4615
739
1855
1392
5048
3516
4715
1960
4988
2926
918
486
4931
1799
4136
4296
4283
3932
1875
197
1988
2259
4248
4523
698
4191
2479
5122
1983
1146
4742
1541
1677
2358
4220
2097
4286
871
2378
2962
4991
5321
1310
3575
1343
3181
3472
3812
5071
1288
916
1859
2487
1375
3762
1981
4730
137
2422
3334
1035
2873
4938
1161
4360
2006
1914
4866
560
2745
3413
4929
4640
4477
1881
4243
3115
4599
31
3693
4937
4155
283
2843
3124
1147
1397
387
4960
2091
5383
3086
4619
1453
1889
1518
3403
763
3287
4396
2932
1481
1001
953
3377
1767
4480
2589
4255
4675
796
1573
1707
4510
1583
5044
2319
2293
4251
4708
1890
1328
2137
3896
5336
453
5351
1063
2592
3713
1565
2899
2158
1916
3968
1018
3559
374
3292
4529
1980
2533
4407
1355
1169
5136
2216
1487
3340
5087
3346
3719
4635
678
2398
3876
906
2549
1145
4
1203
525
3394
3942
4192
1699
3310
1123
1915
1083
360
4614
3866
2657
3819
3139
697
3704
5189
4385
1401
546
345
316
2502
1729
223
2000
1077
93
3323
2379
228
3836
1322
1815
3917
2092
3905
4923
2113
342
3380
869
4823
3797
1078
2916
2852
3756
3859
3565
4565
1743
980
2310
348
4112
4029
131
5167
598
3392
2132
3164
222
276
1243
2731
2326
2407
3828
3262
943
4104
3873
2463
1177
1137
3347
3251
2248
