1369
1891
2682
1744
38
2164
2038
3174
2295
883
2143
666
4555
1826
2690
2390
67
1325
4512
2493
2008
3382
3176
2194
480
660
596
4273
2713
4502
1798
2748
5394
3816
5110
1658
3619
4171
2866
1153
3356
3315
1684
3897
3789
859
1726
1759
1697
3676
2939
3525
1903
5241
4594
4549
2829
3284
2565
4349
3729
5364
3038
801
3734
1205
151
3975
2320
2910
1556
4166
3108
1922
1127
3827
2779
2331
293
1457
5293
4986
2311
2637
1130
1673
3331
351
1289
4114
3850
5076
4592
5029
2301
2016
3837
783
774
3829
2994
499
3143
4868
1234
1455
766
3636
1315
2793
1482
2173
1492
5284
2337
1256
5305
590
3406
3953
4174
1187
926
1966
1364
988
3360
3109
1599
3475
944
1900
1445
5217
3998
2963
3209
1501
177
3339
325
1300
1467
2096
1778
4278
1308
2727
677
1342
3090
51
4123
5260
983
3452
4325
512
1526
2927
4729
491
5014
425
452
2456
3274
2455
2728
1572
1367
1418
527
2887
2341
4880
2232
1281
1569
3193
3035
2486
2940
1637
1787
5174
3999
981
4282
1814
794
2815
5303
2552
5348
4820
3041
2654
3205
2304
2935
4848
2882
1084
4169
885
2651
887
3989
1284
797
3983
4933
5133
5124
2956
423
3278
4573
680
1600
1173
3167
642
3179
2925
2338
4762
3342
1991
5063
4967
2752
1536
4137
5337
3144
872
992
1354
2112
4041
3511
97
3202
2894
3312
205
4590
3385
726
4099
1120
5024
1088
4447
3158
3930
599
5197
2230
646
984
5356
375
1691
3944
5389
32
4861
1425
4416
4925
1298
142
2950
161
88
335
1005
3286
3745
1306
4755
3941
2627
537
2675
179
3498
1143
4238
165
4096
5026
1
3080
2733
3025
5369
4662
4655
3552
4887
465
2850
4797
3597
552
4181
90
219
1220
5109
1349
314
5405
572
3535
224
1908
4045
1683
25
4055
1642
5183
4107
291
4622
915
4050
3725
1006
5083
4476
5155
3459
4027
3517
2972
2439
2846
1608
5146
1685
288
4433
1530
5019
1705
2980
2457
3126
2681
4415
2538
2168
1869
3359
4445
4940
1749
1027
344
264
4425
1605
3832
2426
55
253
4135
2949
4850
1100
1537
1450
974
5022
1429
1066
3036
103
2659
3743
4676
1771
2585
3682
1045
5350
2151
1174
3994
4381
1229
5404
1087
643
3997
3712
848
5230
4760
4347
5157
4556
3907
720
2099
4629
3156
528
3119
840
1957
1850
2197
2237
4068
587
1434
5302
3293
238
3665
237
5312
4561
1415
3514
267
2652
3134
1358
2127
3409
521
5096
2211
5067
1616
3742
2261
3893
1838
454
4855
691
1263
2189
5396
580
2480
1971
4716
1026
2914
1211
4069
71
4340
4608
3956
3252
4843
2014
4750
566
1030
1495
545
3936
4775
633
14
4236
3655
110
4031
2244
354
126
2136
4970
4093
4263
5290
2054
1770
3099
3395
2202
2459
3563
2777
1319
1190
4478
635
108
3927
530
102
2437
364
3847
3785
2313
3599
2102
4293
4526
5149
3697
742
627
4281
2995
3243
5220
4999
3493
3006
1972
2458
806
4945
733
4790
4520
830
3634
2663
4271
3512
1293
1511
1648
134
4419
2735
3659
2140
4297
2123
1885
2258
3670
3153
3282
4745
4209
4618
4688
891
3870
2527
4651
3103
5043
3178
244
2424
1108
553
1218
2862
3761
1674
5324
1168
4500
4014
3763
4399
3159
2362
3253
1586
2677
1074
1363
2959
3017
4378
5086
53
597
507
5088
221
241
3547
2653
366
2741
3416
4184
124
2512
583
3848
4201
4670
163
3107
1472
5120
1050
3654
2986
4106
91
3857
2033
2908
3019
2629
2267
390
5256
3461
4066
1427
5070
3097
3171
4605
4363
2134
297
363
4453
4001
2816
2217
4674
2478
5094
1693
1777
1734
1132
690
2942
1793
955
3610
159
4469
404
3236
4924
1013
340
5015
729
4373
2666
3934
2621
3534
5137
651
64
1666
2893
4856
105
3984
485
2050
4028
4301
721
4604
218
4679
4544
939
5099
5098
5031
878
377
1221
4944
4077
5269
4000
3190
2522
1571
735
2473
5090
1199
1075
415
1562
5330
862
3928
406
2428
4229
3112
2199
5039
4083
3731
3787
4280
1443
1622
1413
919
2948
4948
5089
2688
4661
543
4120
4206
3586
3576
4732
3728
5113
4949
2107
825
4765
4763
2840
817
3874
5056
968
2162
2640
78
2196
3317
1760
3237
3294
28
4314
435
2129
3594
1000
3518
3352
4833
74
2933
2855
1624
5393
3084
4019
5016
4767
2610
2484
2849
5372
4803
911
4492
3290
753
3708
2118
1200
4541
710
1292
1231
3545
685
640
3309
1285
1151
2077
4992
2187
467
3584
4071
477
444
1706
4305
536
2691
4908
2225
1794
985
424
4996
758
5275
2696
558
1554
1477
5171
851
2298
2568
3992
4292
1582
371
111
4589
5158
681
2582
3449
2983
4566
585
907
2121
476
234
4426
5125
855
2708
356
226
4905
92
4934
2355
3723
605
2053
2954
2834
2147
2265
273
3155
4102
3722
4405
3795
562
754
3298
4636
4696
4375
2372
4432
3967
305
3081
2664
2496
4472
3
4613
493
3774
1491
3354
4524
3239
1126
1509
1476
3302
3969
12
1067
1924
1886
3914
1796
1002
5072
2955
271
4018
3088
2057
993
3362
3856
541
5082
2751
1024
3092
4704
2747
2836
2434
3083
3701
4920
1247
1262
2618
4581
1964
4411
3044
2544
5402
3266
2178
3291
3601
4244
1954
2494
1860
3645
1040
2404
3495
4769
5222
1179
4981
2665
2525
1112
3640
4816
5299
3199
2157
1295
2997
1722
2250
1952
52
2584
4997
352
284
4617
1646
4274
496
5211
645
233
1131
653
5126
1910
2526
3555
1382
2614
4699
5114
2318
4388
2002
2321
586
895
3649
1117
1172
1667
5010
4037
628
433
4139
257
780
2095
3567
2138
2918
3918
173
647
139
3494
