3361
3396
863
450
3864
1204
1159
4799
1630
3908
68
3065
2890
3781
20
3923
3733
1048
5180
2104
4571
3660
4965
3817
4052
3753
4650
2617
1439
5328
2396
2760
2825
4339
3375
5092
2166
2429
1311
1283
1034
3911
4919
5075
1883
1391
259
4798
3531
1690
2616
1381
2587
2787
969
1451
72
3102
2047
1967
3833
4757
3916
216
61
3749
2599
324
500
3885
3664
2106
979
2644
2155
2148
2423
2128
5316
4224
5273
4408
3477
2732
1144
3862
5030
3912
4038
2753
1225
214
2632
2229
5062
4290
1558
457
115
3879
4620
2987
5195
4309
286
45
2888
740
2547
3846
3072
4162
3430
2922
2219
2431
4859
668
2090
2205
970
1709
1493
1992
1517
4481
1459
607
489
1948
367
3786
158
3191
829
1961
4731
3182
4159
2607
3001
854
4147
2029
2284
2333
4474
1419
4022
2021
776
3684
880
4659
3556
1806
4460
4543
853
2662
1950
1578
936
3595
4368
3281
4158
903
5188
2100
5228
5164
5403
5218
4350
4353
4013
928
3010
4694
905
1099
770
2884
1318
5367
4025
2411
3605
3122
4700
4403
2488
2823
203
5038
1514
35
4288
1965
2300
4511
4485
3551
4916
436
4909
2418
1068
3329
738
3726
3560
5346
775
3871
3063
281
1138
4115
3055
2710
574
2351
1636
2647
2743
3131
240
365
3464
1219
3780
4740
2928
4484
3222
504
3446
4413
1164
3326
2670
4364
4332
5246
5054
4489
2007
5057
4812
1597
3411
1129
3489
509
2990
1250
3863
1772
791
1553
1259
1997
3839
5319
4776
2864
2078
34
76
1849
1686
3593
4977
3195
989
5242
2520
1845
1533
1458
3125
3441
4321
190
3386
359
2778
2750
5080
4968
5243
2256
2011
5354
2841
2088
2775
1629
3421
4747
2715
2874
2847
2879
2490
2165
2116
2608
1420
3527
2702
540
2530
892
4522
730
300
112
1520
1545
66
3149
2236
1790
2820
4976
2010
4631
153
976
3194
1398
5399
3157
2767
4146
2602
1049
1119
3813
5192
4197
1037
1985
1182
1812
3034
242
87
3250
1847
2766
2795
483
2924
5200
412
4344
5358
1829
5334
3106
2541
3546
4951
2031
571
2243
1463
4847
2593
2566
3653
3617
4111
2904
787
5333
5207
3788
2119
3950
1248
3613
1022
3450
2953
4190
311
144
5259
266
4836
2402
1821
4569
5381
3964
1680
2724
1140
5018
565
4264
128
