3062
4699
5029
5114
374
4031
2668
2228
3898
1121
1599
2583
4732
88
187
2223
1695
734
2781
1904
2338
2457
2617
1022
848
2653
2983
4140
3502
1229
4219
409
3004
3621
4015
1549
656
546
4587
716
1476
4131
394
5367
4320
967
5123
963
1715
2308
4345
4628
3739
5039
652
3080
1348
5209
1237
572
4088
4461
1542
5071
1396
3737
3965
4453
3778
1713
36
198
4838
473
5321
2654
5075
1407
4560
4365
3793
2972
2071
1253
3934
3023
2078
3656
3220
1077
218
54
3573
2254
2288
597
1994
3902
4121
907
2632
3432
1359
2408
1092
2976
2780
2760
2133
4633
4086
2379
1141
4802
1769
4258
361
1657
289
4816
4717
4325
2826
2950
707
2091
505
3798
4581
2424
234
4987
2894
1319
3123
281
1380
3562
492
167
1384
3390
789
957
1863
2552
533
3346
1651
994
982
1252
5301
420
5051
2332
605
1010
3486
1089
5252
1578
3559
2868
437
3839
3031
4778
3119
490
554
5098
5088
3006
4378
2482
2245
4316
1009
889
3232
97
838
3170
5073
2253
951
5163
3076
2169
1452
780
5118
2538
2541
5078
2384
312
4212
3302
2184
988
1702
1071
1027
1339
1334
4878
1745
4251
3020
698
918
868
3716
3155
48
2287
337
2619
3828
5219
4896
3563
1497
1303
1965
5208
1868
5237
3860
4059
1439
1109
1003
661
5326
4777
1075
2573
4197
4715
4846
5119
3311
1105
1143
3121
669
2014
1175
51
2767
3377
5030
2695
4800
525
1236
1969
4761
974
4392
2414
4419
1764
5097
1311
2757
4609
3244
1749
1575
1434
2747
2462
1838
826
2247
4352
3800
3010
2106
5074
1521
2662
1283
4793
93
4191
1295
1171
3536
5233
5197
5331
748
2817
5059
1627
965
1882
2244
107
1943
4335
829
2481
4540
955
4399
728
1440
5351
4169
4004
607
4643
5291
3507
1449
3881
4471
1718
2022
1248
4924
699
4886
412
300
4171
4223
2896
4817
2129
3941
4068
271
1757
5094
1647
3128
4841
64
5312
3959
2625
3278
1466
3871
1956
4291
2344
2910
4552
4957
4175
3167
1006
4429
2775
4730
3629
4058
1773
429
989
3248
3767
1641
262
4106
2951
1039
915
5347
900
3263
747
3875
4593
3721
959
3643
4452
3506
819
2877
1617
5005
1580
2274
4656
824
2719
2929
91
2966
2649
1064
3100
2574
5339
24
4283
1557
2873
3909
1936
386
1267
342
1591
3394
1919
2092
2136
4428
2176
2881
2119
3539
3972
4629
2686
3725
2360
5338
3144
4976
4718
85
256
1637
1510
5346
3773
5327
353
4441
1234
2709
4799
4848
2347
3162
3185
4669
2647
2610
1390
4857
5335
3590
765
914
2899
1529
2191
1004
2672
1946
5341
3974
147
1932
4201
4397
970
2562
1493
3221
3790
137
3050
1067
4568
5093
3042
1694
3611
2852
1593
315
4091
901
2731
1025
3837
2131
1145
3580
4842
4971
190
4470
3353
22
2329
1756
4544
862
3872
3806
4044
1653
4659
366
1962
5225
941
4692
2919
3285
2380
2673
1545
534
79
176
4193
5022
5295
2591
792
4398
2336
2882
3052
2648
5124
2206
4814
246
4033
488
4181
1590
3593
1866
2834
1376
4340
3920
5304
435
1514
2628
2164
3426
1535
3696
3359
4078
3861
370
1553
562
548
4856
3636
1674
1210
1154
4592
1964
2916
1014
3961
5241
4784
4145
3264
3610
2684
1188
2428
1266
3156
415
1136
2555
5046
3836
4104
5188
1226
565
2303
1086
2713
443
4185
3635
1664
3927
3428
2902
2997
2061
1560
4601
1030
2163
186
1546
2884
926
2430
1520
993
1628
480
3513
906
2320
1539
139
587
1127
1609
1437
3330
1648
2797
1095
1107
833
5260
3242
3772
987
4351
4051
1187
1170
794
1279
1516
1818
2680
1940
4103
45
2086
4101
1611
1422
471
1571
1841
3216
4681
3171
5149
4688
3984
3728
1007
773
3885
2066
5336
2059
2603
637
1001
3821
4232
3012
4965
4369
2965
1214
4254
981
919
2793
3768
2017
4766
3633
5211
3356
3197
4911
4010
5259
2460
3530
1849
3357
2087
4252
275
2322
2307
180
240
504
1945
2075
3165
2957
1486
3699
2486
571
648
4438
3679
279
4607
5292
972
4943
4912
1198
3138
678
483
3383
688
609
4160
846
4037
2627
1827
3896
4530
2553
1300
3363
4310
1309
1519
2809
738
4235
2650
4790
4562
3671
149
540
3971
522
2440
280
5328
1807
2445
865
1661
2350
2158
2443
4228
2174
168
1711
2911
1475
411
3334
449
3660
1026
3450
414
2046
4850
3883
4456
2401
766
3213
676
359
114
2452
1442
3759
5102
1725
402
4218
3769
913
5142
35
3529
5000
1133
4831
5079
3942
3946
4179
1113
1055
1403
5218
5235
3086
213
3224
999
2814
306
5251
4498
4748
2697
3986
2020
4129
5354
3900
1660
228
3866
2027
1470
1895
1428
843
3328
3057
4123
3113
1656
2250
4256
3620
4744
4582
4947
2588
3449
5095
3939
2715
4808
774
2135
117
200
1929
1372
95
171
1840
3158
5014
3430
5276
5228
2089
4151
3830
2076
2601
2932
1478
245
1163
1240
976
2705
685
3868
2571
3547
1503
647
4344
837
1056
4080
1987
3457
2040
1485
4503
2024
4583
5169
5012
232
428
3175
1812
2406
1128
2279
1577
3857
57
1583
1287
689
1289
1335
3461
4824
4781
5201
3273
2981
3616
859
2359
3209
4703
454
4029
3331
5013
3059
3063
503
1991
934
762
2843
4933
2363
3982
2900
3161
958
1739
318
4387
115
479
2665
2539
2209
1995
2655
5230
4877
4183
3520
4701
3451
2461
1318
1587
4870
4302
535
406
4887
1058
2968
2426
2888
2749
1172
4941
3448
457
687
4477
530
3204
2146
1597
272
254
3560
2306
1354
27
2742
3274
1432
3409
1135
87
4149
3459
1169
141
3579
4330
2483
3973
2679
983
401
2566
4285
2102
2155
