3275
1558
4002
98
1414
2991
5280
4811
2003
5357
105
2249
2892
4751
3392
5232
3412
9
583
4060
561
4240
2805
4637
600
248
4517
3470
5359
4273
5373
1000
166
3706
1805
4818
1068
4220
3867
5305
334
3702
1183
3290
2558
3402
3886
4982
2196
4350
745
3831
377
4858
3887
884
5388
4840
2530
3664
4930
1423
4016
1438
2464
127
3453
715
3626
568
3733
2751
324
3202
5289
2687
1093
1271
2837
644
1314
856
4189
2734
2832
5165
1736
3476
2707
4612
577
4523
4360
4762
2251
4323
2397
3652
4864
4827
1347
3714
4451
3698
5271
247
3070
1215
1733
2992
1980
5315
4293
4353
4736
1677
3841
4442
3811
52
4375
3287
5004
564
2372
975
316
5332
4128
1891
4421
2161
2537
3617
2403
1151
2528
3544
3452
517
4001
4413
613
2820
1479
2880
2005
795
2216
5310
3749
1615
1134
183
1164
1837
3933
1074
961
1810
1207
4136
2125
752
4822
2925
4432
1843
1907
1898
2211
4714
4653
223
2469
1830
4769
5319
3556
328
199
1463
4108
5166
3843
2831
4890
4388
1897
5152
592
4329
1933
2084
4065
1469
912
42
4598
2694
602
4697
2912
3251
1873
978
4319
1658
456
241
5129
4457
86
3715
2819
4177
3921
3458
4885
3990
3944
2634
2618
1281
2572
4354
4724
5109
2272
158
675
5052
1263
1926
5395
3102
3631
1417
2349
610
4494
5216
1150
4716
3340
3201
2304
1821
1603
4282
4055
1054
905
3877
4891
403
3970
1930
1655
4488
391
2600
2936
4382
711
5254
5333
4590
4146
1082
1746
4326
4216
3225
5138
1142
2048
1867
618
4275
3235
216
5187
4097
3802
4663
2323
1023
59
3500
3840
1851
5353
4132
4566
2042
2644
1754
3776
4647
5277
2891
4122
3553
3926
4495
2587
4573
3930
4081
4025
2903
1705
892
606
4861
4130
1282
3319
1185
4996
2450
5392
4436
1909
5096
4357
2914
5290
5174
96
3967
4836
3192
1087
4247
3795
1468
1517
209
4159
1340
5371
821
4722
2556
2799
4794
4381
260
2720
3427
3810
2050
4289
3217
5021
510
1667
1496
4073
1763
3752
486
971
4286
3825
827
2100
4520
2752
2299
4961
4119
5356
4424
3975
1436
2585
1770
2878
1481
43
3114
3182
1701
692
4265
478
3690
3436
4998
3824
2739
467
5061
3168
3945
446
5068
99
3407
4301
2732
1368
413
1297
2501
2774
4203
1766
566
4866
2663
1610
2599
3657
3072
1176
3304
4052
945
2524
2660
2754
1687
322
4696
3960
3658
396
1173
333
4444
2527
1692
5383
1184
3614
2310
2484
527
2441
5394
4883
3218
542
2261
894
1066
3787
4835
1681
4946
1752
206
3061
3775
1742
2217
3148
4479
5303
4039
1435
3634
4685
455
3526
496
1477
722
4412
952
1650
4570
2154
2790
1874
3531
3673
474
3557
2
4652
3904
1814
4837
3265
4942
4806
1420
4507
2718
4006
2282
1501
5272
2263
1155
283
1337
1193
384
1307
2778
4000
3173
4391
4763
3484
1675
2745
3044
4805
1261
861
1800
1374
4539
2259
1954
3869
3324
170
1741
4050
2468
2505
2798
2682
4963
423
1313
3595
2784
2811
3369
5398
4233
1285
1679
2557
5107
531
2417
2803
3512
2325
1035
679
2035
4735
896
4746
2792
4332
3160
3341
3099
345
4376
646
5204
3577
58
172
615
3229
890
2177
1804
4135
1355
4895
4618
2727
1472
2094
405
3318
310
2312
2698
2053
4107
3494
997
2961
1526
365
549
4999
4192
3889
992
1162
3032
3019
4014
2506
3537
1427
4964
2210
2051
2055
1811
1489
4834
2494
5062
2065
1777
3296
1633
943
3294
4244
3210
2335
805
1482
2953
4620
80
4913
3931
2070
3630
763
802
5401
347
629
4678
1920
5317
2454
4307
1568
3367
3135
815
1989
4720
5086
3276
3465
1277
2013
4238
4482
4813
1979
3497
2550
4372
3434
1834
268
2371
4287
3662
4236
1146
4478
122
3410
343
4063
3774
2132
2281
387
2710
1460
3147
3009
4536
2955
2801
923
5178
2318
783
4008
2448
2405
1729
2576
844
2393
2341
708
2256
598
4521
2744
1204
5278
2761
667
3748
3222
3884
4321
4588
3231
2394
194
5263
2021
2938
4401
4859
2151
3603
4768
5181
579
4955
653
998
5256
2712
3380
3998
851
2725
2933
683
362
373
4826
1968
4362
2717
558
3133
3518
1467
5384
2431
116
3286
2324
3073
4950
790
3103
2172
1815
3105
4234
5309
4150
2862
2703
5157
2521
2706
3578
1706
2937
4666
3936
4261
381
4102
1177
4695
2895
658
1839
2949
4546
2475
4026
482
4617
470
3096
1448
5136
4318
3255
2785
563
811
2083
2242
160
1085
5340
2101
4295
1947
2808
594
3850
3543
3439
182
4914
4634
543
5376
4968
1852
436
3107
5084
469
3528
2886
2721
4795
1225
2280
850
2578
2848
3576
4133
5037
1682
1375
1416
4076
4882
1293
5368
3732
4303
1906
1894
3719
4237
3379
1740
3354
3236
3833
3398
797
1993
3312
5374
4012
3954
1273
3111
3189
1684
2533
2434
5111
444
4693
1370
4416
3895
660
2234
5150
2810
796
1685
4690
4366
1602
4491
4492
2232
5380
133
1559
857
385
2921
1708
3625
4255
1561
1604
3109
2666
4646
705
497
5167
507
298
2356
3754
5349
2200
3958
1797
55
69
3962
1533
979
2492
1848
3145
3442
1636
2294
580
4791
664
2315
1532
3637
1140
40
4898
287
2456
1148
1506
4605
3126
3325
4564
4892
2285
4561
4603
152
4250
4298
1927
4281
2904
3054
3485
1738
712
1639
4851
181
5002
4299
4597
4944
1
2419
697
5226
623
2812
2258
5041
3033
814
2542
5056
903
1881
2185
717
4753
1245
2036
684
641
3812
4481
3066
3378
3475
2907
5262
3261
1490
3308
924
4200
1072
3649
4621
1730
392
5083
2207
5365
5207
4440
4211
4708
2141
72
2221
21
1387
732
1364
84
4676
2399
1488
1446
4022
4869
4064
640
192
2525
2062
657
4928
3266
2602
3017
575
3141
995
349
1576
4337
3091
2015
326
1144
3680
3608
2664
4854
3396
911
2345
2974
4862
772
4771
3345
2646
1574
1122
2596
4099
1052
106
2011
407
1835
2724
2856
709
874
5015
2883
5267
5261
4331
383
2568
1809
4954
462
390
3051
916
863
4807
1923
731
215
3659
1527
2960
2386
2019
5314
3848
1018
1983
1876
4501
3501
3055
3431
3309
2025
2529
849
798
1159
2470
5170
4054
3130
1755
1371
3438
4662
2277
5139
4972
4077
3462
4948
5146
1990
4542
1078
250
207
1410
2943
4611
730
2422
1584
253
1790
3805
771
2917
720
4906
1019
2001
3219
2118
3910
1782
1045
4694
723
3584
3385
173
741
749
2569
2056
2683
286
3764
3306
1096
704
4474
570
2319
2365
4729
842
1029
3208
1361
432
2334
888
855
985
1787
4665
2547
448
2517
1917
632
5345
5151
4515
1166
3013
1871
541
3641
2999
1996
4529
813
5076
1280
2503
3122
447
174
2099
2887
3364
5189
1722
2885
4809
4105
3444
4500
4674
5231
2346
3823
3564
1231
5316
2776
4993
588
5053
1910
1118
2590
3955
1680
3546
917
3911
5032
1855
3882
290
3888
740
1249
1063
760
1550
2893
3726
582
1606
1645
4502
3863
4916
2875
3691
1112
3813
2381
3493
3783
4155
1462
2130
4466
4775
3552
4253
4100
3924
2498
5215
4430
3467
3288
2643
1880
1328
3
3355
3348
2990
269
494
220
3511
285
655
3541
4949
4786
4683
1540
807
395
3395
4195
1784
887
2629
4239
4313
4394
1548
3761
367
4765
1351
4343
1671
4989
3915
581
4783
1061
3386
882
4936
2166
5113
4626
29
3200
3999
3098
2768
1157
625
3323
178
265
5106
11
758
1988
4356
1670
2639
3827
1820
129
4473
775
1120
2377
1098
4115
5217
5362
2110
162
5104
2081
809
1612
4225
3106
258
3983
4166
2922
4215
1642
2028
4374
344
2297
5360
1404
4526
1429
4142
1710
1931
439
4152
1816
3227
3809
4578
4269
4435
1941
1474
341
2920
4960
4893
1471
673
3952
3406
1213
4733
4599
4519
4124
931
2620
885
767
1547
4328
3456
1203
2535
5253
5307
1284
3903
4522
350
3401
4137
5031
119
5108
897
2496
125
399
2412
3655
1048
2755
3307
118
4863
2488
895
235
2317
211
356
2416
5269
4182
1190
2975
2534
124
4383
2473
1119
2447
2614
3914
5117
2580
573
3029
81
681
4534
1344
936
4363
131
1130
1918
1308
3376
2796
910
3890
2143
4983
854
4986
3211
4113
1564
2716
524
2958
1502
1768
4448
4279
8
2500
4204
3191
545
3389
3746
4772
5179
3008
1180
299
5343
1844
1265
1727
3344
611
4555
3303
5377
2993
3387
3116
4776
4545
1759
4341
2171
1552
3677
3187
1247
823
2740
2107
1398
2656
2220
2741
5006
3399
75
4342
2833
1915
2270
1901
4125
3854
6
4028
2689
3615
939
2597
1381
2870
4324
4176
219
3937
3905
203
3079
4400
2621
1975
3966
217
2178
1861
2855
4420
1291
1981
4156
1441
1492
3504
1957
4506
2400
4596
2203
4738
1721
4908
691
3916
2545
1352
5050
3424
1914
3134
651
5184
2861
132
1601
1723
3181
2235
520
1415
1776
638
1691
4915
5284
2996
2442
156
3782
1579
4483
1356
4148
304
1047
2391
2615
3338
1939
1563
4721
2657
2392
4222
1992
34
3375
1825
1543
2009
5190
1498
3002
2753
1456
1117
3463
2016
4047
3411
2309
2387
4572
1401
3258
2224
2268
2906
3443
1595
2123
1080
4167
3710
1854
3408
4532
3081
1138
4036
159
539
3112
3771
2180
4991
5047
1323
1264
100
556
4875
1813
3542
76
90
3855
2608
2378
834
3174
2499
3661
3763
4249
2328
991
4668
1458
252
5116
2049
2157
113
3366
1896
3724
3198
103
489
3108
169
3007
4804
3270
977
1260
5389
1091
3203
4978
757
1572
3016
4639
5011
2477
4443
866
460
642
3583
1524
1885
291
3492
3751
5363
755
2702
2179
4141
612
3897
2407
2218
5302
3024
5147
355
4670
2490
1034
1418
1765
4903
1938
1216
3026
2723
2267
5403
3437
5175
28
5026
2023
1235
3045
2658
1005
4120
425
4677
0
4897
4188
1831
1032
2045
2385
4018
3125
3609
4377
680
2425
4045
929
164
682
3454
4640
3215
2510
2864
4504
2260
1878
2043
3058
4641
4380
2769
980
4317
2859
2137
2667
4268
2876
4872
3558
4682
1616
3707
1433
2134
5330
3856
4704
2159
3561
4707
4085
1083
3249
2063
1377
1860
3581
2194
3056
4853
1002
393
461
2301
3139
4632
3923
4226
360
1949
5185
1847
2823
4594
1689
2519
38
4664
1806
1703
2497
2913
4889
3589
886
871
3612
19
4434
4231
3277
5183
4997
1399
2068
4899
4417
2402
3069
1129
3075
204
2193
3169
277
1350
4264
1218
4311
2302
1483
2114
3668
452
3491
3421
4348
3705
4347
3271
3243
2262
1443
1223
3022
966
2567
1780
371
2635
601
2651
4622
4589
1327
1444
927
364
4556
3586
3807
2838
3712
3766
3948
2526
4757
1569
2222
1573
1985
4576
4881
4528
1315
3239
257
3326
2316
1666
1554
696
3053
1515
3489
4296
3223
3415
2544
2984
2696
595
5308
1021
899
214
2623
1858
4524
3137
2857
4615
1744
2485
512
2352
1149
4196
2863
3120
2688
5065
2012
2112
516
2337
389
3127
2117
3433
1246
3483
2676
336
4843
2109
2607
1833
2201
1822
3906
3516
920
4904
4187
5264
3517
3642
1385
4803
1905
1589
1306
1031
3968
4917
1320
2606
1200
1461
511
1620
3587
2507
442
1455
4958
2487
1662
273
3339
4625
5396
1053
2032
3756
4194
4815
3279
2616
4075
3199
4462
3445
5122
5016
5391
4569
875
2730
969
4821
1349
2611
1726
2108
5282
822
3299
4635
5018
