1364
84
4676
2399
1488
1446
4022
4869
4064
640
192
2525
2062
657
4928
3266
2602
3017
575
3141
995
349
1576
4337
3091
2015
326
1144
3680
3608
2664
4854
3396
911
2345
2974
4862
772
4771
3345
2646
1574
1122
2596
4099
1052
106
2011
407
1835
2724
2856
709
874
5015
2883
5267
5261
4331
383
2568
1809
4954
462
390
3051
916
863
4807
1923
731
215
3659
1527
2960
2386
2019
5314
3848
1018
1983
1876
4501
3501
3055
3431
3309
2025
2529
849
798
1159
2470
5170
4054
3130
1755
1371
3438
4662
2277
5139
4972
4077
3462
4948
5146
1990
4542
1078
250
207
1410
2943
4611
730
2422
1584
253
1790
3805
771
2917
720
4906
1019
2001
3219
2118
3910
1782
1045
4694
723
3584
3385
173
741
749
2569
2056
2683
286
3764
3306
1096
704
4474
570
2319
2365
4729
842
1029
3208
1361
432
2334
888
855
985
1787
4665
2547
448
2517
1917
632
5345
5151
4515
1166
3013
1871
541
3641
2999
1996
4529
813
5076
1280
2503
3122
447
174
2099
2887
3364
5189
1722
2885
4809
4105
3444
4500
4674
5231
2346
3823
3564
1231
5316
2776
4993
588
5053
1910
1118
2590
3955
1680
3546
917
3911
5032
1855
3882
290
3888
740
1249
1063
760
1550
2893
3726
582
1606
1645
4502
3863
4916
2875
3691
1112
3813
2381
3493
3783
4155
1462
2130
4466
4775
3552
4253
4100
3924
2498
5215
4430
3467
3288
2643
1880
1328
3
3355
3348
2990
269
494
220
3511
285
655
3541
4949
4786
4683
1540
807
395
3395
4195
1784
887
2629
4239
4313
4394
1548
3761
367
4765
1351
4343
1671
4989
3915
581
4783
1061
3386
882
4936
2166
5113
4626
29
3200
3999
3098
2768
1157
625
3323
178
265
5106
11
758
1988
4356
1670
2639
3827
1820
129
4473
775
1120
2377
1098
4115
5217
5362
2110
162
5104
2081
809
1612
4225
3106
258
3983
4166
2922
4215
1642
2028
4374
344
2297
5360
1404
4526
1429
4142
1710
1931
439
4152
1816
3227
3809
4578
4269
4435
1941
1474
341
2920
4960
4893
1471
673
3952
3406
1213
4733
4599
4519
4124
931
2620
885
767
1547
4328
3456
1203
2535
5253
5307
1284
3903
4522
350
3401
4137
5031
119
5108
897
2496
125
399
2412
3655
1048
2755
3307
118
4863
2488
895
235
2317
211
356
2416
5269
4182
1190
2975
2534
124
4383
2473
1119
2447
2614
3914
5117
2580
573
3029
81
681
4534
1344
936
4363
131
1130
1918
1308
3376
2796
910
3890
2143
4983
854
4986
3211
4113
1564
2716
524
2958
1502
1768
4448
4279
8
2500
4204
3191
545
3389
3746
4772
5179
3008
1180
299
5343
1844
1265
1727
3344
611
4555
3303
5377
2993
3387
3116
4776
4545
1759
4341
2171
1552
3677
3187
1247
823
2740
2107
1398
2656
2220
2741
5006
3399
75
4342
2833
1915
2270
1901
4125
3854
6
4028
2689
3615
939
2597
1381
2870
4324
4176
219
3937
3905
203
3079
4400
2621
1975
3966
217
2178
1861
2855
4420
1291
1981
4156
1441
1492
3504
1957
4506
2400
4596
2203
4738
1721
4908
691
3916
2545
1352
5050
3424
1914
3134
651
5184
2861
132
1601
1723
3181
2235
520
1415
1776
638
1691
4915
5284
2996
2442
156
3782
1579
4483
1356
4148
304
1047
2391
2615
3338
1939
1563
4721
2657
2392
4222
1992
34
3375
1825
1543
2009
5190
1498
3002
2753
1456
1117
3463
2016
4047
3411
2309
2387
4572
1401
3258
2224
2268
2906
3443
1595
2123
1080
4167
3710
1854
3408
4532
3081
1138
4036
159
539
3112
3771
2180
4991
5047
1323
1264
100
556
4875
1813
3542
76
90
3855
2608
2378
834
3174
2499
3661
3763
4249
2328
991
4668
1458
252
5116
2049
2157
113
3366
1896
3724
3198
103
489
3108
169
3007
4804
3270
977
1260
5389
1091
3203
4978
757
1572
3016
4639
5011
2477
4443
866
460
642
3583
1524
1885
291
3492
3751
5363
755
2702
2179
4141
612
3897
2407
2218
5302
3024
5147
355
4670
2490
1034
1418
1765
4903
1938
1216
3026
2723
2267
5403
3437
5175
28
5026
2023
1235
3045
2658
1005
4120
425
4677
0
4897
4188
1831
1032
2045
2385
4018
3125
3609
4377
680
2425
4045
929
164
682
3454
4640
3215
2510
2864
4504
2260
1878
2043
3058
4641
4380
2769
980
4317
2859
2137
2667
4268
2876
4872
3558
4682
1616
3707
1433
2134
5330
3856
4704
2159
3561
4707
4085
1083
3249
2063
1377
1860
3581
2194
3056
4853
1002
393
461
2301
3139
4632
3923
4226
360
1949
5185
1847
2823
4594
1689
2519
38
4664
1806
1703
2497
2913
4889
3589
886
871
3612
19
4434
4231
3277
5183
4997
1399
2068
4899
4417
2402
3069
1129
3075
204
2193
3169
277
1350
4264
1218
4311
2302
1483
2114
3668
452
3491
3421
4348
3705
4347
3271
3243
2262
1443
1223
3022
966
2567
1780
371
2635
601
2651
4622
4589
1327
1444
927
364
4556
3586
3807
2838
3712
3766
3948
2526
4757
1569
2222
1573
1985
4576
4881
4528
1315
3239
257
3326
2316
1666
1554
696
3053
1515
3489
4296
3223
3415
2544
2984
2696
595
5308
1021
899
214
2623
1858
4524
3137
2857
4615
1744
2485
512
2352
1149
4196
2863
3120
2688
5065
2012
2112
516
2337
389
3127
2117
3433
1246
3483
2676
336
4843
2109
2607
1833
2201
1822
3906
3516
920
4904
4187
5264
3517
3642
1385
4803
1905
1589
1306
1031
3968
4917
1320
2606
1200
1461
511
1620
3587
2507
442
1455
4958
2487
1662
273
3339
4625
5396
1053
2032
3756
4194
4815
3279
2616
4075
3199
4462
3445
5122
5016
5391
4569
875
2730
969
4821
1349
2611
1726
2108
5282
822
3299
4635
5018
