5337
5390
4009
150
3822
2871
4579
1101
4208
4680
1508
817
3384
5101
4901
2851
519
1872
3487
4910
5036
1948
2970
3464
15
904
266
4650
2226
5244
1367
18
2480
4713
5024
729
4017
1709
1928
1912
2759
1716
2252
3423
2376
3666
94
2971
2339
2122
695
694
5110
4403
3142
3510
493
2520
231
2305
3676
222
5274
3337
1869
1178
3085
3256
2162
1887
4079
188
659
550
3460
4888
3663
282
4046
2531
825
1772
144
2909
2375
718
574
1536
77
378
2064
1537
2714
2850
5196
5405
4164
1500
2370
2513
1665
3908
2802
2645
2940
5027
4172
138
3479
1921
544
3711
3245
881
1779
5375
1079
3178
2532
1781
3262
1762
136
4467
508
375
5221
569
2626
4202
1960
4418
1391
5090
1132
2806
1102
13
4686
3361
4689
954
2854
1270
4630
1274
1268
249
2311
2554
3333
1288
3077
4702
5049
2631
4758
4661
5155
2033
4032
4339
3681
4787
832
2737
3154
1761
3184
2575
4512
1937
3196
3703
2977
4294
2750
3110
4725
1551
3781
3736
3230
4980
2476
1644
810
4871
4062
2839
3481
2931
2237
1090
1167
1292
151
4487
3928
2652
3471
2283
5369
3770
4537
4638
3400
4126
4210
238
4979
440
1304
3040
5195
3011
4810
2160
1310
4090
4553
3336
4361
3488
1654
4127
4041
2144
4082
2449
1824
1717
1774
5191
1621
2257
4613
1950
2183
4533
1358
1823
5159
1038
2844
3667
2298
2455
3722
4586
4407
5070
3907
3846
1505
2581
5220
4934
984
2659
2561
4396
4089
2636
5160
4606
1652
1269
3624
3697
4463
4631
3538
197
5060
845
3601
4952
4508
2439
3388
3003
145
2765
2579
308
909
4918
536
5176
4449
5182
314
3892
5240
5033
4825
3991
3115
4327
201
2681
3819
2782
4384
4759
1160
5035
2156
3993
327
2928
4874
4510
589
2979
3039
770
702
1728
4627
3852
4359
4604
2963
1753
3037
3648
5017
2054
5045
4567
1528
4221
2458
4306
620
529
3284
4257
4747
1870
4833
2269
2192
2495
1634
1630
867
1156
5203
3117
477
4985
2934
4981
264
1152
1976
2515
3298
4484
5385
1924
1889
3417
143
4180
820
2057
2565
578
1389
2841
627
5034
2139
3393
2121
4333
2536
4849
2120
2711
1073
3241
2466
1828
2444
2728
3894
1115
2980
3932
1643
784
1853
2361
1392
459
4304
3686
1900
2915
1586
3585
1059
338
3151
631
3515
5273
1592
3879
777
713
2787
2518
4742
3845
1405
3540
1826
3496
2396
5080
5213
3349
1509
3779
1220
1174
1735
2948
3478
942
3851
880
3041
4551
1459
1137
4277
1290
636
4731
5320
284
616
4710
4739
2273
3060
3940
2173
3978
33
3335
4272
5258
5279
68
3829
227
67
3744
4518
3880
968
5010
5028
1331
1168
2181
2128
2239
161
2411
4083
332
751
1522
1864
2795
3785
633
5224
3613
922
2609
996
2701
665
3569
2140
424
4309
2872
288
5223
782
4019
2509
3212
4852
532
3985
2546
604
3735
1582
4541
2389
3482
5323
3193
5381
2699
3913
4691
1961
2067
4711
4855
4297
948
1732
3082
1819
2511
2008
2438
3499
2947
860
4162
305
4801
2866
4796
2284
3083
3808
1406
2145
2418
1857
259
2096
70
1232
1100
1421
5283
92
4245
4213
3596
1227
1316
1794
5172
3976
2225
1179
3938
1760
1189
2549
301
1473
2348
330
791
879
2548
547
1888
4496
5057
1409
3893
3064
2231
1322
2079
5003
4147
2034
700
3194
4144
5168
3480
3469
142
3623
2613
5125
670
509
1103
4040
3268
1972
2115
5382
872
662
1623
5364
221
3327
3157
935
2830
3597
4098
239
3347
5023
1588
2504
3574
60
4370
3943
3858
1393
4034
3632
4538
2236
4069
1147
3789
1431
2586
5298
3740
5066
744
1879
1791
1775
5044
3036
5296
3405
3713
4959
3090
335
2246
4624
5121
4902
3281
876
3992
3794
3295
255
2467
1201
3650
502
622
2355
3088
1750
831
4509
3374
756
1747
1302
1258
869
2691
1585
3550
1343
123
363
397
3929
786
3901
78
2420
388
5131
3322
3718
37
3001
3669
2693
294
3124
2463
4385
2126
2777
329
2264
2290
2330
559
323
5048
776
3654
1504
5158
2829
1613
2197
1669
3097
3078
2292
5322
2945
4480
1196
3205
376
3745
4797
4349
4728
2212
4760
2508
128
155
801
1212
1693
1846
2763
2543
2240
4266
964
5
4667
1062
3252
3292
4543
3005
1044
4070
1802
2031
3149
3693
4636
3416
4922
3477
2564
1015
1899
5236
433
1379
3047
4513
841
1383
5007
3835
1430
1228
2758
4894
803
1165
2093
799
3495
205
1598
2105
4409
2825
3247
5255
3176
89
31
3018
5245
2869
4439
4737
645
5294
2605
1244
2041
2804
4248
4262
928
4224
3315
3925
3606
451
3602
3645
736
3207
960
2248
4005
4346
3254
4404
788
812
1982
4030
4433
4084
2471
1255
2472
1836
2082
4792
1999
4395
3981
417
1600
4048
2512
5400
261
4745
1959
3503
3403
1453
1619
3689
3316
1714
4969
2446
5020
3293
1796
434
3548
5229
2897
4023
1219
357
3101
4779
1202
3741
4788
1638
278
1197
2998
1737
5145
840
4386
4575
750
3490
4926
4770
3414
3862
1511
3600
83
724
4290
5120
608
3441
4712
921
1494
4134
491
4975
2989
3087
2090
3734
3233
5325
4789
3272
3237
3957
4158
1767
2142
5173
3146
5329
4951
1262
4411
3695
2982
3370
3049
3043
3313
1565
2954
2671
4798
111
5055
4465
643
4967
307
4110
1487
1397
677
1333
2604
1626
4832
2743
5266
3919
2633
3838
3413
526
1678
1298
148
1659
1051
1484
3358
276
3048
3607
458
3864
1953
1286
3473
839
4649
3591
431
891
2858
1952
621
325
2300
244
4410
4271
3899
5087
1329
4243
2986
1345
779
2366
2072
584
3549
3132
3093
3030
1123
2889
3865
1110
2124
2491
4610
3780
