510
868
780
704
797
438
544
285
439
226
108
620
998
904
966
723
540
787
274
500
413
34
576
166
927
536
314
718
460
302
105
522
824
603
629
692
969
675
194
668
764
246
29
769
279
135
123
266
309
749
721
79
743
671
894
770
484
365
63
499
89
624
753
885
775
18
834
61
792
212
44
984
4
236
884
19
825
572
752
597
448
209
893
502
997
351
326
569
360
960
616
1014
321
858
646
306
258
921
303
296
329
170
176
378
571
650
516
926
157
177
845
679
1006
821
688
471
469
815
476
382
472
132
670
223
985
711
547
746
440
154
71
199
765
822
707
120
9
84
284
808
149
192
70
898
598
97
697
741
160
558
373
531
292
751
116
263
841
361
580
64
470
666
110
664
512
155
1027
443
78
971
474
165
726
968
162
826
763
1022
94
344
255
433
395
206
80
141
702
407
225
913
145
849
37
900
943
722
136
614
642
409
612
24
143
519
153
371
526
353
202
52
758
431
193
400
56
678
244
437
73
191
139
281
728
104
385
989
339
804
458
99
354
369
632
523
185
398
235
527
490
14
949
615
851
457
513
856
391
466
357
684
171
15
1004
330
187
982
756
190
277
930
473
936
318
417
901
366
243
922
613
1
289
578
754
507
487
701
83
241
348
738
453
925
731
210
467
778
496
819
903
810
766
49
480
288
609
335
602
464
698
88
424
60
386
197
150
195
273
1012
846
924
415
713
880
392
1020
503
566
230
355
630
140
779
986
844
293
709
745
455
312
332
1018
839
577
313
275
90
5
220
435
923
524
789
694
599
653
39
488
676
25
122
637
736
720
93
685
977
133
1000
68
497
77
215
673
518
947
269
42
311
27
897
265
515
570
661
1015
509
759
655
907
85
974
879
445
151
857
813
142
667
76
422
461
346
560
412
26
665
935
196
11
295
950
604
17
72
700
928
899
168
556
1028
837
835
272
996
308
892
511
113
41
468
315
268
651
853
786
545
912
211
561
626
504
1003
521
65
890
375
317
111
530
181
973
134
814
807
875
16
217
430
1005
682
1011
201
451
146
74
944
477
672
1001
299
643
1013
33
36
771
239
635
452
776
882
705
278
389
964
963
628
641
932
319
955
831
662
376
338
115
20
233
730
164
793
699
755
533
404
207
579
247
436
725
931
7
131
865
748
127
482
189
291
937
498
172
182
310
493
203
126
138
633
534
910
446
66
621
791
644
772
606
687
2
902
535
589
627
703
693
124
784
686
983
962
908
286
454
301
740
260
372
680
830
163
733
980
249
174
883
543
234
237
601
256
1007
990
416
909
92
639
911
896
368
634
981
938
106
847
557
491
735
581
221
290
62
916
259
227
381
334
600
895
852
161
148
325
179
554
920
647
359
98
587
565
156
40
715
419
119
905
663
205
91
761
790
370
669
347
811
552
506
86
48
384
492
323
276
397
101
429
280
10
307
1024
773
645
46
975
696
863
178
906
459
508
840
245
967
586
96
712
617
465
494
801
463
994
563
517
953
250
864
485
158
208
6
401
783
878
414
449
575
1025
799
803
87
832
596
200
45
216
592
450
270
441
22
1002
800
805
21
316
204
739
525
970
708
363
380
681
213
390
345
58
410
423
636
933
81
690
184
995
340
53
929
608
914
987
957
528
251
267
32
742
999
349
257
406
31
393
447
12
659
656
399
820
553
103
817
591
812
1023
542
144
877
605
173
638
54
254
593
750
342
137
1019
50
607
683
867
795
956
169
252
855
848
623
262
218
873
567
724
654
336
823
75
188
939
520
559
47
809
320
919
860
434
584
331
934
760
537
945
828
421
352
486
788
869
866
30
585
231
483
214
69
501
618
850
767
622
377
695
13
674
874
794
551
481
180
827
304
588
979
1008
408
228
757
889
727
915
988
781
747
489
583
403
114
942
590
816
387
887
350
418
222
130
456
529
888
691
224
991
297
362
833
842
595
640
555
328
796
714
186
175
838
940
358
872
548
117
648
806
327
802
785
948
253
562
112
107
425
660
961
573
891
992
8
861
183
402
1026
859
300
264
405
876
147
128
1021
167
954
541
965
55
532
125
777
717
854
734
432
881
870
238
242
3
871
732
337
426
240
514
23
159
219
836
383
774
782
658
475
843
594
610
95
976
952
829
538
657
917
248
102
298
152
886
689
43
564
82
1016
271
343
625
1017
710
198
550
729
958
232
719
505
978
862
322
762
959
287
649
549
768
51
1010
229
100
652
818
631
798
118
305
121
109
379
444
427
546
367
442
1009
324
706
341
35
374
568
574
388
364
396
716
972
28
283
677
