3020
5175
5232
1757
804
3277
2094
2432
2281
3177
4380
4706
3507
4095
3854
438
2967
4839
2557
3440
4466
5314
2672
1670
588
1410
888
2583
5204
857
3609
664
2601
5170
3448
5035
2306
1373
3247
2413
47
2208
5331
5244
3573
5248
17
148
5118
4026
2871
4250
1549
5193
856
2193
1301
4208
2623
3100
1116
1610
4786
3549
4800
2436
3233
4033
3257
4126
3497
1791
4335
3755
4584
4682
1227
4078
498
1990
3146
2195
1076
2839
4876
2626
3338
5172
3422
3699
1407
4779
1433
2912
4232
759
728
2179
4814
4483
4993
3926
4494
1157
2015
1486
1121
4738
1435
3345
2539
2039
1388
319
1508
1033
2240
3401
785
5066
1327
1978
601
109
3970
501
4562
1165
5332
3720
1405
3336
123
2046
4059
1490
3085
5263
4498
2680
2292
3886
1567
1527
3288
1267
3501
1843
1499
2218
5101
466
3118
3706
4574
2868
1071
779
5368
1059
2822
2334
2394
2149
113
5139
1936
4207
343
2040
1302
3506
3322
2923
3628
2586
4275
3379
971
5264
1261
3504
4427
2144
138
1128
3120
3631
4892
5117
2083
3965
400
5216
4061
4785
2286
1747
135
777
2180
5107
1431
2943
3242
5323
4165
1365
2461
1543
2695
3767
1376
1638
2720
4837
4322
5078
1866
2739
411
743
2848
5047
882
4040
3796
3806
3206
4542
478
2445
3694
3736
5065
1998
2239
2282
1933
3598
604
584
4241
1672
3481
956
432
65
5338
310
2005
4722
33
8
1932
810
2655
1503
2975
37
1270
2169
4356
3737
3087
503
1043
1528
734
3714
5121
4580
3748
189
1105
3210
4122
3363
3142
2309
3297
1019
2160
575
3499
617
3434
4990
2348
4508
4384
2668
1096
576
3935
1387
4810
4163
2052
1923
1660
964
5267
1004
713
3878
1727
3872
1362
1150
544
1351
1303
1557
1278
4578
1423
3383
1152
4901
1286
2984
4418
3793
1724
589
4302
1103
2578
824
4005
4128
2406
36
3933
2271
2191
2447
1614
3433
4959
3773
4504
707
4501
615
3709
1309
5003
1456
818
1216
1591
2749
639
251
1825
3332
337
5247
800
2215
3639
4412
5051
1979
4627
1411
2359
952
2089
563
1378
3966
929
1675
4758
1260
3397
3772
2450
1893
2658
4090
4607
4129
5397
4862
408
2159
303
1175
3412
413
4487
1712
2257
192
5276
4337
484
4736
3490
958
858
4642
5384
2546
1465
3230
4626
5143
693
1212
239
972
3225
675
569
2635
492
2999
4907
1357
3502
5313
3683
2907
2854
4203
4689
2120
4087
2161
2433
84
2711
3405
591
1828
1906
2403
2315
2988
4070
842
3603
3667
4218
2172
4468
140
925
1823
1789
4644
3724
2184
1547
749
2554
2669
3424
755
2600
3903
1986
799
1070
1041
3303
2060
3221
4978
722
5266
3183
479
2641
3648
1192
1700
5202
2381
252
5307
1970
4121
2858
3456
430
2
3447
4572
4777
4668
4417
5342
3963
3627
3428
2699
1746
2556
2080
886
3031
2049
2870
2650
3698
3104
2737
3255
1389
385
1046
4989
4759
287
1795
1619
2960
5377
2139
462
5277
3454
120
3765
1072
269
3519
3790
5166
2957
714
1275
1943
2561
2269
156
3783
4044
1552
2374
1062
625
3672
4307
1242
5282
3220
1021
4709
1432
4124
2085
3042
1025
2903
132
3075
2130
1079
1210
4429
2412
3957
2019
4348
2876
469
5037
5102
3056
894
2376
4150
4279
4554
3129
3324
3638
4442
2246
4235
1073
1631
5320
321
1241
4400
231
2880
4367
4315
2756
1955
4858
5268
1197
4904
5028
917
816
3880
4118
4568
145
923
3111
2365
2639
875
422
220
1134
4006
1217
1155
3919
510
977
1244
4242
301
3802
3641
2729
1620
2709
1113
2701
3752
752
4003
3822
434
5091
5084
5226
5115
2686
4518
427
1163
403
1822
4461
2985
58
1414
4317
15
2081
538
4157
2638
2003
4287
4168
4094
2207
3273
741
1627
3798
3333
4788
309
909
2812
1715
659
106
4398
3223
69
577
1135
4047
4048
294
1745
4056
2679
3652
2087
2947
1635
4239
4409
4770
1394
1730
2451
458
864
5012
5254
1842
4060
2353
3285
451
1868
561
2084
4652
1694
386
3663
3937
2283
1728
3138
4277
2973
946
3152
3231
459
4532
2415
143
2401
3337
3685
4455
995
4888
3154
5103
3224
4691
3351
2314
1542
1921
4974
1485
618
532
3657
428
5161
1371
2245
2508
2108
420
3853
3132
3321
4100
1352
57
1762
3040
3369
2242
2521
2290
3268
2364
2070
3578
2758
831
4369
1862
2357
1299
4268
4514
164
13
3522
3418
3526
2420
1606
1279
4695
2830
3381
3389
3810
1897
4834
2369
2509
4719
3826
1568
4354
1028
5111
834
3267
4783
1201
268
4558
5179
1865
1444
4516
4663
4780
1773
3820
5168
1534
2056
2022
3203
1383
4456
2481
608
1945
913
2596
1570
302
5064
644
82
4975
3000
4212
119
391
3211
3238
1350
3690
1951
5212
3600
3991
5198
2794
1202
4262
3466
699
4160
77
3995
1305
4634
3500
2111
376
5184
3465
307
2784
2427
4813
1834
2875
1158
877
3618
5400
5341
636
2803
1513
5008
104
3632
3849
1196
5315
3376
1015
4598
1919
4870
998
641
4051
4017
550
2900
4912
4054
1421
62
4692
2630
3187
4261
3366
5390
5239
1663
626
921
4807
3032
4801
922
2700
1531
3782
5310
4680
2941
10
2223
954
3962
3894
5279
4097
3355
1081
4539
3881
957
1010
4867
243
114
3013
2946
1752
4295
3066
4376
1566
3141
1154
620
2264
168
708
959
260
3744
2881
3623
1082
1546
3929
2109
2206
4062
2976
27
4958
2035
861
5201
812
1380
4053
7
5359
3276
1800
3791
289
1687
4036
535
1313
4546
353
3616
2906
2389
4042
4015
3949
3116
2275
2305
1510
175
172
3821
2721
3732
4792
2798
4987
1356
3759
4377
3113
2703
488
2712
