380
1655
1483
3022
437
5134
4815
1996
1786
637
3263
1748
833
3437
4374
4002
2495
2064
3105
3687
5233
4479
1959
4943
4903
2970
4928
2074
2082
1054
4387
2861
3064
1519
2268
1214
4076
5127
1516
3240
5130
44
2536
5249
3248
2673
4690
1011
2886
2247
1783
5288
3069
431
1716
1792
2772
5304
54
3811
185
60
3861
4284
1039
2559
3427
2303
350
963
2072
1611
4939
2474
1348
4643
2330
1832
3151
784
193
3185
3259
704
4521
2692
935
1931
94
1124
602
629
5352
250
4499
29
4493
4735
1858
1848
4733
2969
317
3838
2273
927
2220
169
667
1186
1857
2122
290
966
4720
4623
2150
1640
2506
1312
46
4382
4791
495
820
3170
320
2764
3009
3562
5392
4020
1307
5295
4586
2383
5085
4366
1181
3554
236
529
3972
2590
3050
3869
1909
3089
622
3188
592
2075
4579
2769
3061
16
2452
2421
1704
3779
5371
1189
50
5349
4259
2307
2576
5000
1494
2611
4817
2974
1613
298
1621
5306
4789
1466
2393
3460
73
526
4653
5025
3571
1958
2327
1827
1464
3235
3295
4671
2800
3952
4233
4530
1474
2570
379
3557
656
4822
1878
5132
1755
249
904
2186
5017
1659
684
1273
1987
756
5376
4249
4830
4896
2356
4011
2222
4753
1784
19
1623
4267
4872
5013
2065
3136
4879
1737
5208
2167
4632
2425
1956
4853
3208
5182
2891
1852
1934
1167
4953
4032
4593
5100
3047
299
3867
5145
1780
513
101
2185
2004
5205
2510
2704
1215
1447
2574
3537
4829
1359
4982
4079
5252
2634
1326
1535
594
2287
4333
2201
4972
1058
2560
3717
811
2115
122
2765
1803
4450
3166
2255
3621
5395
3029
4606
2110
1038
463
3145
70
4517
2400
4966
414
716
771
4452
3078
4423
4132
702
4702
5286
1598
5194
3226
5093
2260
815
551
4658
1329
849
1029
3162
3165
655
3270
397
2061
296
1007
3371
1804
1841
4973
494
3468
3219
5055
4564
1736
4227
2322
2466
3564
2368
471
2367
4881
1644
3804
4214
910
658
2171
3702
960
3794
3408
4189
5069
3666
4265
2067
2789
2878
5227
3960
4497
873
3016
4143
1540
2831
2041
327
1939
4942
5391
1020
407
2251
2519
3201
3241
213
3175
4392
4108
3889
1872
1649
1044
760
1587
671
1478
5301
1170
3635
1735
940
3604
4193
3213
1347
460
2175
3718
3805
4098
4610
1507
5285
4475
630
4600
2449
5006
2977
5387
4152
3959
790
2391
4957
3027
292
947
2443
556
1768
1879
4156
1833
3711
1652
1742
1437
649
3227
461
3868
3483
792
4081
4701
3651
3234
4008
2174
4414
3004
1191
1290
2992
4217
3834
2146
3311
2511
2982
4906
3133
3766
2603
1696
1198
4625
440
393
2579
1763
2676
1877
3606
30
1470
3661
1468
4808
2901
5108
1713
1385
2911
3015
4685
3442
723
3906
3678
3455
4882
3815
4527
4467
186
5046
3533
470
23
1837
1750
4969
1876
4473
3308
2370
5181
5353
4697
809
4553
4889
5032
847
3948
2646
3891
2567
2316
232
1512
4712
3875
1209
4583
4072
1766
1575
557
2895
2865
382
256
4331
3647
4186
497
129
1594
4326
2905
3824
4725
1994
4645
593
1888
199
1107
2937
1661
1276
994
3633
4664
839
2465
2802
2037
4922
3492
24
4401
1751
2594
1873
908
2718
582
1374
542
263
3192
447
1741
2693
881
349
1345
4390
900
3071
4113
5345
4200
5199
3579
9
40
5105
2253
323
1894
18
3093
2501
1095
1884
4138
416
2485
4891
2013
160
2643
1639
4046
401
2683
1390
3996
2796
4154
4595
2442
5009
100
4531
987
1647
1335
4648
3973
1384
717
1929
5379
523
1595
2500
2667
3425
4379
1901
1438
2145
3646
768
198
56
2674
1294
1230
2835
4436
2416
1055
2339
1106
3467
1581
884
1846
1346
5292
5152
4313
4272
899
2613
631
524
4910
1496
2289
4463
5079
4846
2534
155
1982
706
3814
1975
1645
1738
4205
3249
4854
762
1524
4130
4345
3046
4557
3254
2408
347
4246
4285
5250
4849
901
3558
4926
1880
206
4764
2633
49
2027
5298
718
4687
2581
2981
1643
4216
1668
3161
1469
648
1902
3689
767
5258
1009
3367
3987
3747
949
4637
6
2491
5270
4443
1953
1422
1898
1271
4552
731
1617
3901
4012
4291
5045
1473
4979
3439
4223
912
2297
1258
5165
2636
2571
225
3630
4771
745
5366
265
1239
3515
1280
2624
2395
4133
2515
1166
828
674
5007
4358
1484
182
2272
2722
5385
116
39
2363
5322
748
4342
3451
4221
1664
3835
4603
3470
394
1723
3841
2837
2392
1400
329
3662
1246
279
1184
1925
4946
3264
3580
3204
4596
429
5040
1968
4125
4746
1577
568
1765
813
227
3695
843
3180
564
1802
2482
3074
1634
1133
5004
2291
4215
3463
687
4167
456
1249
3372
5225
2235
3265
4312
79
2336
5272
1502
280
2678
1808
4386
2055
1500
3432
1702
3197
4917
48
2170
5196
2332
3668
5074
893
2471
673
2553
2776
5042
3971
835
3770
4964
4446
788
5291
5178
2063
3536
4161
2535
4359
2605
2280
4739
4245
336
1098
2384
2294
388
2917
5142
3777
4084
2768
4495
3572
2572
4796
3320
2543
1402
2716
4961
3482
2819
5002
4774
2859
2448
4240
5257
1171
4196
4772
3053
1718
4149
5365
3387
331
4195
3390
1917
890
146
715
2814
2591
147
3021
3062
941
827
4537
772
3296
581
1442
4213
4266
381
2103
3561
3679
1596
2126
2991
4316
1604
2564
5289
5147
5116
5059
3091
2648
1412
1454
1544
445
4638
3858
3150
4422
4954
26
3443
4639
4950
4980
1928
4673
98
4179
2763
2697
1337
1632
5280
4711
2707
3899
2262
346
2483
3696
5251
1820
1753
4806
421
3570
612
1679
781
2068
1056
2806
405
1304
719
898
5229
1452
3429
3260
624
4334
1867
