5361
2012
2279
5398
3168
3388
4211
1297
4630
1014
3469
3674
1782
3357
3823
1703
2382
1740
623
5097
1460
4616
3566
1408
1580
1475
1776
1576
1366
805
2563
4151
531
3505
1057
2209
539
4085
4781
665
3398
688
1719
3370
1341
1548
1714
2619
4318
533
3803
2221
80
1162
4141
1114
1213
248
2872
4437
4327
2345
304
3023
2896
1003
4869
4148
4488
1947
3629
1662
3444
727
2558
136
3101
3077
889
209
1505
4164
3902
4698
1223
1207
4936
152
1409
3037
845
1446
3335
2340
2009
4984
4438
1775
2001
3577
2883
5261
632
4204
4707
4818
3913
4714
1395
4995
4567
3568
1139
200
3033
2468
614
5335
4686
3544
638
41
3436
4597
837
5373
1561
4831
4219
2788
3688
1711
448
211
522
2671
3769
4602
4952
4890
3002
1861
130
5119
3884
5240
2807
3922
3341
4341
5362
4547
2838
3110
4324
650
975
1183
389
2453
4187
208
2944
1831
2595
85
4067
5262
613
2791
1721
3476
4766
4039
5023
3624
1585
4222
1695
4666
5271
744
4724
2845
5401
4956
4402
3735
4080
3979
4852
3431
2738
2042
1797
4253
4727
902
2588
4840
1603
3198
3993
514
4303
1574
3924
511
1844
4893
2542
441
1406
2051
398
2786
4930
3076
2241
2706
473
1089
782
4683
4091
2192
2131
4471
63
295
3271
2919
5138
4768
361
2446
4004
21
990
4660
662
1941
4681
4420
579
1226
4811
5141
1141
1854
1314
874
3938
1579
2296
3200
229
1148
2550
2076
2694
3582
1097
1671
1589
3005
3510
1899
326
1032
2233
676
472
1193
1093
2504
5190
1372
1240
2622
3316
1754
187
4865
4535
945
1440
59
2998
1863
1612
2575
358
2577
3212
3373
1228
3067
1016
4826
3746
107
879
1085
2417
1816
1824
2277
750
2101
318
2347
282
3417
3799
3955
2476
3407
4844
5274
196
5363
2754
1052
2032
1650
814
1053
705
5123
4749
5355
3981
2945
573
5058
1110
308
761
3306
5106
3985
5052
1651
332
1323
724
5169
747
4486
5221
5329
2827
808
2154
3760
2856
3244
4985
2857
419
5210
1944
4667
4226
1698
5223
1522
2079
194
669
1208
2518
5296
1937
4545
2503
4397
4202
1809
409
2386
4633
1977
2979
5374
2609
174
3480
2770
997
275
3325
3643
2952
3474
1104
661
896
4439
1379
2842
195
737
2785
4842
773
5215
2555
1336
1717
83
5011
2790
2961
1807
2023
5325
4430
4563
5213
1321
3715
2105
4824
4308
4210
4809
1995
178
3410
3299
4895
1607
2325
3094
2117
278
4656
1592
439
455
2844
1264
4198
3160
3888
3539
171
1676
2726
2177
2373
4657
3503
679
1818
3137
2867
2073
1060
2863
5357
1935
3644
4088
5224
2460
2361
4371
4550
1733
1678
3135
3843
442
2913
4116
487
3831
3169
1339
836
578
4188
230
999
897
4101
176
1094
950
4117
5219
1480
3939
1111
3039
3855
1317
4540
554
5081
3691
1404
4389
1942
1692
3904
3060
3313
1426
3845
4819
468
3700
149
4551
2978
2234
4194
4744
3214
1560
5185
1896
4142
867
1708
860
3043
3686
4877
4677
751
1739
4058
517
464
559
313
4515
3228
1836
4180
2580
1976
725
5311
4845
4065
285
1330
3344
3307
4577
1462
3892
4225
769
2513
255
4182
3068
4585
5001
3343
3423
3775
2877
1521
2274
973
2135
4391
4684
1946
4462
4646
4835
2066
5073
3721
951
2044
4092
5340
2958
4034
2285
1344
3400
4365
4320
3082
930
3607
4035
4490
1471
2323
2569
4372
1122
383
125
3269
1287
2853
1092
1590
4878
3328
3420
2385
217
1333
2329
3530
2809
3491
5156
2086
3275
2114
3671
184
876
2441
2774
368
823
4713
1206
4503
2270
5370
2371
3705
3173
3784
1963
2203
1268
1291
2656
3622
1563
3626
5378
2804
1479
1008
3656
2792
3478
2489
5128
4672
5187
1188
1393
5235
4998
3057
1497
4470
4440
2938
1913
3710
4257
937
1774
1801
4049
1436
1538
515
2328
3730
4804
2344
4955
4705
4871
4346
4306
3961
4105
4176
1353
868
3585
4323
567
2783
712
339
3776
1882
4582
3026
2628
4857
611
2176
4294
3548
616
3738
3030
1498
3920
547
2934
3256
2698
991
962
1840
261
1023
2124
609
3300
3692
3673
2898
2514
2645
2813
1488
254
2043
2897
2929
482
5041
402
4177
2714
931
2141
3940
4737
2781
4258
2762
3098
4178
1633
1689
4726
22
4383
357
518
5173
932
3261
4016
1316
4134
1118
2036
272
1656
3842
3052
3283
3127
2936
4548
2971
2190
1681
245
3523
1101
4795
3414
3128
2024
2528
5231
4256
4793
2212
1588
338
2156
3764
449
1688
4902
4591
306
1920
914
2851
2397
3587
3852
5237
2062
2930
686
4089
2742
3909
4010
5283
1871
212
127
502
4536
42
4559
764
3808
3473
4832
4276
3304
4647
3974
210
3681
4173
1949
4528
3073
4362
1819
3625
5343
2545
117
5236
2598
4131
4825
786
5255
1274
1938
2661
5
2685
2346
1758
1602
3207
4482
520
1911
372
3319
410
4454
5034
695
934
1856
1625
1999
1805
2312
3958
3669
1416
1817
2188
2435
694
202
2869
1701
2438
986
11
369
5036
2966
4082
2805
4734
2058
2951
870
1265
2059
1725
2740
3716
2524
3925
709
2020
392
2317
548
3553
1334
5033
4710
5265
1835
378
5326
942
2517
1149
5176
2226
2018
1235
3540
2342
3486
5360
1853
4021
866
3258
2759
2388
5253
711
4609
4394
1061
692
3977
43
852
2198
3051
3484
1269
2183
4914
4913
3378
3163
2821
2921
1370
2475
2472
4728
1993
821
1236
3758
1927
3435
3012
4073
2153
610
191
3589
793
2529
3024
1654
4330
2093
4110
1918
4299
2350
5177
3778
2915
3574
3658
1810
2964
4721
795
4935
4962
1907
2227
1368
1973
4506
3011
506
4875
1813
4491
5021
4743
4357
4199
