5247
2269
2156
1987
5276
3875
1299
4117
612
1450
3008
428
2288
5222
3436
2595
5010
2983
3363
174
4465
5314
1721
172
3881
5333
902
3542
2002
3935
4150
3564
1238
147
3812
767
2305
2491
2888
3142
4084
527
712
4640
3161
4356
3108
1582
5274
4152
4126
3878
3050
5401
4511
1806
841
171
1328
2752
2937
645
3850
2867
3411
2039
2523
4065
5028
2152
2642
3652
4898
4899
1521
755
2138
4336
695
1343
2355
1070
2219
4709
2719
2486
818
1592
2342
4866
3148
163
1539
2103
3453
3282
1975
1219
1068
4655
3372
1226
1558
1801
880
4309
4360
2515
307
3188
1698
5351
3311
4591
5292
1466
301
885
4443
3232
4705
4205
135
1762
814
1244
3241
271
858
929
443
1829
2963
2080
4234
3896
4567
2770
2504
2680
2505
2934
1804
1733
3073
3044
947
709
4793
185
2689
1462
892
4891
1421
3855
2818
2129
4635
216
4844
3331
3518
1194
5143
4568
2100
372
1049
1079
3062
2591
3402
4949
2892
3106
602
3371
1706
231
887
1931
4444
3632
799
1257
4233
1734
3987
2382
2666
4797
1297
4521
4815
1404
4563
3762
4383
3654
5002
4841
4340
1345
1146
4055
4517
3374
5024
3759
4214
2487
4089
1880
4561
1470
4334
2296
3179
3299
728
4341
4755
3656
2317
2323
717
225
4116
750
3642
3447
1714
4325
5092
3778
1256
2536
4839
1439
2470
737
2585
2117
1515
3723
537
4605
2936
379
4847
202
395
3230
1893
1667
2516
5335
2869
4854
4951
5022
4130
4562
5128
2962
4780
3561
1100
9
3557
1182
2280
2688
2256
4963
816
4833
2916
480
1217
1982
2419
2488
1502
3454
5294
1046
3653
510
2361
3616
1337
1892
190
5239
3392
201
4795
1127
5165
3945
2025
5043
5275
5060
2517
5136
2980
1036
3527
1979
498
2428
1301
3517
2944
4807
430
3792
1899
985
3889
4516
4878
1840
4161
5114
939
2425
4646
5183
453
3243
4158
1287
776
501
250
3724
2466
3828
588
2205
704
4921
1617
4146
1672
3811
4819
4048
5052
1433
4333
591
4375
1851
4096
259
158
4067
4143
2580
5384
200
716
520
2806
296
1499
2306
4461
2753
3165
4813
237
3741
870
5289
2958
4427
2313
4305
1359
3380
3126
1674
3210
4747
1998
3758
3718
4105
2260
42
4508
5287
5132
509
1577
2416
4483
1795
1391
866
4741
5084
831
2059
1354
3333
1538
3931
126
2285
3890
3691
3260
5064
1294
5152
2922
2908
5375
1207
4657
212
3155
1579
2042
2435
563
848
5322
4744
2624
3543
5230
4631
2693
1984
2711
4059
988
864
48
263
124
4310
2158
18
5201
2017
3215
2561
3668
2921
4868
444
3101
1703
2239
4004
4174
5373
1751
4012
2191
1419
219
4616
4393
2235
3227
5395
3085
4692
316
837
3547
1019
4574
4364
4522
3864
1009
1165
3285
5320
1327
2263
1877
4936
889
3905
2678
1544
4548
1037
2265
4392
4019
1506
5055
3441
3880
1780
4079
4353
3228
1234
5235
5124
835
2676
2946
3947
2698
5390
1424
1457
3662
2195
4076
3221
4525
462
1534
2909
3294
1669
4783
3619
457
3877
2072
3963
270
3310
4245
58
3602
4072
2210
2519
3928
5286
2234
1317
1097
5138
2277
3714
2852
3332
95
1531
221
2929
1812
4267
3817
1180
4707
1690
211
1794
3329
253
1279
3607
4221
3323
2341
5258
2187
5171
3359
1649
3659
1425
3952
2609
1198
105
4159
1338
1546
1587
268
5127
1363
4447
1648
546
2010
1087
1200
2427
1089
4537
2065
3146
1620
3451
429
4720
4284
1532
3248
5112
236
1402
5082
2593
2357
4542
386
3159
4315
21
5173
4042
2249
2225
541
2479
5297
2380
3245
298
1814
378
4362
2620
3390
1570
1099
2850
4991
4384
475
593
2036
1483
4560
2469
935
1322
1837
2064
2880
4318
4123
4620
4711
3244
272
485
672
2173
4845
4119
1085
155
1143
5073
3391
5066
3017
1948
169
4061
2952
4303
1879
920
2594
4514
1512
4718
4064
5244
4977
3140
2365
3810
1630
2884
4397
5392
4374
1997
1118
5347
4890
5383
511
3425
4023
2420
5342
2712
2524
1368
4546
4494
529
415
2393
1983
4063
5397
4041
3404
2331
1962
3491
4269
2314
1396
2511
5097
1999
4372
2347
636
2232
2974
3914
665
1357
3054
2022
5089
974
4558
3728
4810
2426
5193
50
4287
1052
5031
2789
622
1045
56
2397
418
3509
2343
2353
2424
4851
1603
4050
4838
1171
2915
1685
234
3544
659
560
3764
1700
3897
1405
4455
1946
2178
792
4861
4224
2621
1657
2943
2119
3162
5176
466
1498
4641
3515
3477
2344
3567
3871
2095
3800
761
1319
934
1489
5125
1991
3426
726
2109
1972
3867
3409
2336
37
4258
3439
1414
376
4601
2055
150
1373
5399
5050
3528
4044
3377
5311
1380
932
4776
1796
2555
975
2570
4468
2923
1471
2739
3882
5246
807
5030
5113
1157
826
681
5041
1923
3283
1416
960
1855
2608
1992
4257
1865
5272
168
4162
2981
1644
4396
4311
134
1264
1541
3303
2167
4925
577
87
1681
1594
1110
3293
2706
648
2045
3848
2886
4306
2512
2203
4735
2220
1289
4215
3593
116
3835
3031
4231
3164
2626
3206
825
445
2415
2782
1746
4107
1137
4186
4343
2807
1038
3292
137
4696
4337
1464
3736
11
554
4897
4751
2951
2627
4536
4476
3777
690
3278
3731
4018
583
4024
4790
4016
1978
2016
2028
2658
1293
107
1958
478
3783
1652
759
904
1296
5359
1668
3696
4904
2526
363
4736
1737
3395
1800
3600
5264
2067
3320
3180
3499
401
2856
2007
3012
3013
2182
3094
3103
619
3646
959
2828
3601
4590
5072
1722
189
5304
4453
146
598
1643
1445
957
1708
4230
1818
3765
1115
249
1081
3934
1743
3020
4634
3943
606
2273
4111
4944
4603
1277
3692
4419
113
2241
915
1488
