547
994
71
927
649
995
757
702
841
176
924
115
930
494
815
29
797
85
765
86
369
950
185
626
173
643
734
935
846
229
803
536
49
149
832
305
191
507
1000
960
489
1
622
933
440
405
322
1013
172
746
298
175
920
879
1027
727
302
341
455
987
984
277
190
712
470
836
408
856
206
25
36
549
363
6
342
931
364
230
12
565
793
867
155
787
480
985
564
447
807
212
464
231
785
327
560
307
88
641
132
257
791
694
44
215
269
189
852
729
127
285
944
932
108
571
314
657
351
953
798
160
555
874
523
915
178
239
733
525
233
738
14
910
354
419
722
8
543
424
55
893
537
442
1014
748
569
900
562
93
23
671
151
61
110
651
949
104
188
675
563
514
914
542
222
502
889
728
506
539
148
906
161
581
624
256
103
498
220
47
664
24
778
818
254
749
211
422
466
140
477
366
817
352
450
58
978
201
610
128
678
558
208
460
284
209
242
446
870
763
344
512
84
243
992
144
717
340
196
645
303
240
719
946
711
476
745
56
923
292
963
381
747
426
766
957
970
735
1016
413
264
375
504
181
316
472
118
76
936
112
769
135
27
786
396
217
531
1028
468
601
758
133
839
861
359
826
668
996
718
324
707
835
21
743
599
567
819
646
177
845
802
367
650
596
638
317
456
219
100
847
898
1007
315
1006
812
975
863
570
714
164
487
376
680
244
851
770
614
306
402
380
345
616
392
698
522
347
403
453
781
15
454
509
210
1012
762
1019
451
290
438
251
568
134
197
912
761
109
730
279
897
520
81
577
940
42
732
710
990
169
561
1002
82
157
308
689
829
282
45
524
655
17
540
313
713
511
267
827
658
530
355
495
572
26
66
688
541
492
252
288
644
433
459
583
575
952
741
625
412
809
764
943
365
280
193
715
938
379
462
1025
517
768
486
515
186
989
983
2
576
999
482
356
617
41
163
119
122
752
754
452
92
248
390
60
974
225
654
35
979
245
928
682
980
221
274
1022
884
420
224
273
326
238
723
782
171
969
46
557
908
429
911
816
742
693
1004
485
255
120
278
552
385
52
961
871
731
331
672
621
387
192
843
699
837
526
806
588
138
389
1005
670
204
876
805
909
414
431
22
676
18
31
545
788
281
518
724
971
890
394
427
783
116
628
903
604
89
595
406
360
309
720
673
416
368
653
467
865
5
573
692
34
534
796
611
57
258
94
880
180
759
873
202
774
265
965
591
388
218
895
70
497
478
597
831
510
137
439
744
272
634
293
499
801
925
618
700
500
106
986
529
101
662
636
107
639
993
310
260
976
726
789
263
474
613
794
642
854
382
767
883
886
91
804
544
521
353
349
685
814
400
600
226
199
479
1011
991
141
471
652
234
195
665
574
63
972
751
921
465
37
535
154
795
73
374
432
159
516
170
261
246
423
633
183
1017
28
708
824
691
937
276
627
312
156
216
179
417
117
896
43
951
268
162
503
566
593
853
858
623
79
335
850
198
725
378
584
875
294
153
65
701
917
434
83
295
249
358
703
87
830
820
418
319
241
967
393
997
386
370
300
483
121
187
262
395
589
532
790
445
39
1001
1024
318
493
857
67
828
891
289
773
859
716
1008
519
235
948
776
99
343
981
40
882
448
1020
334
329
1010
461
683
332
810
384
214
659
270
556
945
998
656
399
904
737
982
68
887
860
551
200
964
125
833
54
323
684
271
505
75
533
679
449
559
425
631
739
350
580
77
630
237
594
756
553
11
615
430
131
905
894
669
881
398
527
69
64
813
72
228
3
834
848
629
328
663
578
864
632
397
592
428
124
666
130
62
421
377
488
660
840
435
602
1003
404
973
587
166
129
1018
372
391
463
48
922
962
607
111
203
333
590
346
667
458
1009
603
123
640
102
373
184
59
913
457
407
811
508
484
966
357
681
977
956
16
821
325
690
954
750
287
799
706
775
849
286
941
907
496
823
207
612
9
338
232
918
608
661
30
753
19
143
168
98
80
677
868
582
647
947
1015
95
78
598
320
842
409
275
988
336
771
862
902
586
296
635
955
147
772
491
150
501
528
469
721
105
20
411
740
546
38
648
475
266
50
321
158
139
97
481
1021
934
383
33
259
4
872
877
916
926
822
126
825
53
348
609
437
637
436
337
362
167
304
697
780
513
339
113
784
792
620
929
674
899
236
74
838
250
136
7
866
174
550
736
760
958
299
32
291
205
223
901
939
885
869
146
441
619
473
311
878
90
213
808
855
10
777
554
194
606
283
696
686
142
227
410
779
800
114
892
152
330
844
401
13
361
96
1026
942
