261
857
274
703
1020
551
116
574
283
854
1011
448
921
208
581
255
1007
923
673
362
392
183
420
676
939
871
191
25
422
102
564
350
461
694
659
872
165
798
702
509
202
819
204
273
678
308
174
390
375
152
674
1005
737
73
761
360
347
511
21
837
386
585
485
267
423
443
912
839
499
68
465
340
840
38
312
339
842
519
735
80
633
795
207
157
728
244
802
922
345
83
419
688
303
184
976
500
381
467
906
36
42
693
353
944
955
783
967
161
934
993
329
195
846
637
100
53
247
755
522
378
598
618
58
88
89
210
1012
389
441
790
794
567
433
876
127
251
121
533
501
79
887
1002
470
307
608
421
615
1
320
642
12
337
159
724
645
870
39
278
456
49
399
429
696
507
406
166
679
771
427
627
125
1014
851
344
154
683
288
103
651
750
62
586
824
553
364
217
899
96
313
799
10
530
26
924
902
460
254
48
756
873
578
636
667
484
213
577
675
760
820
904
1015
930
550
626
630
629
128
43
516
700
936
985
16
881
15
369
355
380
523
190
718
869
495
565
59
701
170
243
153
946
286
61
868
576
515
732
322
864
143
590
144
270
669
862
888
341
317
885
82
1010
856
605
769
933
331
265
352
1001
489
187
838
383
907
253
825
697
262
886
23
880
554
956
120
118
548
130
357
332
245
593
572
502
209
412
925
11
459
276
736
325
716
793
611
592
293
90
215
534
219
136
464
834
305
823
910
532
1021
279
650
968
905
64
520
926
1006
211
95
447
35
625
997
739
444
326
3
453
882
1009
297
644
863
811
896
684
71
900
177
741
560
571
393
879
514
961
31
965
670
971
620
206
996
114
123
452
966
541
935
962
281
235
277
804
947
323
999
821
309
437
591
518
180
228
612
983
646
580
782
140
349
257
556
496
384
471
60
1000
301
141
850
826
63
151
943
404
55
408
692
866
647
462
540
719
282
214
528
6
324
773
480
751
639
662
808
45
817
172
47
373
69
898
394
246
417
569
218
575
521
231
914
602
446
1022
132
570
657
97
363
156
978
20
917
145
658
354
503
306
409
723
328
455
717
681
958
704
101
487
149
335
643
46
661
743
950
1003
733
115
234
595
367
624
828
749
752
200
226
797
105
801
372
981
849
164
538
954
155
909
545
517
539
291
927
890
695
348
977
960
233
788
387
93
744
787
377
29
656
27
635
546
434
951
623
941
402
610
883
110
175
239
131
722
594
343
185
919
252
241
361
526
74
506
126
169
508
158
142
318
973
740
745
859
493
895
845
867
171
336
319
587
807
75
566
908
22
321
398
974
827
294
893
686
833
163
109
139
351
189
776
796
619
292
915
822
173
753
418
709
552
767
382
327
266
179
481
477
972
275
689
304
747
334
33
428
957
168
376
258
330
738
146
604
928
911
1026
836
505
672
98
903
994
106
772
1004
543
779
295
964
201
770
492
167
238
878
813
557
249
463
568
227
435
537
992
9
583
897
438
162
901
135
1028
754
952
995
192
555
698
18
860
861
877
712
699
137
250
544
374
284
803
929
622
40
473
2
111
628
413
603
525
510
937
430
199
44
1027
597
714
549
232
852
720
687
1019
536
236
468
953
708
988
638
677
76
225
268
680
424
81
148
940
601
469
847
607
855
652
221
685
478
494
614
559
197
671
41
14
547
931
832
938
4
649
874
196
691
457
5
300
346
573
94
488
112
342
479
397
296
648
781
498
32
19
563
949
979
107
582
269
86
606
65
37
365
451
395
759
66
775
980
370
8
730
920
970
584
731
809
442
616
414
260
830
640
1016
193
892
835
791
705
285
486
707
289
665
535
491
562
368
7
766
806
599
653
242
338
758
87
786
440
814
272
271
99
853
815
237
314
256
34
24
527
316
51
529
401
133
844
426
439
757
30
889
609
147
959
182
780
310
916
891
848
366
104
725
777
542
792
784
816
379
589
1018
280
664
800
359
299
92
315
56
942
474
124
690
918
513
203
28
13
713
425
290
454
768
531
57
91
138
476
176
774
405
67
558
596
1013
765
54
975
789
963
504
178
1023
945
358
222
52
762
431
987
311
843
445
734
77
641
1024
785
894
841
631
188
668
490
1017
78
579
472
475
715
150
17
858
706
449
400
913
711
72
436
160
884
663
497
812
621
248
119
986
198
415
458
617
259
50
742
632
403
216
932
805
122
416
407
991
727
998
710
450
302
205
748
660
356
287
1008
763
561
1025
818
666
229
588
682
298
829
333
240
371
385
396
865
263
778
984
721
230
410
746
654
989
186
634
113
84
85
391
466
220
194
831
