1242
1445
1363
3665
2373
3246
2230
1562
2818
3912
4246
3826
4749
210
1426
5234
2188
3545
475
3351
1296
1217
2327
191
226
1525
4938
5025
2622
4734
4174
754
3568
3844
2791
4367
4935
3672
3300
3674
2080
2865
1024
3731
1707
3027
1378
3969
3575
2502
1850
4719
701
4645
63
3159
3818
4988
1192
3554
4571
3678
309
1986
4847
2779
2029
4499
818
2582
2278
2836
2127
3373
5042
4820
1862
4931
1276
4516
1686
4565
898
5200
2204
1012
47
1182
4
311
576
5397
4229
2700
154
4559
1413
2551
1842
410
5324
1222
1357
513
552
3535
1278
4217
1720
2849
828
4525
3646
2762
23
427
2479
902
1209
1978
2423
3447
5085
2995
130
853
46
5402
1792
2182
1299
2037
1369
2746
4614
5126
2205
293
1158
937
1081
4782
944
1913
3627
1700
4535
101
4830
3508
468
2030
4977
3720
165
1412
2255
4186
4138
2735
3195
4288
3418
4563
1243
296
2987
3964
4259
32
591
1903
2026
515
1845
2941
3727
3425
2321
5193
30
4053
4027
3468
4485
418
2388
380
2867
5287
1884
4305
5342
1786
1963
5311
102
1191
17
3397
1017
2215
1751
3853
3282
4945
2523
2924
953
340
1224
2060
2898
5270
1977
2271
3701
1817
2593
1631
4209
184
768
870
2383
1605
2783
3021
487
3267
816
3214
5249
4402
2097
1832
4013
2326
4602
2149
466
26
3429
4154
2077
1883
1088
1614
3874
4740
2824
5212
4071
1801
4426
1013
5404
1663
157
3956
66
4764
2678
2295
4314
212
4153
3842
4860
1257
3350
4489
769
2994
3791
202
3317
4684
3084
1581
1395
1332
2670
369
3466
3179
2860
3000
1530
4067
438
1622
2369
852
949
4780
5358
3525
3034
1238
1556
4035
5072
4940
1856
2946
4423
3534
2074
313
5180
3172
2398
2786
672
3524
4574
1097
2358
3704
3738
3352
1326
893
2227
4469
3065
4274
2640
4505
5115
1312
1153
528
1205
1037
523
5393
3935
4651
3684
5141
2116
1534
1346
445
938
521
567
1778
2692
3709
189
1033
2291
3250
112
1683
4658
109
16
5243
5372
947
5144
1890
3068
2088
485
719
3963
2935
3129
1984
1324
714
2367
2939
1934
1373
5192
1043
5265
2559
2595
4698
2908
5210
599
5164
4756
2624
4754
1028
4839
1251
3670
3035
1366
3089
1902
4459
3226
3755
2395
3760
2342
1893
71
2514
1618
4437
1566
1507
1230
787
4497
4021
1748
426
3644
1635
4464
4554
1036
4974
2002
2516
41
3183
3435
693
2104
495
3332
1057
4514
785
4994
2764
3604
3592
3509
2198
4241
2429
5378
5318
2794
2436
3758
3391
3878
3150
1254
1649
5242
3849
2985
2421
742
5137
39
1944
4905
1239
1131
4276
2427
2368
3847
2213
196
4260
4112
4114
2927
4785
2006
4393
5135
2905
5112
1951
422
733
746
267
4970
3046
4446
430
3651
4490
4118
743
2669
3996
1424
1512
4165
1400
50
2095
3980
940
108
4921
4190
5246
2926
481
230
2729
1011
628
2942
2293
4706
5202
1783
5361
4876
2577
1544
1411
3859
4531
4431
25
1795
4389
1491
5177
3765
804
1114
4038
1111
1116
4096
1640
4726
2675
3570
3717
1046
2890
2944
3320
560
1743
5366
2286
1495
3420
2453
1221
1676
3995
1464
956
4679
3639
4414
3723
3166
3640
1865
4364
3280
500
4687
674
4909
4476
4995
1629
1275
3786
3917
2374
441
3682
3291
4920
1719
778
4168
4919
4072
3987
806
877
1126
4373
4557
1925
1608
4962
759
2208
2807
4011
2853
2229
1454
2956
3820
237
3618
586
2437
4660
2265
4447
690
208
2952
2973
1892
1908
5100
4300
5038
4584
3342
3834
2340
5133
4242
2962
1967
836
1518
1632
3522
2000
3694
4966
2187
464
649
3498
1402
1555
56
5239
4056
3700
372
4672
2404
3653
251
1016
1330
1803
3365
2357
233
4003
2085
4371
2069
5008
49
5058
2175
1388
2451
236
990
873
1338
319
4184
1104
3796
557
1690
4455
2167
5161
5352
5130
140
4066
1922
4880
146
274
1480
4709
4415
5134
1317
4427
4923
3950
5171
1069
847
1699
3153
1050
351
2170
2690
2988
1998
3371
5313
5198
2459
5186
2219
1911
2901
4973
4117
3870
4454
1523
761
2275
2168
4468
1194
2923
1394
2238
3708
793
596
2847
3647
4595
1625
781
3582
654
2138
3362
2770
5248
5009
2058
1070
5348
2845
2266
1294
1513
4445
5091
1798
908
555
4093
1499
4460
2930
1877
4750
518
630
2214
408
2111
225
950
3321
739
2592
295
3566
3257
2738
4405
120
2874
2677
2152
3817
1259
4308
243
1688
4198
2007
1997
5105
5001
1065
3372
1450
2570
726
5257
5227
3792
5143
2390
450
2708
2522
476
2816
3588
671
3989
4206
3757
2153
5099
2038
3015
2822
3014
4673
3951
4648
1199
421
3131
2969
484
3729
499
3092
5040
3025
163
4143
3228
2594
4178
2842
4139
3283
134
4929
2331
1195
5379
3953
5019
593
639
1731
3571
5300
292
3947
2147
1342
2489
668
2827
3753
2410
4087
379
3692
1040
5103
5148
3598
3455
4547
1020
5285
1465
2773
4280
3619
3314
4723
2704
706
3891
4312
110
2343
1425
3532
4230
3440
2165
3206
3555
1788
1049
5247
1365
382
3368
4884
830
320
1698
4657
2113
5268
2039
3804
2959
1386
4623
3180
224
1321
4450
2685
4619
3519
2821
727
62
419
5064
2726
368
1181
4937
1704
5205
1799
2276
1771
2630
2189
4868
398
2978
614
242
4873
5089
835
1955
5069
4927
1106
2879
3094
1859
800
4642
465
2540
686
1325
925
1211
1646
721
3186
1808
2199
195
4284
2351
3472
3521
4007
3234
4705
4267
1124
2047
1042
3730
2789
5334
3816
3979
1829
3269
4042
2612
4741
2190
5299
3567
498
3762
270
354
4755
5293
3918
4493
4170
4752
962
4907
3360
82
