986
3419
1233
4425
3253
4336
878
3997
4116
2148
5199
2010
2296
4390
2736
3551
5399
3104
4585
4214
3784
946
3028
2432
5250
2766
4654
4315
2589
5132
2435
3565
3994
4199
3873
5092
1447
1451
2560
4406
3687
634
2967
1570
302
4292
400
463
501
185
4953
5140
5054
2044
3803
2840
590
404
626
331
3329
4458
2186
930
74
44
1272
4161
1060
3289
179
1382
538
3301
3797
4358
3404
1125
619
3067
617
4671
1973
3190
3164
352
1712
3605
5288
5238
1531
4829
1886
339
1256
453
4322
2598
3505
3038
3628
2637
4932
1758
5194
1789
1099
4549
5344
4743
3118
348
4408
1008
5350
3922
20
416
3382
2478
4511
5281
4074
514
2052
1958
1971
4845
3675
4527
4061
4472
2474
735
2354
4558
808
2835
297
5222
4774
3343
3474
933
5286
5387
2813
4600
2772
1624
1305
61
5386
551
764
2846
2563
1301
193
4049
4095
5077
1668
121
14
2004
1336
4992
3876
2788
4355
175
3743
2465
5081
1696
3599
5154
3594
1457
2098
2815
3750
1084
1538
4939
1341
1970
2828
3777
4205
1567
2641
5306
4548
4823
5162
1076
3683
2103
3260
4094
4577
4207
2353
10
2243
4925
3310
2771
624
2289
585
2362
3259
177
2382
2493
3514
3240
2195
4173
53
506
4591
12
1206
1935
1094
4644
5214
650
2150
3685
1250
1208
1541
3815
472
317
3163
5275
2202
3801
4865
1408
1875
4109
2642
737
1673
3140
725
4020
5082
2748
2722
4278
5128
3572
703
4900
4092
5127
3297
1974
3747
4828
883
4819
3177
858
4422
4163
346
104
3071
2661
1734
3799
73
3688
1139
3095
4057
603
5153
666
3638
4486
973
3143
65
153
710
1596
5297
3977
4111
3152
3188
1966
3788
5067
753
3422
358
4675
7
1942
1241
3988
4043
1594
553
4475
3622
1161
4867
4263
663
1724
4616
4700
1362
2964
1697
3305
2918
4550
3074
1041
5206
135
3814
4379
4984
4767
864
537
2733
2314
932
4608
1108
2333
5370
2638
2584
4368
303
2018
1360
4773
1916
1785
263
3381
4990
4024
2756
3238
4338
1607
4655
2413
2674
2433
321
2241
2313
4879
126
3136
4270
4227
3533
1353
3949
5156
1419
3832
5063
1186
1672
635
5043
4580
4334
2409
3527
3446
2233
1793
229
5355
2415
4812
4844
4157
2073
3742
2800
3523
4956
2364
4727
