3062
4699
5029
5114
374
4031
2668
2228
3898
1121
1599
2583
4732
88
187
2223
1695
734
2781
1904
2338
2457
2617
1022
848
2653
2983
4140
3502
1229
4219
409
3004
3621
4015
1549
656
546
4587
716
1476
4131
394
5367
4320
967
5123
963
1715
2308
4345
4628
3739
5039
652
3080
1348
5209
1237
572
4088
4461
1542
5071
1396
3737
3965
4453
3778
1713
36
198
4838
473
5321
2654
5075
1407
4560
4365
3793
2972
2071
1253
3934
3023
2078
3656
3220
1077
218
54
3573
2254
2288
597
1994
3902
4121
907
2632
3432
1359
2408
1092
2976
2780
2760
2133
4633
4086
2379
1141
4802
1769
4258
361
1657
289
4816
4717
4325
2826
2950
707
2091
505
3798
4581
2424
234
4987
2894
1319
3123
281
1380
3562
492
167
1384
3390
789
957
1863
2552
533
3346
1651
994
982
1252
5301
420
5051
2332
605
1010
3486
1089
5252
1578
3559
2868
437
3839
3031
4778
3119
490
554
5098
5088
3006
4378
2482
2245
4316
1009
889
3232
97
838
3170
5073
2253
951
5163
3076
2169
1452
780
5118
2538
2541
5078
2384
312
4212
3302
2184
988
1702
1071
1027
1339
1334
4878
1745
4251
3020
698
918
868
3716
3155
48
2287
337
2619
3828
5219
4896
3563
1497
1303
1965
5208
1868
5237
3860
4059
1439
1109
1003
661
5326
4777
1075
2573
4197
4715
4846
5119
3311
1105
1143
3121
669
2014
1175
51
2767
3377
5030
2695
4800
525
1236
1969
4761
974
4392
2414
4419
1764
5097
1311
2757
4609
3244
1749
1575
1434
2747
2462
1838
826
2247
4352
3800
3010
2106
5074
1521
2662
1283
4793
93
4191
1295
1171
3536
5233
5197
5331
748
2817
5059
1627
965
1882
2244
107
1943
4335
829
2481
4540
955
4399
728
1440
5351
4169
4004
607
4643
5291
3507
1449
3881
4471
1718
2022
1248
4924
699
4886
412
300
4171
4223
2896
4817
2129
3941
4068
271
1757
5094
1647
3128
4841
64
5312
3959
2625
3278
1466
3871
1956
4291
2344
2910
4552
4957
4175
3167
1006
4429
2775
4730
3629
4058
1773
429
989
3248
3767
1641
262
4106
2951
1039
915
5347
900
3263
747
3875
4593
3721
959
3643
4452
3506
819
2877
1617
5005
1580
2274
4656
824
2719
2929
91
2966
2649
1064
3100
2574
5339
24
4283
1557
2873
3909
1936
386
1267
342
1591
3394
1919
2092
2136
4428
2176
2881
2119
3539
3972
4629
2686
3725
2360
5338
3144
4976
4718
85
256
1637
1510
5346
3773
5327
353
4441
1234
2709
4799
4848
2347
3162
3185
4669
2647
2610
1390
4857
5335
3590
765
914
2899
1529
2191
1004
2672
1946
5341
3974
147
1932
4201
4397
970
2562
1493
3221
3790
137
3050
1067
4568
5093
3042
1694
3611
2852
1593
315
4091
901
2731
1025
3837
2131
1145
3580
4842
4971
190
4470
3353
22
2329
1756
4544
862
3872
3806
4044
1653
4659
366
1962
5225
941
4692
2919
3285
2380
2673
1545
534
79
176
4193
5022
5295
2591
792
4398
2336
2882
3052
2648
5124
2206
4814
246
4033
488
4181
1590
3593
1866
2834
1376
4340
3920
5304
435
1514
2628
2164
3426
1535
3696
3359
4078
3861
370
1553
562
548
4856
3636
1674
1210
1154
4592
1964
2916
1014
3961
5241
4784
4145
3264
3610
2684
1188
2428
1266
3156
415
1136
2555
5046
3836
4104
5188
1226
565
2303
1086
2713
443
4185
3635
1664
3927
3428
2902
2997
2061
1560
4601
1030
2163
186
1546
2884
926
2430
1520
993
1628
480
3513
906
2320
1539
139
587
1127
1609
1437
3330
1648
2797
1095
1107
833
5260
3242
3772
987
4351
4051
1187
1170
794
1279
1516
1818
2680
1940
4103
45
2086
4101
1611
1422
471
1571
1841
3216
4681
3171
5149
4688
3984
3728
1007
773
3885
2066
5336
2059
2603
637
1001
3821
4232
3012
4965
4369
2965
1214
4254
981
919
2793
3768
2017
4766
3633
5211
3356
3197
4911
4010
5259
2460
3530
1849
3357
2087
4252
275
2322
2307
180
240
504
1945
2075
3165
2957
1486
3699
2486
571
648
4438
3679
279
4607
5292
972
4943
4912
1198
3138
678
483
3383
688
609
4160
846
4037
2627
1827
3896
4530
2553
1300
3363
4310
1309
1519
2809
738
4235
2650
4790
4562
3671
149
540
3971
522
2440
280
5328
1807
2445
865
1661
2350
2158
2443
4228
2174
168
1711
2911
1475
411
3334
449
3660
1026
3450
414
2046
4850
3883
4456
2401
766
3213
676
359
114
2452
1442
3759
5102
1725
402
4218
3769
913
5142
35
3529
5000
1133
4831
5079
3942
3946
4179
1113
1055
1403
5218
5235
3086
213
3224
999
2814
306
5251
4498
4748
2697
3986
2020
4129
5354
3900
1660
228
3866
2027
1470
1895
1428
843
3328
3057
4123
3113
1656
2250
4256
3620
4744
4582
4947
2588
3449
5095
3939
2715
4808
774
2135
117
200
1929
1372
95
171
1840
3158
5014
3430
5276
5228
2089
4151
3830
2076
2601
2932
1478
245
1163
1240
976
2705
685
3868
2571
3547
1503
647
4344
837
1056
4080
1987
3457
2040
1485
4503
2024
4583
5169
5012
232
428
3175
1812
2406
1128
2279
1577
3857
57
1583
1287
689
1289
1335
3461
4824
4781
5201
3273
2981
3616
859
2359
3209
4703
454
4029
3331
5013
3059
3063
503
1991
934
762
2843
4933
2363
3982
2900
3161
958
1739
318
4387
115
479
2665
2539
2209
1995
2655
5230
4877
4183
3520
4701
3451
2461
1318
1587
4870
4302
535
406
4887
1058
2968
2426
2888
2749
1172
4941
3448
457
687
4477
530
3204
2146
1597
272
254
3560
2306
1354
27
2742
3274
1432
3409
1135
87
4149
3459
1169
141
3579
4330
2483
3973
2679
983
401
2566
4285
2102
2155
1242
1445
1363
3665
2373
3246
2230
1562
2818
3912
4246
3826
4749
210
1426
5234
2188
3545
475
3351
1296
1217
2327
191
226
1525
4938
5025
2622
4734
4174
754
3568
3844
2791
4367
4935
3672
3300
3674
2080
2865
1024
3731
1707
3027
1378
3969
3575
2502
1850
4719
701
4645
63
3159
3818
4988
1192
3554
4571
3678
309
1986
4847
2779
2029
4499
818
2582
2278
2836
2127
3373
5042
4820
1862
4931
1276
4516
1686
4565
898
5200
2204
1012
47
1182
4
311
576
5397
4229
2700
154
4559
1413
2551
1842
410
5324
1222
1357
513
552
3535
1278
4217
1720
2849
828
4525
3646
2762
23
427
2479
902
1209
1978
2423
3447
5085
2995
130
853
46
5402
1792
2182
1299
2037
1369
2746
4614
5126
2205
293
1158
937
1081
4782
944
1913
3627
1700
4535
101
4830
3508
468
2030
4977
3720
165
1412
2255
4186
4138
2735
3195
4288
3418
4563
1243
296
2987
3964
4259
32
591
1903
2026
515
1845
2941
3727
3425
2321
5193
30
4053
4027
3468
4485
418
2388
380
2867
5287
1884
4305
5342
1786
1963
5311
102
1191
17
3397
1017
2215
1751
3853
3282
4945
2523
2924
953
340
1224
2060
2898
5270
1977
2271
3701
1817
2593
1631
4209
184
768
870
2383
1605
2783
3021
487
3267
816
3214
5249
4402
2097
1832
4013
2326
4602
2149
466
26
3429
4154
2077
1883
1088
1614
3874
4740
2824
5212
4071
1801
4426
1013
5404
1663
157
3956
66
4764
2678
2295
4314
212
4153
3842
4860
1257
3350
4489
769
2994
3791
202
3317
4684
3084
1581
1395
1332
2670
369
3466
3179
2860
3000
1530
4067
438
1622
2369
852
949
4780
5358
3525
3034
1238
1556
4035
5072
4940
1856
2946
4423
3534
2074
313
5180
3172
2398
2786
672
3524
4574
1097
2358
3704
3738
3352
1326
893
2227
4469
3065
4274
2640
4505
5115
1312
1153
528
1205
1037
523
5393
3935
4651
3684
5141
2116
1534
1346
445
938
521
567
1778
2692
3709
189
1033
2291
3250
112
1683
4658
109
16
5243
5372
947
5144
1890
3068
2088
485
719
3963
2935
3129
1984
1324
714
2367
2939
1934
1373
5192
1043
5265
2559
2595
4698
2908
5210
599
5164
4756
2624
4754
1028
4839
1251
3670
3035
1366
3089
1902
4459
3226
3755
2395
3760
2342
1893
71
2514
1618
4437
1566
1507
1230
787
4497
4021
1748
426
3644
1635
4464
4554
1036
4974
2002
2516
41
3183
3435
693
2104
495
3332
1057
4514
785
4994
2764
3604
3592
3509
2198
4241
2429
5378
5318
2794
2436
3758
3391
3878
3150
1254
1649
5242
3849
2985
2421
742
5137
39
1944
4905
1239
1131
4276
2427
2368
3847
2213
196
4260
4112
4114
2927
4785
2006
4393
5135
2905
5112
1951
422
733
746
267
4970
3046
4446
430
3651
4490
4118
743
2669
3996
1424
1512
4165
1400
50
2095
3980
940
108
4921
4190
5246
2926
481
230
2729
1011
628
2942
2293
4706
5202
1783
5361
4876
2577
1544
1411
3859
4531
4431
25
1795
4389
1491
5177
3765
804
1114
4038
1111
1116
4096
1640
4726
2675
3570
3717
1046
2890
2944
3320
560
1743
5366
2286
1495
3420
2453
1221
1676
3995
1464
956
4679
3639
4414
3723
3166
3640
1865
4364
3280
500
4687
674
4909
4476
4995
1629
1275
3786
3917
2374
441
3682
3291
4920
1719
778
4168
4919
4072
3987
806
877
1126
4373
4557
1925
1608
4962
759
2208
2807
4011
2853
2229
1454
2956
3820
237
3618
586
2437
4660
2265
4447
690
208
2952
2973
1892
1908
5100
4300
5038
4584
3342
3834
2340
5133
4242
2962
1967
836
1518
1632
3522
2000
3694
4966
2187
464
649
3498
1402
1555
56
5239
4056
3700
372
4672
2404
3653
251
1016
1330
1803
3365
2357
233
4003
2085
4371
2069
5008
49
5058
2175
1388
2451
236
990
873
1338
319
4184
1104
3796
557
1690
4455
2167
5161
5352
5130
140
4066
1922
4880
146
274
1480
4709
4415
5134
1317
4427
4923
3950
5171
1069
847
1699
3153
1050
351
2170
2690
2988
1998
3371
5313
5198
2459
5186
2219
1911
2901
4973
4117
3870
4454
1523
761
2275
2168
4468
1194
2923
1394
2238
3708
793
596
2847
3647
4595
1625
781
3582
654
2138
3362
2770
5248
5009
2058
1070
5348
2845
2266
1294
1513
4445
5091
1798
908
555
4093
1499
4460
2930
1877
4750
518
630
2214
408
2111
225
950
3321
739
2592
295
3566
3257
2738
4405
120
2874
2677
2152
3817
1259
4308
243
1688
4198
2007
1997
5105
5001
1065
3372
1450
2570
726
5257
5227
3792
5143
2390
450
2708
2522
476
2816
3588
671
3989
4206
3757
2153
5099
2038
3015
2822
3014
4673
3951
4648
1199
421
3131
2969
484
3729
499
3092
5040
3025
163
4143
3228
2594
4178
2842
4139
3283
134
4929
2331
1195
5379
3953
5019
593
639
1731
3571
5300
292
3947
2147
1342
2489
668
2827
3753
2410
4087
379
3692
1040
5103
5148
3598
3455
4547
1020
5285
1465
2773
4280
3619
3314
4723
2704
706
3891
4312
110
2343
1425
3532
4230
3440
2165
3206
3555
1788
1049
5247
1365
382
3368
4884
830
320
1698
4657
2113
5268
2039
3804
2959
1386
4623
3180
224
1321
4450
2685
4619
3519
2821
727
62
419
5064
2726
368
1181
4937
1704
5205
1799
2276
1771
2630
2189
4868
398
2978
614
242
4873
5089
835
1955
5069
4927
1106
2879
3094
1859
800
4642
465
2540
686
1325
925
1211
1646
721
3186
1808
2199
195
4284
2351
3472
3521
4007
3234
4705
4267
1124
2047
1042
3730
2789
5334
3816
3979
1829
3269
4042
2612
4741
2190
5299
3567
498
3762
270
354
4755
5293
3918
4493
4170
4752
962
4907
3360
82
