482
129
453
506
190
180
360
577
956
929
169
388
223
888
152
310
603
533
277
334
800
728
371
425
9
788
534
522
596
647
665
602
918
63
546
26
85
498
279
986
494
683
950
43
59
434
826
323
987
682
709
58
187
729
206
202
283
671
604
655
443
667
94
978
212
225
336
755
125
293
613
251
132
76
174
290
179
91
105
54
562
1002
781
306
420
282
836
938
837
811
906
274
561
344
284
927
871
479
887
298
727
462
38
389
867
426
650
827
681
6
723
4
720
912
216
265
841
607
161
804
588
222
797
564
725
785
146
101
955
793
889
37
47
32
983
705
31
141
403
217
104
893
414
1025
747
64
116
592
319
224
856
341
787
651
649
937
847
415
353
608
914
134
572
678
994
639
726
159
197
762
170
658
979
858
103
260
332
148
198
768
256
628
895
406
590
92
517
646
542
427
805
313
191
213
648
100
142
523
684
576
445
2
5
645
830
1001
458
189
866
593
710
694
692
3
516
299
78
606
587
456
321
890
416
782
799
296
580
750
404
294
998
55
744
192
674
935
664
34
1
985
931
976
528
510
110
1006
601
123
704
210
118
501
569
813
422
885
971
1004
789
109
679
941
155
449
381
761
18
468
12
25
575
643
544
962
610
96
330
915
718
349
106
215
794
1017
242
904
67
724
634
759
996
777
635
184
11
339
61
860
266
211
611
676
977
243
810
585
195
1011
959
988
401
1019
358
268
89
359
702
995
662
394
200
597
525
574
620
875
464
302
317
328
410
239
669
186
657
233
802
954
21
342
552
897
144
571
165
945
433
343
74
626
854
33
703
486
565
605
623
713
231
154
115
307
518
135
301
547
952
112
1016
512
843
207
672
1024
107
743
346
70
839
365
474
208
254
320
855
218
304
570
257
559
351
82
527
708
560
524
247
172
487
68
249
71
903
697
818
275
689
19
948
756
997
981
463
558
181
740
801
178
921
311
430
295
600
872
832
309
329
991
661
209
949
219
390
946
798
126
288
636
594
693
480
502
877
630
431
771
457
248
484
638
862
640
376
786
819
820
677
77
751
680
435
999
852
618
158
933
967
438
372
814
886
188
892
36
124
963
690
739
454
145
131
653
97
102
821
1015
66
519
1012
98
538
287
595
922
526
315
675
395
659
834
752
853
278
615
205
452
1018
742
117
73
297
829
42
940
214
879
455
495
183
373
432
163
624
108
916
554
746
765
490
633
857
236
540
461
842
354
790
974
737
807
531
444
83
508
599
137
384
838
185
958
548
905
947
870
160
177
99
953
730
35
891
874
741
314
380
520
331
545
446
398
87
168
779
280
467
663
970
157
391
86
920
609
182
1026
873
868
919
503
220
133
270
909
792
932
1020
656
51
715
340
475
541
553
738
567
162
913
1009
79
324
497
591
392
46
666
57
924
327
882
696
864
627
347
732
221
235
385
642
1008
578
377
815
845
44
828
973
691
822
151
483
616
536
717
411
714
194
530
644
240
584
230
583
473
263
356
783
972
492
228
322
861
736
711
65
504
140
153
417
413
396
582
93
338
556
421
824
289
469
509
226
809
52
45
234
111
900
791
193
300
491
149
252
316
345
419
428
272
780
418
769
515
24
863
673
763
136
402
407
382
164
273
267
436
127
550
114
883
241
878
121
271
409
754
617
269
622
944
721
831
514
423
291
337
844
984
894
23
75
80
685
472
776
896
227
808
352
166
637
579
400
13
171
806
749
437
17
28
532
326
712
8
573
660
362
232
969
957
81
902
7
84
465
901
470
767
982
261
521
543
1007
367
943
840
50
22
966
563
350
992
796
823
139
16
758
201
355
312
1014
477
440
551
285
485
250
700
631
770
374
629
325
60
930
568
203
95
555
1027
835
122
90
939
869
619
244
795
476
859
880
923
399
529
286
1028
846
812
408
175
369
825
204
993
778
405
686
370
488
589
803
1003
535
348
537
15
652
760
549
150
276
62
238
451
936
775
898
688
733
1021
719
695
496
156
119
1022
49
908
884
143
926
335
557
258
990
41
448
120
39
20
961
586
706
784
632
10
40
851
199
934
621
357
167
138
907
734
439
687
670
942
598
849
379
668
701
471
363
722
917
625
865
478
255
698
960
259
447
450
305
308
281
386
397
989
980
1013
246
505
489
566
53
641
968
876
507
1010
911
253
614
383
333
1005
128
928
731
229
757
424
262
466
581
773
176
716
493
499
513
196
368
393
925
387
1000
481
764
745
816
69
654
14
245
429
975
56
848
699
378
899
88
772
748
511
375
412
130
707
774
48
817
459
441
1023
72
