338
1023
314
170
733
663
140
10
478
17
887
102
755
648
167
548
209
414
95
772
949
871
713
673
380
796
345
832
507
358
355
549
950
196
41
278
983
728
638
16
931
450
150
145
739
501
640
81
173
34
183
276
346
600
748
689
790
686
581
259
677
900
783
191
798
117
433
810
324
135
723
456
444
924
546
833
275
118
522
634
858
829
461
646
492
454
932
584
525
764
806
339
645
740
727
474
923
890
575
658
756
977
741
953
92
558
442
1009
826
745
310
264
935
128
577
27
565
654
606
936
800
561
301
365
272
472
403
524
64
425
67
200
1000
550
125
147
889
721
849
630
776
244
46
470
1018
460
228
827
76
938
366
676
766
655
11
1019
226
956
133
114
835
360
598
635
657
720
901
807
529
80
511
884
731
451
214
703
22
179
246
791
811
934
696
57
445
794
836
714
106
808
729
430
416
732
448
782
913
904
323
384
989
439
553
225
112
599
672
593
520
516
751
304
716
926
487
536
343
367
169
188
197
1
678
296
97
1008
153
398
497
821
552
608
915
851
656
142
256
802
8
883
537
105
313
434
392
224
212
240
14
891
52
610
666
281
210
38
129
818
927
326
89
386
49
222
423
39
916
914
144
712
372
255
947
25
1012
453
569
620
317
469
299
831
787
750
773
651
465
428
760
1025
404
952
754
239
227
500
387
903
641
812
941
912
612
35
846
660
413
132
629
115
560
845
972
816
711
364
195
502
705
809
984
24
649
708
1003
825
585
1007
309
328
847
476
562
980
527
141
652
138
508
126
446
854
868
541
419
122
667
742
940
462
177
823
79
223
746
378
233
795
969
293
719
659
417
1021
146
110
504
466
495
962
279
119
1022
411
273
856
965
458
143
181
839
467
752
633
583
710
813
397
261
252
594
753
479
257
371
490
857
543
592
155
162
292
859
895
988
321
29
505
431
824
974
986
262
464
869
653
908
194
681
864
361
967
571
588
757
668
247
99
229
779
369
918
876
168
780
709
933
920
103
277
937
318
621
580
180
964
985
1026
554
777
707
697
493
509
394
747
963
348
370
78
291
996
151
642
643
617
928
591
840
432
172
662
801
330
670
91
999
362
260
42
354
644
917
401
616
205
1010
998
542
28
604
283
690
919
353
614
482
349
605
870
1013
249
624
85
187
381
104
860
475
922
400
221
368
880
838
164
881
865
236
557
421
767
12
285
357
325
736
483
661
853
377
815
715
576
674
702
5
968
290
30
701
572
73
270
877
491
774
159
517
217
61
267
215
498
238
717
539
74
350
489
960
975
265
893
45
814
885
613
165
156
704
590
87
71
639
211
737
481
44
335
867
1014
201
248
60
86
842
488
136
208
623
100
804
1002
589
618
383
62
480
619
601
54
939
725
559
1004
452
178
786
59
363
930
294
687
817
834
198
341
311
533
874
111
761
513
409
174
1016
199
540
521
303
72
429
992
866
625
744
797
911
47
254
905
410
424
320
232
615
771
3
567
396
1011
499
21
347
235
578
152
692
628
193
582
163
40
684
300
253
724
597
899
158
679
682
203
622
69
948
379
319
973
56
399
494
602
48
544
108
342
329
694
987
718
340
412
250
286
671
13
675
955
1024
788
204
929
778
266
822
473
792
305
688
282
457
93
611
116
468
206
805
526
245
109
945
393
637
26
385
879
1015
440
944
437
113
344
532
327
242
33
134
762
855
978
503
315
957
230
607
758
535
166
18
149
848
407
886
297
189
691
251
647
463
636
902
6
596
759
828
449
334
735
925
231
161
519
990
734
1017
75
436
627
861
485
547
216
268
376
706
897
137
77
63
66
43
101
765
15
954
171
405
803
579
515
700
65
981
959
993
538
799
551
139
486
556
82
263
872
157
882
37
426
951
991
258
359
130
506
730
775
789
186
896
435
574
50
573
234
420
910
213
2
942
512
906
680
84
769
477
518
308
586
443
218
288
958
650
70
96
982
68
176
850
284
274
124
603
298
408
90
20
699
422
907
307
107
568
127
632
388
530
1005
695
389
123
844
337
312
837
587
241
626
219
523
336
878
830
738
888
726
496
192
352
961
781
280
683
351
946
698
32
160
484
438
98
971
784
921
1027
997
564
53
7
302
23
322
1001
455
875
534
768
331
402
665
873
391
892
4
202
19
909
820
121
185
184
843
190
898
863
841
722
375
852
154
1020
287
289
531
970
374
514
83
819
390
94
943
148
131
545
427
9
528
441
693
563
182
406
763
894
995
862
976
36
333
58
743
120
271
570
609
295
566
555
770
685
382
966
749
447
994
207
