762
738
138
760
86
505
877
490
901
943
607
811
368
645
1009
781
399
463
882
101
823
491
658
563
145
888
317
51
960
252
162
734
262
76
539
654
103
905
559
1003
449
986
422
242
594
840
276
376
212
675
416
1019
736
207
278
942
374
775
329
335
166
1004
955
46
47
234
16
617
177
782
613
845
922
825
686
813
330
313
230
28
543
907
34
388
971
459
102
641
688
377
235
328
802
269
476
983
821
381
740
202
113
301
428
583
1016
669
457
273
975
187
544
136
1021
754
188
432
793
716
555
176
442
228
412
552
297
253
834
383
49
788
611
396
30
923
290
20
353
832
364
430
830
695
291
615
946
74
713
354
419
183
367
11
2
784
431
197
914
32
492
387
238
71
707
851
815
952
934
240
1020
319
927
895
904
860
173
858
893
100
598
726
973
870
404
646
648
349
631
288
470
902
744
638
792
565
55
8
621
1025
481
683
251
184
603
790
547
924
1011
531
728
60
64
219
488
958
854
336
282
84
694
493
502
67
10
194
275
391
635
305
361
414
889
602
105
586
702
130
501
891
316
175
4
816
1007
624
550
529
933
359
620
429
693
484
991
339
477
681
418
682
5
59
962
279
844
52
584
192
3
123
549
699
506
999
562
515
69
777
622
809
38
90
932
244
767
17
791
972
871
995
769
78
798
710
295
606
553
879
436
947
296
243
990
149
774
312
1008
708
741
23
89
756
444
499
614
742
849
568
996
263
198
365
487
985
926
731
196
340
861
421
121
302
441
520
725
129
737
378
29
969
237
883
168
171
153
285
900
167
906
261
321
218
82
979
50
629
106
274
411
203
747
341
94
40
443
763
753
351
77
117
80
521
574
558
426
370
869
68
496
589
293
714
601
873
44
752
299
909
705
640
671
333
750
570
541
865
309
757
323
665
96
298
371
284
846
839
267
9
524
591
910
954
315
812
256
157
420
440
941
597
546
114
819
833
191
91
343
25
159
700
848
134
536
920
22
957
690
286
346
867
768
887
964
338
140
918
397
507
390
225
453
382
676
677
835
497
770
375
406
912
673
151
88
186
489
739
494
85
259
1017
141
855
272
110
1026
978
859
814
199
678
222
643
953
389
525
600
217
968
977
944
868
120
345
445
142
56
966
528
804
711
403
407
994
523
538
881
124
950
637
931
415
863
517
799
190
467
864
435
537
853
663
229
580
929
452
474
380
303
857
152
143
1018
6
182
58
670
27
300
579
745
360
195
504
210
260
12
1023
727
998
789
144
401
215
836
884
304
619
201
209
402
245
668
701
948
720
424
751
156
226
62
527
146
1000
719
717
248
458
743
451
283
704
916
965
697
730
896
852
48
722
532
1028
764
35
7
54
569
337
26
604
220
473
18
759
98
394
189
925
841
308
348
1001
265
172
534
642
281
970
989
119
656
155
919
915
386
680
81
522
292
560
890
1027
894
366
193
898
139
706
87
179
987
508
930
691
842
938
556
715
250
794
667
257
826
866
577
572
450
97
128
803
618
723
1
408
266
485
42
633
241
347
350
447
400
352
236
709
1022
170
433
247
827
174
126
53
630
410
169
362
460
258
988
437
820
118
373
575
874
239
66
566
824
755
466
344
395
533
1012
342
204
357
530
513
616
294
593
277
982
997
79
1024
557
480
831
72
590
945
692
75
1013
817
595
479
828
718
689
949
61
698
405
540
232
976
993
875
270
45
164
899
961
519
122
796
271
908
829
660
320
306
31
778
311
19
636
475
372
73
936
318
495
137
672
587
651
818
116
314
666
548
289
847
808
36
109
608
57
503
425
674
679
758
980
956
1010
903
223
448
805
434
307
438
1014
132
334
482
332
214
165
363
216
112
325
733
1015
21
268
127
712
567
984
356
687
664
514
661
178
468
535
213
554
13
542
108
104
892
15
398
776
93
800
773
779
355
409
639
518
392
662
632
766
211
465
992
486
585
748
478
24
576
581
652
609
735
935
876
783
592
14
33
483
959
115
511
427
1005
446
500
657
911
221
822
111
393
498
913
721
917
627
838
180
787
545
233
181
63
369
647
158
160
921
974
326
588
41
878
65
786
684
70
462
147
765
255
92
644
685
154
795
43
310
571
39
939
264
526
135
439
771
417
880
208
456
626
358
99
655
928
107
509
125
472
810
224
469
37
280
940
327
512
650
379
862
872
696
856
148
837
801
578
967
843
454
551
653
628
780
1002
625
324
133
423
761
455
385
703
227
1006
464
807
249
564
610
599
150
605
732
897
205
471
963
516
246
850
885
886
131
951
331
83
659
797
322
612
