901
509
53
424
482
59
336
481
8
348
919
488
819
616
529
960
678
69
985
237
508
627
56
925
1019
940
583
454
223
255
561
992
312
385
182
707
957
437
579
798
114
57
299
770
606
952
44
273
225
844
683
295
857
760
451
869
885
358
938
891
245
778
505
411
408
7
828
983
993
31
265
515
290
247
988
585
267
696
432
1009
36
281
756
521
341
75
142
131
301
626
706
467
556
847
999
631
115
326
789
82
291
94
146
943
304
404
176
158
170
906
664
99
578
252
883
168
914
106
594
342
1007
51
887
322
642
110
135
840
318
796
309
870
499
19
315
920
531
335
876
635
602
506
240
903
200
611
820
72
781
284
314
575
845
651
205
563
320
930
971
884
518
643
743
535
1018
832
85
448
95
321
720
1012
80
480
551
4
552
512
449
413
25
705
768
628
181
65
388
394
307
708
465
926
807
161
1013
688
918
549
1006
536
825
911
609
489
180
405
722
539
222
692
136
447
305
132
942
916
1020
951
738
425
1015
197
962
638
487
201
373
241
980
442
212
966
950
581
12
517
165
71
275
227
897
758
3
327
266
311
912
809
771
361
834
16
682
782
841
431
522
154
892
537
70
994
548
380
749
328
118
933
853
868
612
453
932
591
690
10
459
854
173
842
150
645
735
236
382
77
137
419
858
564
9
931
396
965
764
445
773
880
849
657
376
369
873
617
1014
961
330
596
29
186
78
630
588
622
526
669
724
24
11
179
824
658
671
190
337
905
229
490
344
421
274
177
184
323
5
383
248
653
366
910
969
105
702
277
882
861
625
654
586
79
324
732
38
976
119
1022
614
527
739
128
790
715
130
520
964
593
795
568
39
815
856
813
777
741
786
945
420
350
402
830
541
538
595
185
122
354
102
471
1021
415
164
516
276
403
747
577
967
34
557
567
850
737
900
101
941
63
375
192
615
381
511
780
58
888
894
701
368
709
195
351
49
908
712
294
513
695
468
565
860
55
1005
566
211
822
767
831
607
922
479
97
387
194
172
766
126
42
349
113
91
584
167
220
915
827
862
339
810
364
338
599
41
120
699
84
288
503
395
603
412
881
109
280
231
96
444
589
500
995
434
554
6
457
235
898
719
23
491
427
762
990
851
864
751
574
927
644
416
685
251
776
202
632
196
64
523
656
804
618
978
189
133
47
1
310
542
138
953
233
744
937
218
878
745
477
947
494
472
1017
224
67
306
893
666
401
409
268
763
624
263
149
17
740
972
18
871
206
899
510
496
559
816
103
422
794
733
52
464
340
981
20
636
355
436
157
792
441
507
163
98
343
736
641
598
652
353
475
123
681
54
89
397
532
483
407
721
374
545
1003
818
621
765
239
28
525
15
987
750
439
286
817
634
485
572
769
32
788
775
253
667
188
1000
213
783
808
977
601
805
761
497
975
452
435
546
14
785
592
752
13
803
974
998
88
203
649
292
759
256
129
116
560
673
470
429
1027
390
648
271
371
989
913
108
74
716
697
670
423
687
466
352
356
191
169
955
890
492
140
417
639
637
68
332
139
799
886
1026
27
791
360
297
691
283
393
81
939
514
199
812
843
996
718
331
949
219
728
710
234
463
478
793
378
232
193
325
968
279
35
329
725
22
93
757
269
334
730
264
605
73
278
162
400
261
779
147
838
970
148
316
66
839
502
772
187
754
259
207
495
254
837
270
742
112
686
944
661
198
293
729
717
175
392
647
676
426
87
145
553
672
493
874
111
629
623
456
50
895
260
208
814
244
460
347
852
889
547
879
587
92
865
298
346
713
257
458
469
921
151
86
646
303
562
640
580
476
823
48
178
659
160
250
45
650
519
569
440
446
662
907
209
694
210
362
1023
144
946
800
319
982
474
461
100
731
956
391
540
384
243
984
833
1004
183
571
704
875
317
221
582
486
153
550
124
714
60
528
296
829
345
846
152
215
613
117
26
501
1008
1011
784
30
680
703
600
619
386
1010
836
414
363
21
159
597
166
377
826
576
533
802
675
300
313
62
698
428
866
433
896
462
558
543
1028
954
289
958
443
121
498
406
90
40
399
986
125
902
530
238
1025
134
367
450
948
359
573
127
604
755
877
727
430
963
104
811
748
217
365
214
936
904
700
372
389
455
333
1016
370
867
848
991
1002
934
33
787
379
674
216
43
249
484
872
684
663
156
660
655
61
801
679
979
555
37
608
973
357
308
2
909
143
524
228
620
285
633
689
665
928
935
855
171
398
734
174
929
570
821
693
76
835
155
107
723
204
282
246
610
410
806
262
746
534
711
859
258
