66
856
402
555
634
139
499
932
64
806
151
290
133
899
278
547
255
638
848
481
744
530
975
54
774
757
3
601
604
646
219
381
892
1020
426
629
27
589
122
458
743
887
962
740
10
583
592
768
130
944
22
111
46
653
574
696
360
939
569
245
260
102
116
183
453
618
871
73
172
31
467
181
335
623
507
877
308
201
621
1012
208
671
554
246
203
284
504
108
188
353
141
930
831
558
218
311
936
487
104
730
992
872
594
550
986
628
579
875
789
252
1005
34
1019
642
7
80
25
997
610
760
712
238
332
650
237
834
920
888
68
65
20
473
217
537
951
500
527
501
636
885
595
808
998
348
862
693
85
553
41
802
498
694
459
44
1000
729
384
765
850
395
333
185
957
531
948
29
129
728
820
627
170
396
598
529
568
200
394
763
280
322
385
853
157
457
314
580
976
391
654
761
882
593
149
851
422
336
313
231
352
950
681
63
666
785
476
103
262
772
232
98
566
443
356
355
399
90
265
279
922
901
38
189
389
220
173
251
446
870
436
128
493
777
749
520
508
798
383
239
824
982
840
983
807
719
931
115
703
272
324
597
52
195
230
661
423
1024
235
442
184
995
305
1016
256
692
191
522
751
769
1010
687
214
667
1017
304
1013
6
602
407
309
540
665
331
590
863
895
19
955
1021
39
178
447
266
2
981
1026
893
35
865
464
738
17
599
427
979
690
161
374
233
306
207
413
225
179
72
418
160
1006
1028
326
883
470
746
136
434
959
1004
32
705
817
514
517
390
755
221
970
662
330
988
159
683
337
466
536
56
69
37
754
670
632
347
723
686
397
724
956
167
74
120
480
770
169
611
815
445
775
637
503
742
739
565
657
839
999
325
496
668
647
505
971
425
70
900
285
190
917
904
299
720
405
373
779
548
864
36
758
987
523
1014
969
625
697
291
679
816
213
485
721
726
822
905
455
174
581
59
784
350
734
897
454
171
649
556
841
12
354
123
26
506
134
273
297
780
358
274
398
752
620
631
953
811
612
226
838
942
846
365
249
980
672
477
432
21
346
89
100
858
5
204
461
821
329
676
577
889
699
835
767
177
906
165
701
588
340
844
656
652
463
543
655
741
106
224
247
118
640
819
813
759
117
511
572
145
609
1001
731
776
450
866
259
778
328
113
58
253
923
968
685
570
805
878
557
51
144
691
211
823
619
1002
4
400
801
222
490
430
105
82
319
869
857
1027
781
267
502
417
608
366
943
643
375
264
902
708
11
804
1011
613
587
411
578
925
849
940
67
764
388
243
682
155
316
818
240
206
303
293
392
914
288
912
974
15
786
371
528
84
99
966
732
168
158
973
164
61
941
886
576
663
367
1018
286
271
30
964
132
370
880
13
182
874
223
826
797
518
847
673
229
717
747
292
162
121
876
472
16
412
376
984
382
1007
150
414
401
428
626
87
947
879
946
563
684
978
307
737
911
334
549
669
924
410
234
658
192
283
227
180
321
462
448
972
562
539
236
377
33
551
258
135
524
952
40
28
660
829
43
393
993
644
363
92
424
915
994
338
571
270
718
713
695
996
474
138
97
873
45
762
859
833
339
431
639
344
81
541
800
295
989
985
148
927
567
585
387
677
926
575
542
196
795
736
564
624
250
1015
533
119
977
456
680
630
101
516
545
796
965
79
282
327
345
468
748
349
938
828
727
137
615
750
380
75
735
415
916
881
49
664
351
296
312
963
733
908
852
714
452
513
607
465
475
379
790
700
166
675
406
420
441
320
93
961
633
205
622
23
460
435
152
277
722
193
163
261
433
560
94
315
635
538
907
378
909
175
854
958
559
242
482
600
855
491
582
96
1022
534
860
439
479
478
787
546
276
403
492
861
990
648
317
298
202
827
257
342
842
945
124
949
868
535
416
710
702
497
142
526
709
771
301
86
896
78
812
156
287
678
836
471
437
606
9
810
212
294
706
50
24
131
199
154
88
55
198
369
194
76
832
605
792
254
126
596
484
910
112
814
891
809
913
47
368
614
186
228
991
561
187
525
241
386
937
519
532
300
689
409
71
323
921
48
783
830
1025
782
176
753
919
289
521
716
845
310
586
756
515
788
1
641
799
616
127
95
773
42
967
803
361
215
341
438
791
469
825
954
884
125
451
440
57
711
793
486
18
495
960
216
14
53
674
419
444
645
934
77
362
372
1008
91
110
715
343
83
494
318
698
359
60
147
745
197
898
209
429
62
935
302
617
408
725
584
8
244
364
591
651
929
140
603
483
707
794
269
903
404
248
544
107
268
281
1023
449
1003
509
928
843
114
688
933
510
153
766
918
488
146
109
357
512
837
143
263
489
659
704
573
210
275
867
894
890
421
1009
552
