3051
3642
1118
2473
5156
836
4267
2838
2274
251
2211
4484
4192
2944
977
103
5045
4591
4451
5212
518
646
3655
3988
2245
1851
3196
1702
4362
5324
314
3453
4919
746
1322
2489
1518
563
2609
2761
1783
1573
2553
5270
15
1419
5013
3449
2060
1231
2157
3537
750
1268
745
835
2924
3277
2047
398
1738
2618
3183
4560
2468
2242
1945
3606
3368
3575
281
4121
1887
2349
1613
719
3556
2264
3024
2009
1064
5136
1921
3564
2814
3759
3510
1414
2462
4519
3385
4124
693
1367
856
5126
507
3785
3560
5219
5389
682
2100
2913
114
5089
4980
3967
1553
4565
788
2354
4488
4747
3648
4149
3628
1333
4268
1073
2578
4572
1205
660
926
1514
513
3366
2816
1296
5191
4481
4111
1016
1294
3620
942
720
3009
5404
3848
1746
5000
4727
3518
4976
532
4018
3088
5264
5318
2764
2137
5068
803
4829
5347
5021
3761
4324
5225
4890
1957
4322
5276
424
2486
483
3640
2025
1373
1601
3228
3555
2894
3683
5002
372
1659
1722
1643
3013
2529
1318
2920
4938
610
2278
1406
339
3872
4382
4640
3340
2332
621
4729
4331
5322
1595
4913
1610
172
2433
198
2613
5157
2956
1829
1057
242
5302
1055
1119
2970
4266
3547
4746
346
5402
4353
1681
4697
4276
2527
183
4390
5242
998
1241
1052
4006
4215
1685
2682
1537
2344
2909
255
2012
832
2989
4136
2646
1286
5220
2773
1790
3018
2499
3773
3769
623
5211
921
358
4419
3071
407
4995
519
4402
538
4242
19
2971
5003
1201
3646
118
2187
5035
3689
1289
2228
5014
3311
5214
3302
620
277
4841
3297
3592
1600
4414
5249
1607
1401
1769
3032
1354
5259
1542
3776
2625
2805
732
1679
3877
3062
2379
2019
4349
3309
4061
4063
4984
4508
4838
1711
786
2351
4680
2500
4518
4394
699
1788
1063
3270
3202
3508
5397
4523
4766
1309
3364
730
2470
3350
4113
1075
4724
5161
1436
4674
3674
1725
4708
5325
322
2446
2536
4181
3690
974
5217
3014
2887
1303
2769
833
2024
1931
3240
312
580
1439
228
1717
2983
4671
2378
1408
5037
1193
600
4245
4930
757
4133
2905
359
2938
3834
876
1010
2258
150
533
2793
1880
2432
105
5183
282
3876
2978
3300
2131
3777
5305
2990
189
4641
4515
335
4159
1476
1091
1819
957
2895
3483
2629
3332
