1960
2918
3862
4885
2649
2084
636
1304
2497
4094
1866
2955
1433
4356
1327
2322
258
4788
2268
908
707
4281
3878
5083
2194
2698
119
3654
4562
4236
838
4721
5382
889
779
1113
2129
1879
923
3028
4659
3969
4605
2445
5192
880
4422
1243
3126
2518
87
1424
1621
5081
1089
5309
2705
4087
1005
765
1067
4189
2006
2647
2999
1982
601
5258
3053
2234
394
1614
4131
2711
4965
4814
5152
1671
1291
216
1307
1209
1501
3189
1540
3004
69
1897
915
2565
1558
1981
3394
5381
3205
4658
579
875
897
4107
3172
2679
448
4134
5070
2417
1990
1475
5019
1446
4116
304
1056
1900
1012
3169
4621
1353
1255
4188
4368
2106
3038
236
1361
1174
443
3307
3782
5210
2694
4216
2120
1054
4027
2718
1121
887
2078
2094
4797
3301
3935
2552
4767
828
4781
3789
4872
1196
1816
4895
2220
4945
1914
4789
1044
2451
3662
417
5113
347
5313
4606
1891
3294
2213
4271
3852
3418
1512
3750
1277
3983
5271
4115
4771
2862
1087
967
2810
5286
5155
1313
4496
3879
4427
3651
1448
3315
3163
457
3173
4084
520
4194
2434
1899
2587
2815
4357
2501
2942
391
1006
1423
1656
180
3755
701
1065
3175
1466
4502
3151
5142
4479
2820
1564
708
3075
116
2755
5348
3237
3602
5100
375
3741
2879
3147
857
2784
1144
384
4296
3490
1782
1184
262
932
3892
1507
1688
1210
4404
4842
3325
2109
5151
1720
1713
1760
1106
691
2193
4584
367
4715
1773
2377
5112
3133
1219
5374
5360
704
1011
1517
3251
4811
5041
4924
2719
3401
3738
3033
138
2088
326
2688
2749
4940
2271
2143
997
7
2545
1306
3722
2877
1814
3604
673
4589
3291
2410
1224
4558
1925
5359
2286
1462
3439
4921
3974
2427
3230
3295
1334
2154
4302
4833
1368
3391
1932
2685
1254
5384
2729
480
1138
2396
2110
1168
5356
4291
2574
4808
5164
1574
539
1824
4426
4823
2927
3757
4138
3200
5033
4425
161
3561
4580
3413
438
3513
956
3091
1453
5368
303
2325
3824
3216
2540
4125
3649
4607
2709
3448
4462
4028
4702
3273
4787
831
2302
1356
558
4920
3910
4348
572
1721
1343
2835
4072
4981
2459
1153
5027
378
2766
1022
1034
5366
3795
4163
3025
5328
3333
56
1648
2321
3351
4935
4883
2114
1902
1950
2364
3841
1888
4817
1772
2310
5209
1008
4332
246
2472
3936
4743
996
64
4037
1727
1905
5063
4916
1383
4758
4254
3542
2854
2783
2062
1709
2338
3113
1780
2191
30
1603
4374
5169
4093
1080
2254
4957
185
688
370
3381
2288
1585
3492
575
3900
1941
5388
1739
2403
1146
4549
1845
4229
3272
705
1668
3282
4477
1111
790
3139
3938
2717
2197
4966
4713
1351
681
1858
2593
2111
44
4912
4336
2342
3530
5282
300
4315
2171
3812
1830
4313
3039
807
4218
3334
2738
3030
2930
3502
3275
3672
4102
4734
2813
3600
3733
4777
3379
5084
1235
2756
3821
168
3634
3668
369
467
5085
3037
2832
2642
1260
2637
1622
3766
2361
2695
3926
4889
2634
3067
4626
4049
523
1019
4820
1849
1428
2091
4089
1170
5363
4639
2011
1977
4685
1509
1878
4101
4627
3737
1590
2050
235
3754
871
2153
1230
4328
1894
1269
2214
2794
4387
2801
3867
1703
4052
625
515
2152
5176
1281
5122
206
522
1938
4552
4208
4358
1392
2067
4791
4024
920
5390
4830
3106
3121
5268
113
5260
678
802
2425
4612
2889
475
4361
469
1182
4975
872
3019
2305
2599
3982
299
2222
2246
4949
4438
160
883
1491
3176
2439
1031
3329
3955
1695
5349
5358
5189
3817
1090
2841
132
868
2657
3287
999
3918
1959
1770
5165
3105
4754
2202
2548
2726
1917
1103
820
3132
3044
877
3083
569
4843
2673
751
3915
3501
2943
51
53
3207
528
3800
1115
211
635
4847
4206
3991
4177
3760
2133
3324
1500
5098
4506
1903
5371
3111
900
3204
3781
4139
663
543
4554
1481
2722
2747
5247
230
4933
4081
2358
2348
5117
1740
3961
3563
2095
5283
2659
4415
4486
583
4305
2941
588
1412
3775
4207
4283
2516
2282
4241
4259
2144
3244
1795
4881
2728
4737
3048
1381
922
4531
2812
1007
2256
867
4710
2098
4225
2840
4396
3193
631
4246
3057
3112
3446
3562
4897
839
5107
1468
2020
4012
4994
4169
2987
1526
870
2607
4751
3728
5375
4187
404
806
3827
17
2265
3715
88
2528
4603
4197
283
2714
5093
2537
4849
4632
1229
2360
363
2733
340
3330
155
775
2015
1834
914
815
1248
547
1365
1300
5400
2036
2283
3814
2532
3365
3238
279
1495
657
4469
3946
3108
1112
5256
4541
2962
4219
5333
2874
1486
3119
491
3577
1071
4868
4470
609
2337
2617
4725
137
1628
4172
2789
2170
909
3585
1305
1636
3842
4344
2112
2863
5298
690
2381
1567
3504
758
4932
3409
702
45
1169
2045
4507
42
1084
2674
924
4294
5311
1362
3141
4922
969
1161
5052
28
1821
4548
1662
1961
1473
3179
2640
143
5147
3875
271
4678
332
4383
3551
4655
1104
311
4687
557
1752
766
3107
5175
5109
735
1712
648
1014
1283
506
2586
641
4946
4514
2951
1692
3072
3729
3579
4937
4152
1142
184
4694
1399
2928
487
642
1431
5269
2204
3846
4120
2731
2782
1185
2568
4512
829
2662
3377
4636
1974
3166
1623
2105
1474
860
1374
776
3085
971
5060
4205
5138
5319
514
1955
4167
1719
1253
3624
3774
979
67
5158
2839
109
267
4409
905
3056
171
1188
387
917
993
825
4007
2953
3337
4352
5240
1926
337
4511
653
2066
3799
3845
2608
3794
286
4273
2932
4130
1187
2582
4164
2160
5252
586
1293
5106
2623
2380
295
2933
4803
510
4682
2275
5020
3571
1139
3617
859
2732
1578
1451
2589
1246
2888
3566
145
