301
235
749
673
812
567
133
419
155
107
137
437
881
420
848
569
789
112
286
960
481
785
539
451
501
95
327
165
931
449
186
542
247
778
553
342
694
80
544
336
822
231
145
216
413
856
52
820
890
269
345
786
793
178
986
71
368
391
844
192
721
646
94
37
261
492
99
615
428
712
499
97
411
16
326
363
251
809
130
961
325
530
441
710
741
821
135
221
89
546
93
266
693
732
824
495
321
871
915
142
686
161
271
815
313
770
948
292
497
477
280
121
889
1019
333
1007
917
597
207
566
532
7
308
163
92
478
921
992
504
558
911
371
421
767
581
797
922
971
395
681
21
426
197
250
139
57
579
343
50
153
427
763
631
574
446
522
677
670
663
103
312
669
146
289
274
86
640
952
270
1002
22
354
561
599
665
655
827
291
997
605
1013
244
464
691
39
473
445
723
592
600
459
628
330
912
750
220
10
328
885
222
30
516
528
1020
735
372
257
1028
65
978
503
764
796
633
40
995
829
703
329
527
502
702
403
999
115
500
125
184
839
847
720
196
444
674
823
479
284
619
512
743
598
891
594
933
610
792
1025
701
496
649
240
332
878
465
768
1024
996
947
309
148
958
431
883
398
407
657
109
835
850
141
63
389
571
752
432
914
311
777
116
753
745
320
536
736
461
551
964
347
985
926
208
845
900
34
994
334
565
805
729
422
814
725
149
904
1021
831
435
386
791
897
299
923
132
356
706
700
740
193
367
661
894
469
158
868
185
396
662
549
884
901
164
4
223
612
23
916
494
260
183
194
819
623
582
440
340
928
1000
975
950
620
362
379
382
943
513
314
357
118
1011
82
119
337
941
783
738
854
64
454
697
268
53
267
784
944
140
418
177
1005
888
341
406
617
376
38
122
201
658
147
358
237
699
1026
429
60
378
1027
583
780
150
412
405
344
906
788
647
69
841
276
152
300
487
737
795
625
430
491
20
924
361
397
949
239
436
355
474
679
688
293
1018
739
929
920
859
404
384
742
705
225
584
953
932
580
817
17
1010
951
233
168
8
278
548
455
873
727
409
748
290
603
305
573
176
366
541
252
15
24
668
746
629
450
678
61
1009
874
14
67
989
468
408
364
520
698
968
56
91
595
202
143
338
840
671
590
282
589
733
400
26
175
608
199
452
514
585
942
626
713
945
708
508
373
83
35
635
762
510
304
972
448
717
531
533
851
256
913
1017
488
554
606
124
719
614
159
204
538
352
858
893
41
353
560
324
265
755
877
226
243
467
33
826
215
937
6
42
966
1015
761
275
776
160
807
892
96
31
830
471
189
609
564
351
85
683
895
591
27
447
59
535
259
787
509
188
77
643
307
217
236
842
695
846
13
460
399
578
775
322
75
360
773
134
254
864
2
138
806
232
959
200
756
925
126
552
480
903
934
1023
258
613
123
234
392
863
120
529
918
540
417
627
636
938
425
5
76
988
84
484
939
666
575
984
690
117
318
794
210
212
453
393
424
696
457
622
375
18
685
919
47
910
317
576
410
526
596
415
9
568
621
285
790
369
475
505
335
245
757
648
246
458
782
104
218
323
339
349
557
255
228
32
801
170
616
388
771
772
51
861
886
758
127
181
983
262
174
36
672
438
70
962
348
1001
296
857
73
442
586
87
765
816
899
682
714
836
1004
88
19
43
507
456
297
963
869
954
896
490
72
209
180
611
108
439
154
131
1
287
111
195
769
157
401
277
162
882
319
506
303
855
470
642
711
955
62
316
654
802
272
58
1003
54
946
114
45
559
728
213
381
224
264
543
331
898
692
1016
156
227
660
967
12
518
214
602
979
238
774
66
298
760
483
930
524
434
974
977
550
704
151
211
294
853
172
81
253
350
754
28
534
98
634
182
359
747
555
927
998
570
687
545
876
110
716
1022
101
991
800
907
402
940
100
852
380
55
709
667
525
273
3
838
476
191
572
203
295
205
751
463
472
639
879
171
834
798
887
206
482
759
638
242
374
485
1014
637
346
74
370
466
970
779
511
443
993
908
167
872
283
630
46
230
936
25
288
1006
828
423
659
650
493
973
144
707
987
310
198
731
811
680
556
982
718
547
676
981
263
248
833
652
128
486
808
656
306
521
136
187
909
976
179
651
766
905
498
489
169
865
129
385
577
48
724
517
875
867
68
1012
44
537
813
387
105
279
281
587
624
390
462
78
866
90
825
969
843
519
79
249
190
641
832
781
744
49
980
862
734
607
689
726
219
113
102
29
593
664
414
880
675
315
515
653
433
965
849
106
1008
618
935
722
837
990
632
601
803
730
