1365
3433
1144
1235
5198
1963
838
886
1788
4191
3459
2797
557
708
4804
1266
4024
2720
4957
4125
5380
596
4550
1101
3269
5326
5139
1106
698
1130
1223
5036
3618
2296
4158
3188
175
3171
4544
3125
5348
1055
5389
5285
1406
3591
1233
3877
1732
4175
4720
478
4343
4878
1505
3133
2689
3451
2332
4941
1073
1655
1006
4207
4864
5199
5178
4545
1335
5372
3961
2732
3843
209
1363
4107
3758
5100
1148
4030
4570
2221
4415
3115
778
2845
4397
101
1186
1913
2108
512
2925
3080
4181
1540
87
2198
2950
1570
1021
3262
2857
4126
261
3583
1072
2630
3300
2204
2170
2864
890
689
301
1701
918
4761
4031
5333
705
4726
1945
1743
2842
2701
3200
971
4208
2673
2854
1322
1529
4547
2621
2291
2822
3512
1713
2328
5056
3632
660
5187
4623
2495
2741
4840
4065
1853
2173
2101
461
1672
3739
1495
2722
2885
3820
1878
1952
2399
2704
2736
1408
1592
3376
484
4280
123
2700
3437
60
2506
5228
410
3334
1463
4776
1467
424
195
2276
326
412
3443
612
2055
1313
4880
2790
4164
4017
986
4894
1453
532
3617
1629
4639
2457
1673
4190
4725
4317
2808
3837
4843
2660
1666
218
2691
3874
746
4166
3978
1912
739
2745
1610
1901
4308
802
878
3866
4447
3744
2109
118
4162
1492
3363
2295
1177
3886
4105
5010
4214
358
3238
3160
2501
308
4093
4398
5382
1098
944
107
3083
4323
2592
4574
519
4066
5067
3522
3178
4727
3054
518
4133
4016
1428
570
2658
1287
885
936
1275
2171
4088
1395
4848
995
1441
4580
4641
4817
4247
4548
1982
4110
2492
122
4197
151
2318
3687
3607
229
1360
2067
202
176
2129
5262
1027
274
2892
2718
3073
4700
2134
4212
12
1075
140
1496
3265
2152
2908
2587
1942
2113
3659
1885
862
835
2947
4710
249
3325
272
4492
4325
2360
865
567
3587
4155
224
3698
4365
2827
1674
2978
3673
1269
3556
2312
198
2381
2479
3
4949
3549
2480
3571
1631
2651
1149
233
3148
4757
627
4425
4480
1770
1240
4442
3621
3374
514
5138
1359
1009
1297
3075
5032
1440
1968
3952
4049
4524
5346
2231
1116
1825
2707
4535
1830
792
244
5356
2818
4755
505
2100
1468
2951
1845
1356
2625
5157
5386
2222
4918
4462
2058
1559
3701
4909
2537
1211
159
3616
