2511
3197
4713
2337
32
5400
3542
2555
3881
4079
3543
317
3500
4649
1066
3424
4852
2314
4438
3428
1553
4129
278
4589
4276
98
2260
4358
3366
2122
2770
3524
5377
3759
921
3072
2261
4150
4588
3061
1772
4785
5361
169
5089
4013
3992
1815
11
4871
394
4476
1504
2469
3600
84
4299
1515
97
335
2481
2285
2240
1058
2196
2386
3319
3302
2008
3412
4215
848
457
390
2513
3348
5206
2685
2385
683
1587
4232
1551
1184
2237
4657
2342
2971
1192
3563
4807
3120
1744
2903
4487
47
857
3328
2519
4263
4504
1487
1747
3727
5208
3875
180
18
5088
2356
5202
1411
1888
2929
2502
3630
75
1641
3870
4737
1789
1264
2408
2126
4333
1261
564
1990
4814
2094
3826
4250
1368
4439
113
3986
373
4907
3214
692
2597
4812
4440
2177
529
5068
1131
1614
5184
2077
1997
1756
757
1857
3575
3784
5321
2089
4172
3795
2322
2681
1281
2930
4551
1898
4182
4994
3912
4465
369
3974
3934
902
3567
2303
2813
2800
1414
4113
1960
1288
5109
2890
1578
70
3011
2710
966
4000
1222
922
2394
2833
648
4047
2414
565
2440
1402
2671
4351
4609
160
3131
1537
1413
2826
4095
1082
2624
4566
3353
4577
4456
362
5073
4901
3647
2898
438
71
3757
1115
694
736
1393
1919
1941
442
3048
374
4033
5173
95
542
3606
1866
1047
2398
644
663
790
2680
1129
4914
4868
2465
2944
1171
754
2393
5327
3407
2305
3816
3960
1455
4151
2881
1793
2257
2963
2370
4216
3812
1931
3768
1133
4309
2265
4540
3702
4027
1879
3918
2279
3555
121
1797
3534
5039
985
2940
1816
4516
5351
413
1442
4412
507
3806
3338
1069
661
1387
1289
4441
3578
5071
4682
1870
4481
254
728
756
2959
1733
299
697
1798
1373
2425
3336
934
282
5060
3026
1573
3597
2661
646
5242
2739
5189
4520
3324
2446
929
4526
5113
3068
4976
2648
1197
1590
4114
1045
907
3129
76
4267
2293
3840
1821
1168
3137
2362
2768
5286
2970
1554
5258
614
1841
5029
4618
100
4956
3070
2169
16
1736
4943
4454
3983
541
1213
2518
3657
4873
1
2932
2161
1372
1507
3507
1226
1595
1591
686
5227
2747
4680
5231
5314
2599
2060
2443
1189
1425
3388
296
1720
4530
4644
2772
1185
4671
4784
1383
319
502
808
1652
3847
4292
4600
533
4254
2018
5302
2444
3113
5298
205
5312
4744
1940
3845
3925
2015
3218
1169
2287
3869
1710
625
2250
4753
2329
4616
3860
2232
4693
1890
27
1206
21
1833
2043
5291
1126
2536
4177
3445
3041
2195
365
875
4970
769
400
1905
3164
2148
4335
3463
1746
3224
1120
1064
2684
4575
4424
2948
956
1976
2520
5150
3588
5110
4701
926
226
74
4183
2390
3518
223
2533
2115
4558
1203
337
4675
5339
811
1061
4643
4347
5108
45
3694
5120
5023
2709
269
3450
2788
2406
4983
3009
3222
823
1102
993
876
2547
3851
597
20
5087
1675
2889
2654
1052
2372
4670
4369
3746
2159
4668
253
906
2120
3240
2395
3389
4044
1575
3015
3306
4081
4048
4443
991
1081
4195
3151
6
3547
4768
582
2489
4529
3717
1030
5162
521
2795
725
4368
357
949
3088
1292
817
5404
5278
2063
2844
3100
3936
37
4867
3832
4844
3431
2907
4371
4933
1979
126
4630
785
5292
912
2476
730
4435
4236
4617
4014
4955
655
1820
657
4306
2994
2004
2558
4839
531
3253
434
4160
3154
1729
3279
2796
5079
4608
2655
3349
4614
2850
2011
4479
1601
810
428
1076
2099
3948
1034
3179
4789
1891
5179
1135
1725
2410
4341
2135
2421
5204
2368
1582
2098
3922
4302
3161
3107
3031
4842
44
3629
1042
3513
1028
1846
4538
14
2064
3790
2454
3789
3615
145
1231
3263
3440
4825
29
3541
3704
829
1774
5311
909
2528
4138
2211
5190
2798
73
3014
305
734
3361
3243
208
4375
4122
4338
1645
1111
267
345
2086
3989
2610
1861
4349
3648
4130
1665
3458
3182
1773
4246
4652
3719
5130
2698
573
548
1847
5325
1151
664
688
988
5284
1754
5004
3558
2192
1867
414
4721
474
3421
3226
1488
645
150
2906
4457
2972
1340
3509
188
3194
3359
5125
3799
709
2036
1699
68
4403
1561
4950
3528
910
2230
3449
2007
2728
4458
2268
212
2350
4517
2076
4824
2210
3297
228
225
2877
4715
1499
2539
805
4760
2927
3314
3582
935
178
3595
109
5017
668
3089
5344
2712
5405
1157
3577
4553
5373
893
3590
1951
2821
5354
177
873
3914
5385
381
2272
5335
2612
4080
4931
3111
637
1417
3693
959
4651
2081
4661
1764
327
2941
5371
92
2455
752
2264
4557
5269
5315
867
1016
5370
3123
1087
2331
4213
1704
2839
1581
2274
4702
1443
2220
2199
3939
2302
5102
355
4002
1737
3245
4316
3401
5146
2516
842
137
4496
1911
2363
366
2882
273
4396
5281
594
3763
4310
4594
5334
120
2576
158
5219
2801
2103
2667
3825
797
1339
1458
4261
1263
4511
3435
2144
4703
4782
979
4559
1470
1361
2786
4567
4006
1693
768
4383
2073
1850
2056
1564
395
759
4885
4999
4762
2675
4800
147
4228
3261
524
2166
3807
4650
2286
3569
3394
59
1427
129
1972
2335
4471
1653
851
3275
3187
3233
4235
2154
4360
3953
3411
2053
2987
1316
982
3140
4578
1855
4859
2792
3078
5390
67
340
774
721
3142
2886
999
2153
1024
343
920
4314
1180
241
4032
4275
2009
1806
5255
1893
599
257
741
491
1227
4739
5317
3745
179
1935
5352
3741
375
2172
5176
4112
3461
3891
3266
5201
1640
4287
3364
4861
3969
4035
706
441
681
1134
4082
3291
2405
3915
3737
609
2757
2843
17
5300
2049
5226
5252
490
3868
3132
510
219
864
1958
1154
4860
945
4749
