4872
4998
3943
5128
152
2991
4884
4572
4343
4133
2843
2011
3904
3630
4018
4186
2296
5364
4117
2745
3944
3131
1903
4348
141
1097
1345
5286
354
2393
397
1269
2756
3998
2897
211
441
2264
3976
603
885
5040
665
588
2800
4436
4422
2528
4782
407
1259
4515
1541
709
4798
5071
98
5370
3295
1768
5111
758
3574
2082
364
2598
2329
998
3549
1742
3355
1481
3259
4478
347
1929
3955
3748
1511
282
4823
1789
363
443
4217
3564
3238
2067
4439
4578
3031
438
1594
4380
5327
3357
245
2811
4184
880
2401
857
3628
1899
2219
3230
1208
4813
3980
3408
1480
1431
2659
852
2603
481
1955
3890
2352
2855
3883
4976
1239
4265
3994
4551
779
2727
4942
5145
2984
3147
5158
4593
3836
2630
3933
811
3620
2161
2911
2416
3650
698
2680
3967
2300
3094
2867
1090
2817
985
101
4260
4142
2737
3947
162
3559
4596
5233
1569
4250
1873
4766
1223
2187
2854
741
188
42
5329
3987
2711
2556
3494
2792
596
3627
1051
3662
1549
3729
1930
614
2062
4111
1923
1677
3802
1907
3601
4286
2285
4192
4763
2683
5294
396
2283
3550
53
1034
2490
4660
3734
251
2074
3118
1394
1199
2284
5275
1237
2828
5228
2840
3876
3140
1614
894
1365
483
1258
189
4275
4874
2170
4411
2370
1421
4076
5260
1868
2565
4468
3977
4141
4636
1328
4158
1706
3187
3830
835
5059
1108
4234
2407
223
2395
1243
4643
3621
4920
888
1646
4815
3645
4525
770
944
3508
1369
2504
1339
21
4068
4060
4613
3324
1091
4857
4397
2278
3177
352
2274
1851
2567
1977
2072
4571
4242
1598
1751
227
2124
1746
4475
4686
2079
3074
5300
1395
2238
2777
3253
1910
4231
264
1969
1664
4249
4011
3417
2419
669
4353
3428
796
2027
5009
2293
3149
607
3464
1022
2606
1373
135
1010
3704
5388
1358
2600
2480
4894
442
2869
1130
799
5355
1495
2327
4732
1900
4440
5208
4222
4172
4975
4365
1802
387
906
2541
529
4683
4155
847
5193
5216
2415
5195
1499
104
1036
1818
2227
2215
1298
5328
731
3794
1672
904
3300
1311
2775
4137
4982
3964
1120
2429
4252
2653
1076
1847
4349
346
2858
1922
328
787
1979
2195
440
969
4626
1141
2995
1939
5162
1281
4597
3591
4550
3844
286
3687
766
4313
790
1486
1694
1690
