3
20
21
26
27
30
33
38
40
42
60
61
76
98
100
102
104
116
117
118
130
131
135
143
147
161
186
194
208
212
217
222
224
234
239
240
241
242
251
257
261
263
269
272
295
301
303
307
309
311
315
326
329
333
349
352
353
355
358
362
363
364
374
377
379
380
387
391
393
394
398
399
405
408
419
422
425
428
429
432
436
438
440
451
452
455
460
470
477
482
492
494
496
502
507
519
520
521
533
537
538
539
545
549
550
553
559
566
567
572
580
582
585
590
593
604
605
612
613
614
634
636
637
649
652
653
666
667
670
676
680
685
689
703
714
717
727
728
733
737
747
749
762
774
780
785
788
791
793
800
801
804
805
808
810
814
819
820
825
831
835
840
854
859
871
872
877
886
887
888
895
906
911
912
915
916
918
919
953
955
958
962
967
972
977
989
991
994
995
1010
1011
1013
1015
1018
1019
1020
