1
2
3
4
5
6
7
9
11
12
13
14
15
16
17
18
19
20
21
22
23
24
25
26
28
29
30
32
33
34
36
37
39
41
43
44
45
46
47
48
49
50
51
52
55
56
57
58
60
61
62
63
64
65
66
67
68
69
70
71
72
73
74
75
76
77
78
79
80
81
82
83
84
85
86
88
90
92
93
94
96
97
98
99
100
101
103
104
105
106
109
110
111
112
113
114
115
117
119
120
121
122
123
124
125
126
127
128
130
132
134
135
136
137
138
139
140
141
142
145
146
147
148
149
150
151
153
155
156
157
158
159
160
161
162
163
164
165
166
167
168
169
170
171
172
173
174
175
176
178
181
183
184
185
186
187
188
189
190
191
192
194
195
196
197
198
199
200
201
202
203
204
205
206
207
208
209
210
212
213
214
215
216
217
218
219
220
221
222
223
224
225
226
227
228
229
230
232
233
234
236
237
238
239
240
241
242
243
244
245
246
247
249
251
252
254
255
256
257
258
260
262
263
265
266
267
268
269
270
271
272
273
274
275
276
277
278
279
280
281
282
283
284
285
287
288
289
290
291
293
294
296
297
301
304
305
306
307
308
309
311
312
313
314
315
316
318
319
320
321
322
323
324
325
326
327
328
329
330
331
332
333
334
335
336
337
339
340
341
342
344
345
346
348
349
350
351
352
354
355
356
357
358
360
362
363
364
365
366
367
368
369
370
371
372
373
374
375
377
378
379
380
381
382
383
386
387
388
389
390
391
392
393
394
395
396
397
400
401
402
403
405
406
407
409
411
413
414
415
416
417
418
419
420
422
424
425
426
427
429
430
431
432
433
434
437
438
440
441
442
443
445
446
449
451
452
453
454
455
456
457
458
460
461
462
463
464
465
466
467
469
470
471
472
473
475
477
478
479
480
481
483
484
485
486
487
488
489
491
492
493
495
498
499
500
502
503
504
505
506
507
508
510
511
512
514
515
516
517
518
519
520
521
522
524
525
527
528
529
530
531
532
533
534
535
536
537
538
540
541
542
543
544
545
546
547
549
550
551
553
554
555
556
557
559
560
561
563
564
565
566
568
569
570
571
572
573
574
575
576
577
578
579
580
582
583
584
586
587
588
589
591
592
593
595
596
597
598
599
600
601
602
603
604
605
606
607
608
609
610
612
613
614
615
619
620
621
623
624
625
626
627
628
629
630
631
632
633
635
636
637
638
641
644
645
646
647
648
649
650
651
652
653
654
655
656
657
658
659
660
661
662
664
665
666
668
669
670
671
672
673
674
675
676
678
679
680
681
682
684
687
688
689
690
691
692
693
694
696
697
698
699
700
701
702
703
704
705
706
707
708
709
710
712
713
714
715
716
717
718
719
721
722
723
724
725
726
727
728
729
731
732
733
734
735
737
738
739
741
742
743
744
745
747
748
749
750
752
753
754
755
758
759
760
761
762
765
766
767
768
769
770
772
774
775
776
777
778
780
781
782
783
784
785
786
788
789
790
791
792
794
795
796
797
798
799
801
802
803
804
805
807
808
809
810
811
813
815
818
819
820
822
823
824
826
827
828
829
830
831
832
834
835
836
837
838
840
841
842
844
845
846
848
849
850
851
852
853
854
855
856
857
858
861
862
863
864
865
866
868
869
871
872
874
876
878
879
880
881
882
883
884
885
887
889
890
891
892
893
894
895
897
899
900
901
904
906
907
908
909
910
912
913
914
915
916
917
919
920
922
923
925
926
927
929
930
931
932
934
935
936
937
938
939
940
942
943
944
945
946
947
948
949
950
952
954
955
956
957
958
959
960
961
962
963
964
966
967
968
969
970
971
973
975
976
977
979
980
981
982
983
984
985
986
987
988
989
990
992
993
994
995
996
997
998
999
1000
1001
1002
1003
1004
1005
1007
1008
1009
1010
1011
1012
1013
1014
1015
1016
1017
1019
1020
1021
1022
1023
1024
1025
1026
1028
0
