2
3
5
6
8
10
16
17
18
19
20
21
23
24
26
28
30
32
33
35
38
40
41
42
43
49
50
53
54
55
58
59
60
61
62
68
71
72
74
75
76
77
81
87
89
90
94
95
96
98
100
102
103
104
105
106
107
108
112
115
116
117
121
123
126
127
128
129
130
135
141
142
143
144
146
147
152
153
154
157
160
161
162
163
165
166
167
168
172
173
174
176
177
178
180
182
183
186
189
193
194
195
200
204
205
208
211
212
213
215
217
218
220
221
222
224
225
231
233
234
235
236
239
240
241
242
245
248
251
253
254
258
259
260
261
263
264
265
266
267
269
271
272
274
283
285
286
288
289
292
295
296
297
298
299
300
302
303
304
306
307
309
310
311
314
315
316
317
323
324
325
326
328
329
332
333
336
337
338
342
344
345
347
349
351
352
353
356
357
358
359
360
361
362
363
364
368
370
371
374
376
377
379
380
381
382
383
384
385
386
387
388
391
392
393
394
395
396
397
398
399
400
404
405
407
408
410
411
412
417
418
419
421
422
425
429
431
432
433
435
436
438
439
440
442
443
444
445
447
448
450
451
452
454
455
456
459
463
464
466
467
468
470
471
474
476
477
479
482
483
490
492
493
494
496
498
499
502
504
507
508
509
510
513
514
515
518
519
520
521
522
523
525
526
527
531
532
534
535
537
538
541
548
549
550
552
553
558
559
560
562
563
566
569
570
571
572
573
575
576
580
581
582
585
589
590
592
593
594
595
596
598
604
605
606
608
611
612
613
614
616
617
619
620
621
625
635
636
637
638
639
640
641
642
643
646
647
648
649
650
651
652
653
656
658
663
664
666
667
669
670
673
674
675
676
677
680
682
684
685
686
687
688
689
690
691
695
698
699
701
703
704
705
706
707
711
712
713
714
715
717
719
720
721
727
728
730
731
732
733
736
737
740
743
744
746
747
748
749
750
753
755
756
757
758
762
763
764
765
766
767
771
773
774
777
778
780
781
782
783
784
785
787
788
791
792
795
796
798
800
801
803
804
805
806
808
809
810
812
814
815
816
817
819
820
821
824
825
828
829
831
832
833
834
839
840
843
845
847
850
852
854
855
857
858
860
861
864
865
866
867
869
870
871
872
873
880
882
887
889
893
895
896
898
899
902
903
905
906
907
909
910
911
912
913
915
916
917
918
919
921
923
924
925
928
930
931
933
934
935
938
940
941
944
948
949
950
955
956
958
960
962
963
964
965
966
967
968
969
971
974
975
976
977
978
984
985
986
988
989
991
994
995
998
1001
1004
1005
1006
1008
1009
1010
1011
1012
1013
1014
1015
1016
1017
1018
1019
1020
1022
1023
1024
1026
1027
